3 0.565625 0.0333333 0.58125 0.0680556 0.538281 0.129167 0.522656 0.0944444
3 0.525 0.230556 0.5 0.254167 0.467969 0.15 0.492969 0.125
3 0.539844 0.136111 0.584375 0.202778 0.565625 0.243056 0.521094 0.176389
2 0.548438 0.209722 0.561719 0.258333 0.499219 0.315278 0.485156 0.266667
0 0.607031 0.123611 0.620313 0.140278 0.549219 0.325 0.535937 0.308333
2 0.563281 0.511111 0.635156 0.511111 0.635156 0.558333 0.563281 0.558333
0 0.64375 0.154167 0.738281 0.326389 0.719531 0.358333 0.625781 0.186111
2 0.780469 0.351389 0.7625 0.373611 0.728906 0.2875 0.746875 0.265278
2 0.733594 0.484722 0.75625 0.513889 0.721094 0.605556 0.697656 0.577778
2 0.786719 0.426389 0.821875 0.491667 0.803125 0.523611 0.767969 0.458333
2 0.835156 0.3125 0.889844 0.3125 0.889844 0.347222 0.835156 0.347222
2 0.883594 0.188889 0.913281 0.272222 0.888281 0.301389 0.857812 0.218056
3 0.933594 0.408333 0.9125 0.429167 0.889844 0.356944 0.911719 0.336111
2 0.604688 0.922222 0.563281 0.998611 0.542188 0.961111 0.583594 0.886111
3 0.779687 0.901389 0.811719 0.901389 0.811719 0.981944 0.779687 0.981944
2 0.804688 0.9 0.821875 0.9 0.821875 0.995833 0.804688 0.995833
0 0.957812 0.618056 0.978125 0.636111 0.928906 0.808333 0.908594 0.790278
2 0.948438 0.588889 0.970313 0.606944 0.949219 0.6875 0.927344 0.669444
3 0.980469 0.679167 0.997656 0.679167 0.997656 0.765278 0.980469 0.765278
2 0.992969 0.815278 0.975781 0.825 0.958594 0.726389 0.975781 0.716667
0 0.9 0.456944 0.990625 0.505556 0.983594 0.544444 0.89375 0.494444
2 0.977344 0.218056 0.992969 0.238889 0.959375 0.315278 0.94375 0.294444
