2 0.342187 0.686111 0.323437 0.708333 0.294531 0.633333 0.313281 0.611111
2 0.447656 0.00138889 0.485938 0.00138889 0.485938 0.05 0.447656 0.05
2 0.510938 0.0625 0.527344 0.0625 0.527344 0.136111 0.510938 0.136111
0 0.621875 0.106944 0.53125 0.123611 0.528906 0.0916667 0.620313 0.075
2 0.59375 0.126389 0.550781 0.163889 0.540625 0.126389 0.583594 0.0888889
1 0.525781 0.126389 0.640625 0.195833 0.630469 0.247222 0.515625 0.177778
0 0.585156 0.3125 0.567969 0.3375 0.509375 0.213889 0.525781 0.188889
0 0.6 0.329167 0.584375 0.345833 0.534375 0.202778 0.549219 0.186111
0 0.616406 0.315278 0.600781 0.336111 0.55 0.213889 0.564844 0.193056
2 0.642969 0.2875 0.626563 0.311111 0.603906 0.263889 0.620313 0.238889
0 0.632031 0.215278 0.646875 0.215278 0.646875 0.338889 0.632031 0.338889
2 0.696094 0.243056 0.675781 0.258333 0.659375 0.190278 0.679688 0.175
2 0.652344 0.265278 0.667188 0.279167 0.655469 0.318056 0.640625 0.304167
2 0.710938 0.304167 0.674219 0.348611 0.663281 0.319444 0.7 0.275
2 0.647656 0.354167 0.663281 0.384722 0.642969 0.419444 0.627344 0.390278
2 0.671875 0.0791667 0.6875 0.0819444 0.684375 0.147222 0.66875 0.144444
2 0.701562 0.105556 0.714063 0.130556 0.685937 0.176389 0.673438 0.151389
2 0.716406 0.118056 0.728906 0.145833 0.696094 0.193056 0.683594 0.163889
2 0.700781 0.163889 0.74375 0.181944 0.738281 0.225 0.695312 0.208333
2 0.746875 0.188889 0.760156 0.218056 0.723437 0.269444 0.710156 0.240278
0 0.715625 0.219444 0.7 0.243056 0.6375 0.111111 0.653125 0.0875
3 0.773438 0.276389 0.754687 0.304167 0.730469 0.252778 0.749219 0.225
3 0.79375 0.3 0.767188 0.304167 0.763281 0.234722 0.789844 0.230556
2 0.813281 0.286111 0.797656 0.297222 0.783594 0.238889 0.799219 0.227778
1 0.900781 0.3875 0.748437 0.415278 0.745313 0.363889 0.897656 0.336111
3 0.9 0.333333 0.876563 0.355556 0.853906 0.281944 0.877344 0.259722
1 0.952344 0.498611 0.922656 0.540278 0.867969 0.415278 0.897656 0.373611
1 0.969531 0.405556 1 0.405556 1 0.481944 0.969531 0.481944
3 0.71875 0.302778 0.739062 0.302778 0.739062 0.334722 0.71875 0.334722
3 0.846875 0.415278 0.816406 0.452778 0.805469 0.426389 0.836719 0.388889
3 0.784375 0.486111 0.766406 0.5 0.750781 0.434722 0.76875 0.420833
3 0.853125 0.497222 0.834375 0.525 0.807813 0.468056 0.826562 0.440278
2 0.882031 0.418056 0.892188 0.45 0.845313 0.498611 0.834375 0.466667
2 0.921094 0.559722 0.896875 0.573611 0.880469 0.477778 0.904687 0.463889
2 0.903906 0.547222 0.883594 0.566667 0.855469 0.475 0.876563 0.455556
3 0.794531 0.502778 0.816406 0.515278 0.803125 0.591667 0.78125 0.579167
3 0.807813 0.543056 0.832812 0.554167 0.822656 0.626389 0.797656 0.615278
2 0.841406 0.533333 0.820312 0.559722 0.792188 0.486111 0.813281 0.459722
0 0.685937 0.368056 0.8125 0.405556 0.809375 0.440278 0.682813 0.401389
2 0.703125 0.354167 0.739062 0.354167 0.739062 0.388889 0.703125 0.388889
3 0.969531 0.6 0.942969 0.613889 0.927344 0.525 0.953906 0.509722
3 0.703125 0.498611 0.745313 0.513889 0.740625 0.556944 0.698438 0.541667
0 0.778906 0.630556 0.7625 0.638889 0.727344 0.4375 0.74375 0.429167
0 0.805469 0.623611 0.78125 0.644444 0.735156 0.469444 0.759375 0.45
2 0.876563 0.534722 0.9 0.551389 0.877344 0.648611 0.853906 0.630556
2 0.892188 0.561111 0.914844 0.588889 0.882812 0.673611 0.860156 0.645833
3 0.942187 0.630556 0.891406 0.658333 0.884375 0.618056 0.935156 0.590278
0 0.835156 0.565278 0.855469 0.597222 0.796094 0.718056 0.775781 0.686111
2 0.714844 0.438889 0.735938 0.459722 0.725781 0.494444 0.704688 0.473611
2 0.773438 0.422222 0.794531 0.422222 0.794531 0.458333 0.773438 0.458333
