2 0.603906 0.191667 0.635156 0.191667 0.635156 0.215278 0.603906 0.215278
2 0.575 0.561111 0.597656 0.561111 0.597656 0.611111 0.575 0.611111
2 0.800781 0.291667 0.849219 0.291667 0.849219 0.327778 0.800781 0.327778
2 0.721094 0.440278 0.692187 0.456944 0.6875 0.429167 0.716406 0.413889
3 0.753125 0.402778 0.720313 0.434722 0.709375 0.4 0.742188 0.368056
2 0.679688 0.468056 0.713281 0.493056 0.707031 0.520833 0.672656 0.494444
0 0.655469 0.483333 0.729688 0.509722 0.725781 0.541667 0.651563 0.513889
0 0.674219 0.5375 0.609375 0.538889 0.608594 0.513889 0.673438 0.5125
2 0.757812 0.608333 0.738281 0.623611 0.721875 0.554167 0.741406 0.540278
1 0.641406 0.773611 0.734375 0.843056 0.723437 0.8875 0.630469 0.818056
0 0.816406 0.452778 0.917188 0.527778 0.909375 0.563889 0.807813 0.4875
2 0.880469 0.590278 0.826562 0.620833 0.820312 0.584722 0.874219 0.554167
0 0.864062 0.627778 0.884375 0.644444 0.835156 0.840278 0.814844 0.823611
2 0.909375 0.683333 0.867969 0.759722 0.85 0.729167 0.891406 0.652778
2 0.800781 0.845833 0.825781 0.845833 0.825781 0.940278 0.800781 0.940278
3 0.911719 0.859722 0.860938 0.877778 0.855469 0.827778 0.90625 0.809722
0 0.957812 0.602778 0.975781 0.638889 0.878906 0.790278 0.860938 0.754167
2 0.955469 0.743056 0.999219 0.743056 0.999219 0.805556 0.955469 0.805556
2 0.994531 0.863889 0.941406 0.893056 0.934375 0.852778 0.9875 0.823611
0 0.969531 0.979167 0.948438 0.997222 0.900781 0.813889 0.922656 0.795833
0 0.999219 0.202778 0.978906 0.240278 0.907813 0.116667 0.927344 0.0805556
0 0.675 0.783333 0.56875 0.802778 0.566406 0.763889 0.672656 0.744444
