1 0.510938 0.652778 0.474219 0.688889 0.464844 0.658333 0.501563 0.622222
0 0.500781 0.618056 0.419531 0.631944 0.41875 0.609722 0.5 0.595833
0 0.496094 0.608333 0.5 0.633333 0.424219 0.670833 0.420312 0.645833
1 0.607812 0.758333 0.59375 0.784722 0.553125 0.713889 0.567187 0.688889
0 0.591406 0.652778 0.60625 0.652778 0.60625 0.715278 0.591406 0.715278
1 0.569531 0.609722 0.621875 0.629167 0.617188 0.663889 0.564844 0.643056
3 0.5375 0.5125 0.564063 0.5125 0.564063 0.538889 0.5375 0.538889
3 0.539062 0.486111 0.567187 0.486111 0.567187 0.515278 0.539062 0.515278
3 0.576562 0.508333 0.59375 0.508333 0.59375 0.548611 0.576562 0.548611
2 0.561719 0.518056 0.573438 0.518056 0.573438 0.554167 0.561719 0.554167
0 0.638281 0.459722 0.654687 0.468056 0.632031 0.594444 0.615625 0.586111
2 0.700781 0.495833 0.667969 0.513889 0.663281 0.486111 0.696094 0.468056
3 0.7375 0.397222 0.752344 0.4 0.749219 0.451389 0.733594 0.448611
2 0.745313 0.393056 0.757812 0.393056 0.757812 0.458333 0.745313 0.458333
2 0.677344 0.448611 0.707812 0.448611 0.707812 0.475 0.677344 0.475
0 0.696875 0.361111 0.711719 0.377778 0.671875 0.4875 0.657813 0.470833
3 0.73125 0.320833 0.760156 0.320833 0.760156 0.366667 0.73125 0.366667
3 0.707812 0.347222 0.726562 0.347222 0.726562 0.395833 0.707812 0.395833
3 0.714063 0.215278 0.736719 0.215278 0.736719 0.254167 0.714063 0.254167
0 0.625781 0.105556 0.642969 0.105556 0.642969 0.256944 0.625781 0.256944
0 0.654687 0.220833 0.664844 0.240278 0.608594 0.3375 0.599219 0.318056
3 0.644531 0.336111 0.617188 0.35 0.611719 0.319444 0.639062 0.304167
1 0.529687 0.306944 0.513281 0.341667 0.429688 0.220833 0.445312 0.186111
0 0.557813 0.240278 0.572656 0.254167 0.533594 0.379167 0.51875 0.365278
0 0.59375 0.166667 0.603906 0.188889 0.540625 0.279167 0.530469 0.255556
0 0.567187 0.255556 0.582031 0.261111 0.565625 0.397222 0.550781 0.393056
0 0.56875 0.329167 0.585156 0.333333 0.575 0.468056 0.557813 0.463889
3 0.532031 0.35 0.549219 0.35 0.549219 0.404167 0.532031 0.404167
3 0.516406 0.411111 0.550781 0.411111 0.550781 0.441667 0.516406 0.441667
3 0.547656 0.388889 0.566406 0.388889 0.566406 0.433333 0.547656 0.433333
0 0.638281 0.351389 0.578906 0.383333 0.575781 0.365278 0.635156 0.333333
2 0.617188 0.373611 0.588281 0.402778 0.58125 0.379167 0.610156 0.351389
0 0.692187 0.329167 0.614844 0.3875 0.609375 0.365278 0.686719 0.306944
0 0.675 0.236111 0.685937 0.25 0.635938 0.379167 0.625 0.365278
0 0.699219 0.323611 0.705469 0.344444 0.632812 0.411111 0.627344 0.390278
3 0.625 0.363889 0.651563 0.363889 0.651563 0.4 0.625 0.4
3 0.585156 0.4 0.603125 0.4 0.603125 0.444444 0.585156 0.444444
3 0.608594 0.425 0.625 0.425 0.625 0.469444 0.608594 0.469444
2 0.6 0.406944 0.611719 0.406944 0.611719 0.476389 0.6 0.476389
2 0.571875 0.463889 0.602344 0.463889 0.602344 0.4875 0.571875 0.4875
2 0.613281 0.461111 0.635938 0.483333 0.629687 0.502778 0.607031 0.480556
2 0.546875 0.315278 0.561719 0.320833 0.55625 0.366667 0.541406 0.361111
2 0.6375 0.411111 0.624219 0.431944 0.602344 0.386111 0.616406 0.366667
2 0.605469 0.481944 0.619531 0.481944 0.619531 0.541667 0.605469 0.541667
2 0.654687 0.448611 0.641406 0.463889 0.625781 0.423611 0.638281 0.406944
