0 0.321875 0.397222 0.309375 0.402778 0.300781 0.322222 0.313281 0.316667
2 0.392969 0.0986111 0.410156 0.0986111 0.410156 0.136111 0.392969 0.136111
3 0.569531 0.0847222 0.589844 0.0847222 0.589844 0.108333 0.569531 0.108333
2 0.532813 0.111111 0.54375 0.111111 0.54375 0.151389 0.532813 0.151389
2 0.6625 0.0958333 0.671875 0.111111 0.65625 0.1375 0.647656 0.122222
0 0.428125 0.1875 0.476562 0.191667 0.475781 0.2125 0.427344 0.208333
2 0.457813 0.204167 0.48125 0.204167 0.48125 0.219444 0.457813 0.219444
2 0.460938 0.215278 0.485156 0.215278 0.485156 0.227778 0.460938 0.227778
2 0.485156 0.231944 0.461719 0.241667 0.459375 0.225 0.483594 0.216667
2 0.5 0.227778 0.48125 0.243056 0.478906 0.230556 0.496875 0.215278
0 0.507812 0.238889 0.458594 0.256944 0.457031 0.240278 0.505469 0.223611
2 0.501563 0.270833 0.492969 0.277778 0.482812 0.243056 0.490625 0.234722
0 0.539844 0.190278 0.547656 0.202778 0.516406 0.268056 0.508594 0.255556
2 0.646094 0.168056 0.65625 0.169444 0.653906 0.208333 0.644531 0.206944
3 0.61875 0.138889 0.627344 0.152778 0.615625 0.176389 0.60625 0.1625
3 0.598437 0.163889 0.607031 0.173611 0.6 0.198611 0.590625 0.188889
3 0.629687 0.209722 0.621094 0.216667 0.614062 0.183333 0.623437 0.176389
2 0.603906 0.183333 0.609375 0.197222 0.592187 0.222222 0.585938 0.208333
2 0.6 0.201389 0.605469 0.213889 0.5875 0.2375 0.582031 0.225
2 0.610938 0.208333 0.619531 0.218056 0.609375 0.252778 0.6 0.243056
0 0.611719 0.183333 0.61875 0.191667 0.598437 0.258333 0.590625 0.25
3 0.569531 0.218056 0.58125 0.218056 0.58125 0.244444 0.569531 0.244444
2 0.610156 0.252778 0.634375 0.265278 0.63125 0.281944 0.607812 0.269444
0 0.670312 0.302778 0.611719 0.325 0.610156 0.305556 0.667969 0.284722
3 0.650781 0.265278 0.667188 0.265278 0.667188 0.293056 0.650781 0.293056
2 0.679688 0.286111 0.683594 0.298611 0.661719 0.323611 0.657031 0.311111
3 0.6875 0.318056 0.667969 0.336111 0.6625 0.316667 0.68125 0.298611
2 0.463281 0.304167 0.454688 0.313889 0.441406 0.280556 0.45 0.269444
2 0.460938 0.327778 0.450781 0.334722 0.442188 0.298611 0.452344 0.290278
2 0.450781 0.315278 0.44375 0.327778 0.427344 0.298611 0.433594 0.286111
2 0.45 0.320833 0.445312 0.338889 0.423438 0.319444 0.428906 0.301389
0 0.448437 0.344444 0.389062 0.356944 0.3875 0.333333 0.446875 0.320833
0 0.467969 0.309722 0.519531 0.309722 0.519531 0.327778 0.467969 0.327778
2 0.515625 0.329167 0.540625 0.329167 0.540625 0.351389 0.515625 0.351389
1 0.457813 0.331944 0.528906 0.331944 0.528906 0.359722 0.457813 0.359722
2 0.495312 0.395833 0.488281 0.4125 0.46875 0.386111 0.475781 0.369444
0 0.546094 0.402778 0.492188 0.406944 0.491406 0.386111 0.546094 0.381944
2 0.601562 0.388889 0.592969 0.406944 0.574219 0.377778 0.582812 0.359722
0 0.509375 0.416667 0.465625 0.481944 0.458594 0.465278 0.501563 0.4
2 0.485156 0.443056 0.492969 0.458333 0.474219 0.488889 0.467187 0.475
3 0.507031 0.440278 0.53125 0.440278 0.53125 0.466667 0.507031 0.466667
2 0.561719 0.483333 0.548438 0.494444 0.538281 0.451389 0.551562 0.440278
2 0.524219 0.511111 0.552344 0.516667 0.550781 0.541667 0.523438 0.5375
0 0.525781 0.459722 0.534375 0.479167 0.485938 0.545833 0.478125 0.527778
0 0.532813 0.458333 0.542188 0.470833 0.508594 0.558333 0.499219 0.545833
3 0.509375 0.529167 0.522656 0.538889 0.5125 0.579167 0.5 0.569444
2 0.760938 0.286111 0.770312 0.3 0.754687 0.331944 0.745313 0.318056
3 0.739844 0.311111 0.747656 0.326389 0.732031 0.352778 0.724219 0.3375
2 0.682813 0.370833 0.690625 0.3875 0.672656 0.4125 0.664844 0.395833
2 0.696094 0.345833 0.717187 0.365278 0.711719 0.384722 0.690625 0.363889
2 0.700781 0.408333 0.688281 0.413889 0.683594 0.366667 0.696094 0.3625
1 0.747656 0.309722 0.760156 0.331944 0.715625 0.409722 0.703125 0.3875
1 0.725 0.377778 0.798438 0.433333 0.791406 0.461111 0.71875 0.405556
0 0.778125 0.444444 0.828125 0.493056 0.821875 0.513889 0.771094 0.463889
3 0.753125 0.425 0.775781 0.45 0.76875 0.470833 0.746094 0.445833
3 0.757031 0.455556 0.739062 0.481944 0.730469 0.465278 0.748437 0.4375
2 0.6625 0.513889 0.633594 0.523611 0.630469 0.502778 0.660156 0.491667
3 0.680469 0.470833 0.691406 0.484722 0.677344 0.522222 0.666406 0.508333
2 0.7125 0.423611 0.723437 0.433333 0.711719 0.472222 0.701562 0.4625
2 0.702344 0.4625 0.713281 0.473611 0.7 0.513889 0.689844 0.504167
3 0.710156 0.486111 0.717969 0.502778 0.696875 0.533333 0.689063 0.516667
0 0.684375 0.483333 0.696094 0.5 0.664062 0.575 0.653125 0.559722
3 0.834375 0.306944 0.855469 0.306944 0.855469 0.343056 0.834375 0.343056
2 0.763281 0.483333 0.783594 0.501389 0.777344 0.523611 0.757031 0.504167
2 0.863281 0.561111 0.847656 0.572222 0.835156 0.520833 0.850781 0.509722
2 0.788281 0.483333 0.8125 0.519444 0.803906 0.538889 0.779687 0.502778
