2 0.275 0.0361111 0.294531 0.0680556 0.285156 0.0875 0.265625 0.0541667
2 0.298438 0.0291667 0.332031 0.0375 0.330469 0.0611111 0.296875 0.0541667
2 0.298438 0.0625 0.332031 0.0805556 0.327344 0.104167 0.29375 0.0875
2 0.31875 0.0569444 0.348438 0.0680556 0.344531 0.0972222 0.314844 0.0875
2 0.348438 0.0430556 0.361719 0.0486111 0.354687 0.111111 0.341406 0.105556
0 0.335938 0.0527778 0.395313 0.0875 0.390625 0.111111 0.33125 0.075
0 0.338281 0.0430556 0.396875 0.0625 0.394531 0.0875 0.335156 0.0680556
0 0.264062 0.0888889 0.338281 0.0986111 0.336719 0.125 0.2625 0.116667
0 0.345313 0.1375 0.266406 0.145833 0.265625 0.116667 0.344531 0.108333
3 0.442188 0.0625 0.476562 0.0625 0.476562 0.0902778 0.442188 0.0902778
3 0.426563 0.0916667 0.457031 0.0916667 0.457031 0.122222 0.426563 0.122222
2 0.325 0.159722 0.291406 0.184722 0.284375 0.156944 0.317969 0.130556
0 0.271875 0.170833 0.35 0.170833 0.35 0.195833 0.271875 0.195833
1 0.366406 0.226389 0.259375 0.234722 0.258594 0.191667 0.365625 0.181944
0 0.105469 0.461111 0.196094 0.468056 0.195312 0.502778 0.104688 0.497222
2 0.197656 0.516667 0.158594 0.530556 0.155469 0.501389 0.194531 0.4875
0 0.191406 0.418056 0.264062 0.444444 0.260937 0.472222 0.1875 0.447222
2 0.225 0.476389 0.214844 0.498611 0.185156 0.455556 0.194531 0.433333
3 0.207031 0.509722 0.235156 0.509722 0.235156 0.543056 0.207031 0.543056
2 0.24375 0.472222 0.260937 0.475 0.257031 0.543056 0.239844 0.538889
0 0.153125 0.5375 0.242969 0.5375 0.242969 0.565278 0.153125 0.565278
0 0.260156 0.575 0.160938 0.583333 0.160156 0.556944 0.259375 0.547222
3 0.190625 0.579167 0.229687 0.579167 0.229687 0.609722 0.190625 0.609722
2 0.222656 0.608333 0.244531 0.608333 0.244531 0.688889 0.222656 0.688889
2 0.272656 0.669444 0.252344 0.677778 0.24375 0.6 0.264062 0.591667
2 0.202344 0.8125 0.223438 0.8125 0.223438 0.908333 0.202344 0.908333
0 0.275781 0.608333 0.290625 0.622222 0.236719 0.8 0.221094 0.784722
3 0.325 0.626389 0.292187 0.676389 0.278125 0.645833 0.310937 0.595833
2 0.326562 0.677778 0.273438 0.706944 0.267969 0.676389 0.321875 0.647222
1 0.378906 0.613889 0.390625 0.669444 0.264844 0.756944 0.252344 0.701389
2 0.271875 0.766667 0.282813 0.797222 0.239063 0.848611 0.227344 0.816667
3 0.314844 0.716667 0.335156 0.741667 0.309375 0.806944 0.289062 0.781944
3 0.351562 0.825 0.33125 0.840278 0.315625 0.772222 0.335938 0.756944
1 0.391406 0.902778 0.361719 0.918056 0.321875 0.688889 0.351562 0.672222
3 0.269531 0.877778 0.235937 0.938889 0.221094 0.913889 0.254688 0.851389
2 0.357812 0.951389 0.339844 0.972222 0.308594 0.891667 0.326562 0.869444
2 0.496094 0.926389 0.475781 0.945833 0.449219 0.858333 0.469531 0.838889
2 0.575 0.795833 0.527344 0.822222 0.519531 0.780556 0.567969 0.754167
3 0.642969 0.741667 0.621094 0.754167 0.607812 0.673611 0.628906 0.6625
2 0.669531 0.731944 0.65 0.75 0.624219 0.6625 0.644531 0.644444
1 0.552344 0.581944 0.580469 0.602778 0.528125 0.826389 0.5 0.805556
0 0.442188 0.0861111 0.366406 0.141667 0.360938 0.118056 0.436719 0.0611111
3 0.550781 0.244444 0.536719 0.265278 0.514844 0.218056 0.528125 0.197222
3 0.719531 0.202778 0.724219 0.2375 0.684375 0.256944 0.679688 0.220833
3 0.597656 0.273611 0.583594 0.297222 0.560156 0.252778 0.575 0.229167
3 0.582031 0.279167 0.571875 0.301389 0.54375 0.261111 0.553906 0.238889
2 0.542969 0.202778 0.582812 0.226389 0.578906 0.25 0.538281 0.226389
2 0.554688 0.283333 0.573438 0.294444 0.561719 0.3625 0.542188 0.352778
3 0.394531 0.556944 0.377344 0.577778 0.354687 0.518056 0.371875 0.497222
2 0.40625 0.648611 0.394531 0.669444 0.363281 0.613889 0.374219 0.593056
2 0.504687 0.651389 0.460156 0.684722 0.451562 0.647222 0.495312 0.6125
2 0.520312 0.611111 0.477344 0.643056 0.46875 0.606944 0.5125 0.575
2 0.611719 0.506944 0.59375 0.516667 0.580469 0.438889 0.598437 0.429167
0 0.5625 0.445833 0.580469 0.458333 0.546875 0.6 0.529687 0.5875
2 0.51875 0.531944 0.474219 0.547222 0.471094 0.518056 0.515625 0.502778
2 0.535156 0.511111 0.51875 0.526389 0.497656 0.456944 0.514062 0.441667
3 0.563281 0.508333 0.58125 0.525 0.560937 0.590278 0.542969 0.572222
3 0.536719 0.484722 0.553906 0.498611 0.539062 0.5625 0.521094 0.548611
2 0.540625 0.6125 0.524219 0.622222 0.511719 0.55 0.528125 0.541667
0 0.511719 0.545833 0.519531 0.575 0.433594 0.652778 0.425 0.623611
