0 0.720313 0.490278 0.663281 0.576389 0.653125 0.554167 0.710156 0.469444
0 0.45625 0.544444 0.520312 0.576389 0.517188 0.597222 0.452344 0.565278
0 0.551562 0.459722 0.563281 0.466667 0.54375 0.563889 0.532813 0.556944
0 0.553125 0.486111 0.496875 0.547222 0.489063 0.522222 0.545312 0.4625
0 0.517188 0.416667 0.461719 0.444444 0.459375 0.426389 0.514844 0.4
0 0.535156 0.390278 0.607812 0.390278 0.607812 0.405556 0.535156 0.405556
0 0.725 0.222222 0.738281 0.243056 0.683594 0.356944 0.670312 0.336111
0 0.613281 0.243056 0.625781 0.263889 0.59375 0.326389 0.58125 0.305556
0 0.608594 0.348611 0.553125 0.375 0.549219 0.348611 0.604688 0.320833
0 0.605469 0.3125 0.664844 0.3125 0.664844 0.338889 0.605469 0.338889
0 0.540625 0.145833 0.490625 0.206944 0.485156 0.190278 0.534375 0.130556
0 0.558594 0.129167 0.613281 0.148611 0.610938 0.168056 0.55625 0.15
0 0.488281 0.240278 0.425 0.272222 0.421875 0.25 0.484375 0.218056
1 0.605469 0.105556 0.623437 0.127778 0.573438 0.255556 0.555469 0.233333
1 0.582031 0.143056 0.596094 0.179167 0.540625 0.248611 0.526563 0.2125
1 0.528906 0.313889 0.448437 0.352778 0.442969 0.319444 0.524219 0.280556
