0 0.824219 0.143056 0.910156 0.251389 0.896094 0.286111 0.810937 0.177778
0 0.771875 0.222222 0.883594 0.236111 0.882031 0.276389 0.770312 0.2625
2 0.932031 0.113889 0.957031 0.118056 0.951562 0.211111 0.926562 0.206944
2 0.954688 0.172222 0.980469 0.172222 0.980469 0.261111 0.954688 0.261111
2 0.9875 0.130556 0.964844 0.152778 0.939844 0.0708333 0.9625 0.0486111
3 0.735156 0.45 0.771094 0.45 0.771094 0.55 0.735156 0.55
1 0.625 0.813889 0.586719 0.855556 0.490625 0.570833 0.528906 0.529167
0 0.569531 0.601389 0.6625 0.748611 0.642969 0.7875 0.550781 0.640278
3 0.56875 0.0472222 0.596875 0.0680556 0.572656 0.170833 0.544531 0.15
3 0.542969 0.277778 0.485938 0.320833 0.472656 0.266667 0.530469 0.223611
3 0.533594 0.290278 0.549219 0.333333 0.497656 0.391667 0.482031 0.348611
3 0.539062 0.333333 0.567187 0.333333 0.567187 0.452778 0.539062 0.452778
3 0.560937 0.293056 0.615625 0.293056 0.615625 0.338889 0.560937 0.338889
3 0.609375 0.2625 0.644531 0.2625 0.644531 0.340278 0.609375 0.340278
3 0.599219 0.361111 0.625 0.361111 0.625 0.465278 0.599219 0.465278
3 0.702344 0.402778 0.68125 0.434722 0.646094 0.361111 0.667188 0.329167
3 0.671094 0.420833 0.646094 0.444444 0.620313 0.361111 0.645312 0.3375
3 0.633594 0.443056 0.688281 0.473611 0.680469 0.518056 0.625781 0.4875
3 0.647656 0.527778 0.703125 0.5375 0.700781 0.584722 0.645312 0.575
3 0.639062 0.570833 0.691406 0.6 0.683594 0.644444 0.63125 0.615278
3 0.642969 0.626389 0.670312 0.647222 0.649219 0.734722 0.621875 0.713889
2 0.575 0.523611 0.551562 0.552778 0.509375 0.443056 0.532813 0.413889
2 0.488281 0.438889 0.51875 0.455556 0.497656 0.579167 0.466406 0.5625
2 0.486719 0.569444 0.457813 0.5875 0.432031 0.459722 0.460938 0.440278
