0 0.575 0.905556 0.584375 0.9125 0.565625 0.995833 0.55625 0.988889
0 0.596875 0.991667 0.5875 0.995833 0.578125 0.913889 0.5875 0.911111
2 0.632031 0.916667 0.642969 0.925 0.629687 0.981944 0.61875 0.973611
2 0.623437 0.888889 0.614844 0.902778 0.600781 0.872222 0.609375 0.859722
2 0.620313 0.872222 0.6125 0.881944 0.597656 0.843056 0.60625 0.833333
3 0.628125 0.858333 0.61875 0.870833 0.604688 0.840278 0.614062 0.826389
0 0.628125 0.773611 0.640625 0.777778 0.630469 0.906944 0.617969 0.904167
2 0.695312 0.805556 0.682813 0.805556 0.682031 0.745833 0.695312 0.744444
3 0.684375 0.797222 0.671875 0.8 0.66875 0.752778 0.68125 0.75
0 0.68125 0.831944 0.669531 0.834722 0.663281 0.7125 0.674219 0.709722
2 0.675 0.788889 0.664844 0.797222 0.653906 0.75 0.664062 0.743056
0 0.654687 0.7875 0.642969 0.788889 0.639844 0.668056 0.651563 0.666667
2 0.646875 0.709722 0.639062 0.716667 0.626563 0.677778 0.635156 0.669444
2 0.663281 0.641667 0.652344 0.644444 0.646875 0.598611 0.658594 0.594444
2 0.653125 0.648611 0.646094 0.661111 0.627344 0.627778 0.634375 0.615278
0 0.630469 0.581944 0.641406 0.588889 0.621875 0.691667 0.610938 0.684722
2 0.625781 0.584722 0.633594 0.593056 0.621094 0.633333 0.613281 0.625
0 0.653906 0.445833 0.660156 0.459722 0.61875 0.516667 0.6125 0.502778
2 0.730469 0.391667 0.739062 0.409722 0.716406 0.445833 0.707812 0.427778
2 0.615625 0.443056 0.603906 0.448611 0.598437 0.418056 0.610938 0.4125
2 0.629687 0.408333 0.609375 0.420833 0.60625 0.402778 0.627344 0.391667
1 0.629687 0.383333 0.644531 0.394444 0.61875 0.502778 0.603906 0.490278
2 0.6875 0.309722 0.694531 0.316667 0.68125 0.361111 0.673438 0.354167
3 0.719531 0.351389 0.741406 0.372222 0.733594 0.397222 0.7125 0.375
3 0.675 0.279167 0.686719 0.294444 0.679688 0.3125 0.667969 0.297222
3 0.795312 0.369444 0.807031 0.3875 0.788281 0.426389 0.776563 0.408333
2 0.786719 0.311111 0.815625 0.322222 0.8125 0.344444 0.783594 0.331944
2 0.763281 0.298611 0.792188 0.305556 0.789844 0.329167 0.760938 0.320833
2 0.80625 0.309722 0.794531 0.323611 0.779687 0.286111 0.792188 0.270833
2 0.727344 0.168056 0.753125 0.177778 0.75 0.2 0.725 0.190278
2 0.800781 0.211111 0.790625 0.225 0.777344 0.190278 0.7875 0.176389
0 0.805469 0.204167 0.79375 0.211111 0.780469 0.134722 0.792188 0.127778
2 0.807031 0.148611 0.796094 0.156944 0.786719 0.115278 0.796875 0.108333
0 0.814844 0.169444 0.803125 0.175 0.791406 0.0777778 0.803906 0.0722222
1 0.824219 0.177778 0.807813 0.179167 0.803906 0.0527778 0.821094 0.0513889
1 0.821094 0.123611 0.840625 0.136111 0.811719 0.275 0.792188 0.263889
3 0.8 0.259722 0.81875 0.281944 0.809375 0.305556 0.791406 0.281944
3 0.832812 0.244444 0.842187 0.265278 0.819531 0.298611 0.809375 0.276389
2 0.840625 0.234722 0.874219 0.241667 0.872656 0.268056 0.839063 0.261111
3 0.835156 0.197222 0.850781 0.208333 0.839063 0.255556 0.823438 0.244444
2 0.839063 0.176389 0.870313 0.181944 0.86875 0.201389 0.838281 0.195833
1 0.922656 0.258333 0.9125 0.290278 0.841406 0.216667 0.852344 0.184722
2 0.850781 0.158333 0.88125 0.176389 0.878125 0.194444 0.846875 0.177778
0 0.850781 0.1375 0.911719 0.177778 0.907813 0.197222 0.846875 0.156944
2 0.932031 0.106944 0.915625 0.115278 0.907813 0.0680556 0.924219 0.0583333
2 0.951562 0.206944 0.9375 0.209722 0.933594 0.148611 0.947656 0.145833
0 0.94375 0.234722 0.928906 0.2375 0.921875 0.1125 0.936719 0.109722
2 0.988281 0.316667 0.997656 0.333333 0.976562 0.369444 0.967969 0.351389
