2 0 0.863889 0.0484375 0.863889 0.0484375 0.959722 0 0.959722
2 0.2375 0.05 0.265625 0.05 0.265625 0.127778 0.2375 0.127778
2 0.332031 0 0.38125 0 0.38125 0.0291667 0.332031 0.0291667
2 0.35625 0.00833333 0.374219 0.025 0.35625 0.0888889 0.338281 0.0722222
2 0.409375 0.025 0.417187 0.0541667 0.375 0.0875 0.367969 0.0583333
2 0.315625 0.0833333 0.366406 0.0833333 0.366406 0.1125 0.315625 0.1125
0 0.421875 0.0763889 0.335938 0.0986111 0.333594 0.0708333 0.419531 0.0472222
2 0.255469 0.173611 0.277344 0.173611 0.277344 0.255556 0.255469 0.255556
2 0.329688 0.204167 0.342969 0.229167 0.310937 0.284722 0.296875 0.259722
0 0.378906 0.205556 0.279687 0.241667 0.275781 0.208333 0.375 0.172222
1 0.266406 0.247222 0.389062 0.318056 0.380469 0.369444 0.257031 0.298611
0 0.328906 0.456944 0.311719 0.477778 0.253906 0.336111 0.270313 0.315278
0 0.346875 0.469444 0.325781 0.488889 0.280469 0.333333 0.300781 0.313889
0 0.366406 0.4625 0.344531 0.486111 0.297656 0.352778 0.320312 0.327778
2 0.357031 0.369444 0.382812 0.369444 0.382812 0.430556 0.357031 0.430556
0 0.380469 0.340278 0.402344 0.344444 0.392969 0.519444 0.370312 0.515278
2 0.390625 0.436111 0.414062 0.436111 0.414062 0.486111 0.390625 0.486111
2 0.39375 0.484722 0.414062 0.509722 0.39375 0.561111 0.373437 0.536111
2 0.449219 0.361111 0.428906 0.380556 0.40625 0.305556 0.426563 0.286111
0 0.471875 0.326389 0.453906 0.352778 0.389844 0.215278 0.408594 0.188889
2 0.422656 0.181944 0.442969 0.181944 0.442969 0.258333 0.422656 0.258333
2 0.4625 0.197222 0.476562 0.223611 0.44375 0.279167 0.429688 0.254167
2 0.471875 0.2125 0.488281 0.243056 0.453125 0.304167 0.436719 0.275
2 0.455469 0.272222 0.503906 0.290278 0.499219 0.327778 0.450781 0.309722
2 0.503906 0.304167 0.517188 0.333333 0.480469 0.384722 0.467187 0.355556
2 0.401562 0.398611 0.419531 0.416667 0.405469 0.4625 0.3875 0.444444
2 0.453906 0.406944 0.464062 0.434722 0.421094 0.483333 0.410938 0.455556
3 0.526563 0.393056 0.508594 0.415278 0.488281 0.3625 0.50625 0.340278
3 0.525781 0.352778 0.546875 0.352778 0.546875 0.418056 0.525781 0.418056
2 0.571875 0.397222 0.546875 0.411111 0.532813 0.329167 0.557813 0.315278
2 0.56875 0.365278 0.589844 0.365278 0.589844 0.413889 0.56875 0.413889
3 0.654687 0.441667 0.632031 0.458333 0.614062 0.383333 0.636719 0.366667
2 0.444531 0.493056 0.476562 0.493056 0.476562 0.531944 0.444531 0.531944
0 0.427344 0.511111 0.559375 0.530556 0.557813 0.570833 0.425 0.552778
2 0.457813 0.594444 0.48125 0.594444 0.48125 0.638889 0.457813 0.638889
3 0.444531 0.661111 0.495312 0.661111 0.495312 0.705556 0.444531 0.705556
3 0.535937 0.630556 0.513281 0.643056 0.501563 0.575 0.524219 0.5625
3 0.604688 0.55 0.569531 0.584722 0.557031 0.543056 0.592187 0.508333
1 0.65 0.497222 0.505469 0.544444 0.5 0.490278 0.644531 0.443056
1 0.705469 0.625 0.674219 0.6625 0.625 0.534722 0.65625 0.497222
1 0.895312 0.681944 0.874219 0.738889 0.719531 0.552778 0.740625 0.497222
0 0.840625 0.693056 0.828125 0.726389 0.707031 0.581944 0.719531 0.548611
2 0.763281 0.645833 0.788281 0.658333 0.770312 0.765278 0.745313 0.751389
2 0.789062 0.666667 0.814063 0.694444 0.779687 0.794444 0.754687 0.766667
2 0.842969 0.886111 0.889844 0.886111 0.889844 0.995833 0.842969 0.995833
0 0.532813 0.791667 0.510938 0.804167 0.471875 0.579167 0.49375 0.568056
0 0.552344 0.8 0.533594 0.813889 0.485156 0.594444 0.504687 0.581944
3 0.539844 0.640278 0.566406 0.652778 0.554688 0.740278 0.528125 0.729167
3 0.560156 0.688889 0.589844 0.709722 0.571875 0.793056 0.542188 0.772222
2 0.596094 0.675 0.571875 0.698611 0.546094 0.615278 0.570312 0.593056
3 0.609375 0.641667 0.5875 0.668056 0.560937 0.6 0.582812 0.572222
2 0.634375 0.534722 0.649219 0.575 0.602344 0.629167 0.5875 0.588889
2 0.678906 0.7 0.65625 0.7125 0.636719 0.601389 0.659375 0.588889
2 0.657813 0.675 0.638281 0.694444 0.611719 0.606944 0.63125 0.588889
0 0.589844 0.729167 0.610938 0.759722 0.544531 0.9 0.523438 0.869444
2 0.63125 0.673611 0.657813 0.693056 0.632812 0.797222 0.607031 0.777778
2 0.646094 0.715278 0.667188 0.736111 0.636719 0.833333 0.615625 0.8125
3 0.701562 0.777778 0.653125 0.813889 0.642188 0.769444 0.690625 0.733333
3 0.728906 0.7375 0.700781 0.752778 0.682813 0.648611 0.710938 0.633333
