1 0.73125 0.273611 0.598437 0.393056 0.583594 0.340278 0.716406 0.219444
1 0.586719 0.541667 0.45 0.590278 0.442188 0.525 0.578906 0.476389
1 0.496094 0.323611 0.527344 0.354167 0.466406 0.554167 0.435156 0.523611
1 0.492969 0.781944 0.359375 0.893056 0.34375 0.834722 0.477344 0.723611
0 0.796875 0.563889 0.78125 0.602778 0.682813 0.475 0.698438 0.4375
0 0.7125 0.433333 0.830469 0.504167 0.821875 0.551389 0.703906 0.479167
0 0.644531 0.3 0.63125 0.323611 0.567187 0.2125 0.579688 0.188889
0 0.540625 0.308333 0.444531 0.361111 0.4375 0.322222 0.533594 0.269444
0 0.499219 0.345833 0.407031 0.386111 0.403125 0.356944 0.495312 0.316667
0 0.339062 0.543056 0.428125 0.580556 0.421875 0.625 0.332813 0.5875
0 0.324219 0.552778 0.413281 0.618056 0.40625 0.648611 0.317188 0.583333
0 0.375 0.633333 0.485156 0.633333 0.485156 0.679167 0.375 0.679167
0 0.366406 0.705556 0.48125 0.705556 0.48125 0.741667 0.366406 0.741667
0 0.584375 0.633333 0.607812 0.645833 0.572656 0.85 0.548438 0.8375
0 0.544531 0.726389 0.569531 0.75 0.507812 0.951389 0.482812 0.926389
0 0.389062 0.890278 0.285156 0.968056 0.274219 0.923611 0.378125 0.845833
0 0.534375 0.769444 0.439063 0.897222 0.425781 0.865278 0.521094 0.7375
0 0.526563 0.816667 0.430469 0.963889 0.414062 0.929167 0.510156 0.783333
3 0.428125 0.880556 0.382031 0.9 0.375781 0.848611 0.421875 0.829167
3 0.359375 0.894444 0.416406 0.894444 0.416406 0.941667 0.359375 0.941667
3 0.596875 0.643056 0.622656 0.654167 0.609375 0.752778 0.582812 0.741667
3 0.590625 0.7375 0.617188 0.754167 0.596094 0.856944 0.569531 0.840278
3 0.324219 0.704167 0.365625 0.704167 0.365625 0.752778 0.324219 0.752778
3 0.400781 0.783333 0.352344 0.808333 0.344531 0.759722 0.392969 0.734722
3 0.732031 0.409722 0.786719 0.440278 0.778125 0.490278 0.723437 0.459722
3 0.361719 0.443056 0.403125 0.443056 0.403125 0.4875 0.361719 0.4875
3 0.421094 0.445833 0.448437 0.445833 0.448437 0.519444 0.421094 0.519444
3 0.524219 0.291667 0.482031 0.315278 0.475781 0.279167 0.517969 0.255556
3 0.557031 0.302778 0.5875 0.302778 0.5875 0.375 0.557031 0.375
3 0.523438 0.305556 0.553906 0.341667 0.538281 0.380556 0.508594 0.344444
3 0.632031 0.404167 0.677344 0.425 0.671094 0.470833 0.625 0.45
3 0.565625 0.394444 0.590625 0.394444 0.590625 0.472222 0.565625 0.472222
3 0.594531 0.423611 0.638281 0.440278 0.632812 0.486111 0.589063 0.469444
3 0.632812 0.4125 0.596094 0.456944 0.580469 0.418056 0.617969 0.373611
