1 0.865625 0.694444 0.797656 0.731944 0.792188 0.697222 0.859375 0.659722
1 0.839063 0.681944 0.789062 0.691667 0.786719 0.65 0.836719 0.641667
1 0.670312 0.795833 0.741406 0.920833 0.725 0.951389 0.653125 0.826389
1 0.686719 0.586111 0.759375 0.701389 0.74375 0.731944 0.671094 0.616667
0 0.70625 0.472222 0.738281 0.530556 0.728906 0.547222 0.696875 0.488889
0 0.797656 0.515278 0.807031 0.541667 0.779687 0.572222 0.770312 0.545833
0 0.836719 0.633333 0.782813 0.6625 0.777344 0.631944 0.83125 0.602778
0 0.803906 0.806944 0.825781 0.806944 0.825781 0.859722 0.803906 0.859722
0 0.654687 0.961111 0.717187 0.961111 0.717187 0.998611 0.654687 0.998611
0 0.852344 0.9625 0.891406 0.9625 0.891406 0.998611 0.852344 0.998611
