1 0.376563 0.644444 0.346875 0.6625 0.30625 0.452778 0.335938 0.434722
2 0.783594 0.325 0.730469 0.329167 0.728906 0.288889 0.782813 0.284722
0 0.422656 0.508333 0.410156 0.526389 0.341406 0.3875 0.353906 0.368056
0 0.465625 0.568056 0.451562 0.588889 0.385156 0.448611 0.399219 0.427778
0 0.407031 0.427778 0.482031 0.556944 0.467187 0.584722 0.392188 0.455556
3 0.449219 0.466667 0.478906 0.520833 0.464844 0.544444 0.435156 0.490278
0 0.43125 0.419444 0.416406 0.441667 0.352344 0.318056 0.367188 0.294444
0 0.455469 0.388889 0.44375 0.413889 0.369531 0.301389 0.38125 0.276389
0 0.470313 0.372222 0.453906 0.395833 0.385937 0.244444 0.402344 0.222222
2 0.51875 0.311111 0.535937 0.329167 0.5125 0.402778 0.494531 0.384722
3 0.565625 0.183333 0.610938 0.183333 0.610938 0.226389 0.565625 0.226389
0 0.649219 0.223611 0.55625 0.293056 0.548438 0.259722 0.641406 0.190278
0 0.5875 0.252778 0.604688 0.269444 0.557813 0.420833 0.540625 0.404167
0 0.603125 0.251389 0.621875 0.269444 0.569531 0.438889 0.550781 0.419444
2 0.60625 0.327778 0.622656 0.344444 0.598437 0.415278 0.582031 0.398611
0 0.560937 0.634722 0.542188 0.645833 0.511719 0.468056 0.529687 0.456944
0 0.530469 0.626389 0.511719 0.640278 0.477344 0.4875 0.496094 0.473611
0 0.622656 0.413889 0.639844 0.430556 0.589844 0.597222 0.572656 0.580556
3 0.632031 0.451389 0.649219 0.473611 0.624219 0.538889 0.60625 0.516667
0 0.420312 0.640278 0.519531 0.676389 0.515625 0.711111 0.415625 0.676389
2 0.498437 0.597222 0.533594 0.648611 0.521094 0.673611 0.486719 0.622222
2 0.459375 0.626389 0.505469 0.643056 0.500781 0.679167 0.454688 0.6625
2 0.555469 0.627778 0.573438 0.640278 0.557813 0.719444 0.539062 0.706944
2 0.620313 0.611111 0.575 0.634722 0.56875 0.6 0.614844 0.575
3 0.534375 0.769444 0.517188 0.7875 0.496875 0.720833 0.514062 0.704167
0 0.445312 0.7375 0.521875 0.855556 0.508594 0.881944 0.43125 0.763889
2 0.535156 0.781944 0.550781 0.811111 0.517969 0.869444 0.501563 0.840278
1 0.574219 0.676389 0.601562 0.697222 0.553125 0.898611 0.526563 0.879167
3 0.569531 0.631944 0.589063 0.645833 0.573438 0.713889 0.553125 0.698611
3 0.552344 0.706944 0.56875 0.730556 0.54375 0.784722 0.527344 0.759722
1 0.682813 0.3875 0.715625 0.395833 0.7 0.625 0.667188 0.618056
1 0.650781 0.493056 0.683594 0.5 0.670312 0.723611 0.638281 0.716667
0 0.625781 0.586111 0.647656 0.586111 0.647656 0.752778 0.625781 0.752778
0 0.634375 0.7625 0.613281 0.766667 0.603906 0.6 0.625 0.597222
0 0.609375 0.791667 0.591406 0.793056 0.589844 0.613889 0.608594 0.6125
0 0.617969 0.765278 0.635938 0.781944 0.595313 0.930556 0.577344 0.915278
