2 0.275781 0.430556 0.253906 0.445833 0.235156 0.365278 0.257031 0.348611
2 0.279687 0.348611 0.302344 0.356944 0.29375 0.431944 0.271094 0.423611
2 0.308594 0.709722 0.360156 0.748611 0.35 0.793056 0.297656 0.754167
2 0.389844 0.493056 0.367188 0.509722 0.352344 0.444444 0.374219 0.427778
2 0.424219 0.577778 0.404687 0.597222 0.380469 0.518056 0.4 0.5
2 0.391406 0.429167 0.442188 0.4375 0.440625 0.469444 0.389844 0.459722
2 0.459375 0.451389 0.475781 0.463889 0.455469 0.548611 0.439063 0.536111
0 0.390625 0.458333 0.409375 0.480556 0.346094 0.644444 0.328125 0.622222
0 0.475 0.451389 0.489063 0.465278 0.442188 0.618056 0.428125 0.604167
2 0.4625 0.5375 0.482812 0.552778 0.464062 0.630556 0.444531 0.615278
2 0.480469 0.477778 0.499219 0.491667 0.484375 0.555556 0.465625 0.540278
0 0.557031 0.666667 0.532031 0.669444 0.527344 0.5 0.552344 0.497222
2 0.500781 0.369444 0.517969 0.372222 0.516406 0.448611 0.499219 0.447222
2 0.565625 0.508333 0.546875 0.522222 0.529687 0.448611 0.548438 0.434722
2 0.514062 0.268056 0.53125 0.268056 0.53125 0.323611 0.514062 0.323611
3 0.49375 0.283333 0.523438 0.311111 0.514062 0.341667 0.484375 0.3125
1 0.561719 0.269444 0.588281 0.273611 0.575781 0.494444 0.549219 0.490278
2 0.585938 0.276389 0.605469 0.2875 0.59375 0.352778 0.574219 0.341667
0 0.579688 0.365278 0.598437 0.372222 0.578125 0.551389 0.559375 0.544444
2 0.574219 0.490278 0.597656 0.502778 0.582031 0.591667 0.558594 0.579167
2 0.611719 0.536111 0.588281 0.548611 0.575 0.472222 0.598437 0.459722
2 0.648438 0.480556 0.596094 0.5 0.592187 0.461111 0.64375 0.441667
2 0.602344 0.398611 0.616406 0.426389 0.592969 0.466667 0.578906 0.440278
2 0.645312 0.333333 0.659375 0.358333 0.623437 0.420833 0.609375 0.395833
2 0.666406 0.313889 0.682813 0.343056 0.65 0.4 0.633594 0.370833
3 0.6 0.284722 0.620313 0.284722 0.620313 0.352778 0.6 0.352778
3 0.611719 0.348611 0.585938 0.3875 0.574219 0.361111 0.599219 0.322222
3 0.582812 0.205556 0.607031 0.205556 0.607031 0.277778 0.582812 0.277778
1 0.611719 0.279167 0.755469 0.279167 0.755469 0.330556 0.611719 0.330556
1 0.682031 0.231944 0.825781 0.231944 0.825781 0.2875 0.682031 0.2875
0 0.742969 0.270833 0.848437 0.270833 0.848437 0.301389 0.742969 0.301389
0 0.644531 0.315278 0.655469 0.338889 0.599219 0.418056 0.588281 0.394444
3 0.680469 0.398611 0.642188 0.436111 0.628906 0.394444 0.667969 0.356944
0 0.754687 0.368056 0.660156 0.438889 0.653125 0.408333 0.747656 0.3375
0 0.658594 0.501389 0.567969 0.6375 0.553906 0.608333 0.644531 0.472222
2 0.657031 0.451389 0.704688 0.4875 0.696094 0.523611 0.648438 0.4875
3 0.674219 0.45 0.722656 0.45 0.722656 0.490278 0.674219 0.490278
2 0.698438 0.483333 0.7375 0.5125 0.728125 0.552778 0.689063 0.523611
2 0.664062 0.4875 0.675781 0.519444 0.6375 0.5625 0.625781 0.530556
2 0.666406 0.526389 0.717969 0.565278 0.709375 0.602778 0.657813 0.563889
2 0.6 0.611111 0.653906 0.611111 0.653906 0.658333 0.6 0.658333
0 0.617969 0.565278 0.741406 0.5875 0.739062 0.630556 0.615625 0.608333
3 0.739844 0.520833 0.75625 0.545833 0.729688 0.602778 0.7125 0.577778
1 0.724219 0.659722 0.596094 0.793056 0.577344 0.733333 0.704688 0.601389
0 0.632031 0.772222 0.772656 0.780556 0.772656 0.818056 0.63125 0.809722
0 0.642188 0.747222 0.780469 0.747222 0.780469 0.791667 0.642188 0.791667
0 0.757031 0.679167 0.644531 0.743056 0.638281 0.706944 0.75 0.643056
2 0.714844 0.619444 0.771094 0.619444 0.771094 0.655556 0.714844 0.655556
0 0.825 0.606944 0.814063 0.631944 0.7125 0.488889 0.723437 0.463889
0 0.845313 0.595833 0.832031 0.626389 0.728125 0.484722 0.741406 0.455556
3 0.708594 0.390278 0.748437 0.390278 0.748437 0.430556 0.708594 0.430556
3 0.752344 0.438889 0.778906 0.438889 0.778906 0.505556 0.752344 0.505556
3 0.778125 0.380556 0.758594 0.4 0.741406 0.345833 0.760938 0.326389
3 0.796875 0.354167 0.779687 0.379167 0.752344 0.320833 0.769531 0.295833
3 0.794531 0.393056 0.826562 0.441667 0.8125 0.472222 0.779687 0.423611
2 0.797656 0.451389 0.782031 0.475 0.764062 0.4375 0.779687 0.413889
2 0.799219 0.386111 0.764062 0.45 0.749219 0.425 0.784375 0.361111
2 0.839844 0.438889 0.824219 0.4625 0.791406 0.394444 0.807813 0.370833
2 0.835938 0.445833 0.886719 0.494444 0.875 0.531944 0.825 0.483333
2 0.8625 0.579167 0.841406 0.5875 0.830469 0.491667 0.851562 0.484722
2 0.889062 0.611111 0.870313 0.622222 0.854688 0.530556 0.873437 0.519444
3 0.917188 0.572222 0.896094 0.593056 0.874219 0.522222 0.895312 0.501389
2 0.857031 0.361111 0.839844 0.377778 0.817187 0.304167 0.834375 0.2875
2 0.838281 0.355556 0.822656 0.375 0.796094 0.305556 0.811719 0.286111
2 1 0.598611 0.973437 0.6125 0.954688 0.504167 0.98125 0.488889
0 0.884375 0.677778 0.867188 0.694444 0.825 0.556944 0.842187 0.540278
