0 0.703906 0.513889 0.722656 0.533333 0.669531 0.686111 0.651563 0.666667
0 0.515625 0.219444 0.533594 0.230556 0.511719 0.345833 0.492969 0.334722
0 0.609375 0.319444 0.517969 0.345833 0.515625 0.316667 0.607031 0.290278
0 0.417187 0.727778 0.494531 0.727778 0.494531 0.751389 0.417187 0.751389
0 0.494531 0.554167 0.509375 0.568056 0.464844 0.7125 0.45 0.698611
0 0.539844 0.584722 0.461719 0.630556 0.458594 0.611111 0.536719 0.565278
0 0.445312 0.529167 0.3875 0.580556 0.38125 0.558333 0.439063 0.508333
0 0.553125 0.452778 0.464844 0.5 0.460938 0.476389 0.549219 0.429167
0 0.351562 0.283333 0.285156 0.405556 0.273438 0.386111 0.339844 0.263889
0 0.503906 0.613889 0.51875 0.613889 0.51875 0.725 0.503906 0.725
0 0.403906 0.0541667 0.48125 0.0541667 0.48125 0.075 0.403906 0.075
0 0.369531 0.0833333 0.385156 0.0930556 0.349219 0.261111 0.334375 0.251389
1 0.451562 0.00277778 0.478906 0.00694444 0.466406 0.247222 0.439063 0.243056
1 0.445312 0.0694444 0.471875 0.0958333 0.413281 0.2875 0.386719 0.261111
1 0.428906 0.373611 0.340625 0.481944 0.324219 0.440278 0.413281 0.331944
