2 0.514844 0.166667 0.525781 0.177778 0.515625 0.209722 0.504687 0.2
2 0.442188 0.280556 0.432031 0.290278 0.421875 0.256944 0.432031 0.247222
2 0.471094 0.241667 0.49375 0.241667 0.49375 0.268056 0.471094 0.268056
2 0.449219 0.370833 0.423438 0.379167 0.421094 0.358333 0.446094 0.348611
2 0.461719 0.340278 0.451562 0.347222 0.442969 0.3125 0.453906 0.304167
2 0.457031 0.3625 0.447656 0.368056 0.441406 0.330556 0.450781 0.325
0 0.464062 0.306944 0.476562 0.315278 0.457031 0.4 0.44375 0.391667
0 0.45625 0.215278 0.465625 0.223611 0.44375 0.294444 0.435156 0.284722
0 0.497656 0.248611 0.505469 0.259722 0.477344 0.318056 0.469531 0.306944
3 0.53125 0.222222 0.550781 0.222222 0.550781 0.248611 0.53125 0.248611
2 0.652344 0.280556 0.666406 0.280556 0.666406 0.320833 0.652344 0.320833
2 0.596875 0.325 0.617188 0.325 0.617188 0.356944 0.596875 0.356944
2 0.561719 0.330556 0.573438 0.336111 0.56875 0.376389 0.55625 0.372222
2 0.519531 0.377778 0.509375 0.386111 0.502344 0.355556 0.5125 0.347222
2 0.521875 0.388889 0.53125 0.398611 0.519531 0.436111 0.510156 0.426389
2 0.504687 0.373611 0.510156 0.391667 0.485938 0.413889 0.479687 0.394444
3 0.471875 0.404167 0.495312 0.404167 0.495312 0.433333 0.471875 0.433333
3 0.546094 0.280556 0.564063 0.280556 0.564063 0.308333 0.546094 0.308333
1 0.56875 0.2625 0.582812 0.273611 0.558594 0.366667 0.54375 0.355556
0 0.525781 0.341667 0.534375 0.348611 0.5125 0.427778 0.504687 0.422222
3 0.535937 0.344444 0.549219 0.354167 0.540625 0.388889 0.528125 0.377778
3 0.525781 0.301389 0.538281 0.306944 0.532031 0.340278 0.520312 0.334722
3 0.517969 0.331944 0.541406 0.331944 0.541406 0.351389 0.517969 0.351389
2 0.469531 0.711111 0.503125 0.711111 0.503125 0.741667 0.469531 0.741667
2 0.547656 0.758333 0.535937 0.776389 0.513281 0.727778 0.525 0.711111
2 0.507812 0.716667 0.521094 0.736111 0.499219 0.781944 0.486719 0.763889
2 0.600781 0.736111 0.615625 0.744444 0.605469 0.801389 0.591406 0.794444
2 0.60625 0.763889 0.619531 0.770833 0.609375 0.830556 0.595313 0.823611
0 0.511719 0.879167 0.600781 0.894444 0.599219 0.926389 0.510156 0.911111
0 0.599219 0.833333 0.521094 0.891667 0.514062 0.8625 0.592187 0.804167
0 0.695312 0.872222 0.678125 0.881944 0.659375 0.761111 0.675781 0.752778
2 0.677344 0.75 0.692187 0.75 0.692187 0.816667 0.677344 0.816667
3 0.752344 0.693056 0.723437 0.697222 0.722656 0.672222 0.750781 0.668056
3 0.76875 0.675 0.75625 0.688889 0.739844 0.645833 0.751563 0.630556
2 0.720313 0.65 0.728906 0.669444 0.704688 0.704167 0.695312 0.683333
1 0.726562 0.9375 0.7 0.945833 0.685156 0.769444 0.711719 0.761111
0 0.729688 0.863889 0.716406 0.869444 0.707031 0.786111 0.720313 0.780556
0 0.703906 0.763889 0.740625 0.784722 0.7375 0.804167 0.7 0.783333
0 0.775781 0.847222 0.767188 0.861111 0.707812 0.741667 0.716406 0.729167
2 0.724219 0.738889 0.765625 0.738889 0.765625 0.763889 0.724219 0.763889
2 0.738281 0.761111 0.751563 0.761111 0.751563 0.829167 0.738281 0.829167
2 0.75 0.781944 0.7625 0.781944 0.7625 0.841667 0.75 0.841667
2 0.763281 0.751389 0.778906 0.751389 0.778906 0.813889 0.763281 0.813889
3 0.846875 0.665278 0.835156 0.679167 0.817969 0.634722 0.829688 0.619444
1 0.860938 0.768056 0.840625 0.786111 0.797656 0.638889 0.81875 0.619444
0 0.800781 0.833333 0.785937 0.841667 0.764844 0.713889 0.780469 0.706944
2 0.794531 0.716667 0.809375 0.720833 0.803125 0.781944 0.789062 0.777778
2 0.835156 0.768056 0.8 0.772222 0.799219 0.747222 0.834375 0.743056
2 0.821875 0.748611 0.785937 0.761111 0.783594 0.736111 0.819531 0.723611
3 0.799219 0.772222 0.819531 0.816667 0.807813 0.834722 0.7875 0.788889
3 0.828125 0.847222 0.842187 0.847222 0.842187 0.901389 0.828125 0.901389
3 0.814844 0.916667 0.799219 0.922222 0.792969 0.873611 0.809375 0.866667
2 0.724219 0.848611 0.7375 0.858333 0.725 0.906944 0.711719 0.895833
2 0.779687 0.901389 0.742969 0.911111 0.740625 0.883333 0.778125 0.875
0 0.796094 0.944444 0.784375 0.95 0.7625 0.813889 0.774219 0.808333
2 0.855469 0.869444 0.871094 0.872222 0.867969 0.936111 0.853125 0.933333
2 0.873437 0.877778 0.888281 0.888889 0.872656 0.951389 0.858594 0.941667
1 0.945312 0.893056 0.927344 0.920833 0.855469 0.768056 0.873437 0.741667
2 0.842969 0.926389 0.809375 0.9375 0.80625 0.911111 0.839844 0.898611
3 0.772656 0.936111 0.79375 0.936111 0.79375 0.994444 0.772656 0.994444
