2 0.13125 0.331944 0.0945312 0.340278 0.0851563 0.195833 0.121875 0.188889
2 0.163281 0.426389 0.123438 0.431944 0.117188 0.284722 0.157031 0.279167
2 0.165625 0.0930556 0.197656 0.131944 0.152344 0.248611 0.120313 0.209722
0 0.208594 0.454167 0.16875 0.456944 0.164062 0.172222 0.203906 0.169444
3 0.183594 0.441667 0.221094 0.4625 0.196875 0.601389 0.159375 0.580556
0 0.504687 0.123611 0.326562 0.201389 0.316406 0.131944 0.495312 0.0541667
2 0.494531 0.645833 0.463281 0.684722 0.414062 0.556944 0.445312 0.518056
0 0.557813 0.179167 0.592187 0.191667 0.554688 0.505556 0.519531 0.493056
0 0.511719 0.584722 0.549219 0.605556 0.489844 0.945833 0.452344 0.925
2 0.338281 0.95 0.376563 0.95 0.376563 0.997222 0.338281 0.997222
2 0.627344 0.675 0.659375 0.705556 0.636719 0.779167 0.604688 0.748611
1 0.825781 0.786111 0.588281 0.8625 0.577344 0.752778 0.814844 0.676389
2 0.714844 0.916667 0.757031 0.916667 0.757031 0.997222 0.714844 0.997222
2 0.563281 0.952778 0.623437 0.952778 0.623437 0.998611 0.563281 0.998611
2 0.685937 0.434722 0.711719 0.473611 0.660937 0.581944 0.635156 0.543056
2 0.629687 0.347222 0.658594 0.358333 0.64375 0.476389 0.614844 0.465278
2 0.636719 0.433333 0.569531 0.515278 0.552344 0.469444 0.619531 0.3875
2 0.720313 0.263889 0.640625 0.341667 0.622656 0.281944 0.702344 0.205556
0 0.741406 0.195833 0.771875 0.233333 0.676562 0.480556 0.646094 0.443056
0 0.804688 0.134722 0.840625 0.154167 0.784375 0.477778 0.748437 0.458333
3 0.810937 0.294444 0.846094 0.306944 0.828906 0.455556 0.79375 0.443056
0 0.839844 0.166667 0.879687 0.176389 0.853906 0.523611 0.814844 0.513889
2 0.965625 0.341667 1 0.341667 1 0.427778 0.965625 0.427778
3 0.935156 0.0125 0.986719 0.0125 0.986719 0.140278 0.935156 0.140278
3 0.86875 0 0.914844 0 0.914844 0.0736111 0.86875 0.0736111
0 0.603906 0 0.658594 0.0513889 0.639844 0.1125 0.585156 0.0611111
0 0.676562 0.00277778 0.754687 0.131944 0.728906 0.180556 0.650781 0.0513889
2 0.715625 0 0.75625 0 0.75625 0.05 0.715625 0.05
3 0.760156 0 0.807031 0 0.807031 0.0555556 0.760156 0.0555556
