0 0.732031 0.170833 0.713281 0.2 0.640625 0.0541667 0.660156 0.0236111
0 0.867188 0.515278 0.845313 0.552778 0.7625 0.401389 0.784375 0.363889
0 0.794531 0.361111 0.903125 0.466667 0.892188 0.502778 0.783594 0.398611
0 0.609375 0.151389 0.492188 0.180556 0.489063 0.141667 0.60625 0.1125
0 0.566406 0.184722 0.448437 0.205556 0.446094 0.172222 0.564844 0.151389
0 0.371094 0.381944 0.467969 0.476389 0.459375 0.504167 0.3625 0.409722
0 0.385156 0.373611 0.485938 0.45 0.477344 0.486111 0.376563 0.411111
0 0.441406 0.755556 0.332813 0.802778 0.327344 0.763889 0.435937 0.716667
0 0.421875 0.561111 0.542188 0.572222 0.541406 0.611111 0.420312 0.6
0 0.430469 0.484722 0.55 0.515278 0.546875 0.554167 0.427344 0.525
0 0.652344 0.541667 0.673438 0.555556 0.633594 0.744444 0.6125 0.730556
0 0.544531 0.723611 0.5625 0.745833 0.4875 0.941667 0.469531 0.919444
0 0.6125 0.629167 0.63125 0.652778 0.561719 0.823611 0.542969 0.798611
0 0.596094 0.658333 0.500781 0.769444 0.485156 0.727778 0.580469 0.616667
0 0.585156 0.704167 0.4875 0.825 0.475 0.791667 0.571875 0.670833
0 0.671094 0.136111 0.655469 0.155556 0.603125 0.0180556 0.61875 0
1 0.552344 0.668056 0.410156 0.745833 0.398438 0.679167 0.540625 0.601389
1 0.821094 0.179167 0.675781 0.265278 0.664062 0.2 0.808594 0.115278
1 0.563281 0.175 0.591406 0.202778 0.526563 0.415278 0.497656 0.3875
1 0.657813 0.433333 0.510938 0.459722 0.507812 0.398611 0.653906 0.372222
3 0.371875 0.556944 0.417969 0.556944 0.417969 0.6 0.371875 0.6
3 0.453906 0.65 0.405469 0.658333 0.403125 0.609722 0.451562 0.601389
3 0.489063 0.738889 0.439063 0.756944 0.435156 0.722222 0.485156 0.704167
3 0.417969 0.755556 0.471094 0.755556 0.471094 0.797222 0.417969 0.797222
3 0.403125 0.263889 0.453125 0.263889 0.453125 0.316667 0.403125 0.316667
3 0.5375 0.0916667 0.590625 0.0916667 0.590625 0.133333 0.5375 0.133333
3 0.476562 0.298611 0.507031 0.298611 0.507031 0.368056 0.476562 0.368056
3 0.578906 0.1625 0.620313 0.1625 0.620313 0.226389 0.578906 0.226389
3 0.634375 0.161111 0.663281 0.161111 0.663281 0.243056 0.634375 0.243056
3 0.817969 0.336111 0.867188 0.386111 0.854688 0.425 0.805469 0.376389
3 0.667188 0.55 0.691406 0.566667 0.674219 0.654167 0.649219 0.638889
3 0.659375 0.645833 0.685937 0.670833 0.660156 0.754167 0.634375 0.729167
3 0.638281 0.275 0.664844 0.275 0.664844 0.354167 0.638281 0.354167
3 0.707812 0.297222 0.757031 0.336111 0.746094 0.379167 0.696875 0.340278
3 0.714063 0.302778 0.671875 0.343056 0.658594 0.298611 0.700781 0.258333
3 0.667969 0.311111 0.717187 0.338889 0.709375 0.384722 0.660156 0.356944
