1 0.747656 0.384722 0.582031 0.476389 0.571094 0.413889 0.736719 0.323611
1 0.564063 0.676389 0.39375 0.688889 0.392188 0.615278 0.5625 0.602778
1 0.458594 0.35 0.496094 0.3875 0.415625 0.643056 0.378125 0.605556
1 0.445312 0.958333 0.329688 0.997222 0.321875 0.925 0.4375 0.886111
0 0.796094 0.784722 0.775 0.818056 0.682031 0.629167 0.703125 0.595833
0 0.714844 0.591667 0.835938 0.729167 0.820312 0.773611 0.699219 0.636111
0 0.647656 0.390278 0.625781 0.416667 0.553125 0.226389 0.574219 0.2
0 0.514062 0.327778 0.384375 0.348611 0.382812 0.309722 0.511719 0.288889
0 0.467187 0.368056 0.329688 0.384722 0.328125 0.347222 0.465625 0.330556
0 0.240625 0.584722 0.36875 0.681944 0.357812 0.727778 0.229687 0.630556
0 0.228906 0.590278 0.340625 0.715278 0.327344 0.752778 0.215625 0.627778
0 0.296875 0.719444 0.439844 0.770833 0.433594 0.823611 0.290625 0.772222
0 0.285938 0.820833 0.43125 0.840278 0.429688 0.8875 0.283594 0.869444
3 0.492188 0.302778 0.439063 0.311111 0.436719 0.269444 0.489844 0.259722
3 0.539062 0.344444 0.572656 0.344444 0.572656 0.447222 0.539062 0.447222
3 0.496094 0.334722 0.530469 0.3875 0.511719 0.426389 0.477344 0.373611
3 0.271875 0.45 0.329688 0.45 0.329688 0.508333 0.271875 0.508333
3 0.358594 0.493056 0.395313 0.493056 0.395313 0.576389 0.358594 0.576389
3 0.221875 0.816667 0.278906 0.816667 0.278906 0.879167 0.221875 0.879167
3 0.260156 0.879167 0.317969 0.879167 0.317969 0.930556 0.260156 0.930556
3 0.547656 0.4875 0.576562 0.4875 0.576562 0.576389 0.547656 0.576389
3 0.626563 0.518056 0.676562 0.566667 0.6625 0.613889 0.611719 0.565278
3 0.746875 0.569444 0.799219 0.633333 0.780469 0.681944 0.728125 0.618056
3 0.58125 0.823611 0.613281 0.847222 0.589063 0.948611 0.557031 0.925
3 0.580469 0.5375 0.632031 0.566667 0.622656 0.618056 0.571094 0.590278
3 0.628906 0.523611 0.578125 0.5625 0.565625 0.509722 0.616406 0.470833
