1 0.61875 0.216667 0.4875 0.3125 0.472656 0.248611 0.603906 0.152778
1 0.467969 0.455556 0.321094 0.5 0.315625 0.440278 0.4625 0.395833
1 0.383594 0.226389 0.4125 0.259722 0.3375 0.466667 0.308594 0.434722
1 0.360938 0.706944 0.204687 0.815278 0.191406 0.754167 0.347656 0.645833
0 0.66875 0.502778 0.654687 0.531944 0.570312 0.402778 0.584375 0.373611
0 0.645312 0.2125 0.663281 0.245833 0.579688 0.390278 0.561719 0.356944
0 0.597656 0.369444 0.702344 0.447222 0.69375 0.481944 0.589063 0.404167
0 0.389062 0.747222 0.284375 0.891667 0.267969 0.854167 0.372656 0.708333
0 0.409375 0.688889 0.297656 0.825 0.282813 0.786111 0.394531 0.65
0 0.246875 0.823611 0.115625 0.901389 0.107031 0.854167 0.238281 0.776389
0 0.540625 0.225 0.522656 0.254167 0.455469 0.129167 0.473438 0.0986111
0 0.428906 0.218056 0.320312 0.256944 0.315625 0.218056 0.424219 0.179167
0 0.3875 0.251389 0.276562 0.291667 0.272656 0.256944 0.383594 0.218056
0 0.196094 0.444444 0.299219 0.494444 0.292969 0.536111 0.189062 0.484722
0 0.182812 0.447222 0.277344 0.525 0.267188 0.563889 0.172656 0.486111
0 0.2375 0.534722 0.358594 0.547222 0.357031 0.6 0.235937 0.5875
0 0.220312 0.620833 0.353125 0.620833 0.353125 0.659722 0.220312 0.659722
0 0.467187 0.554167 0.4875 0.569444 0.439844 0.770833 0.419531 0.755556
0 0.417187 0.65 0.440625 0.676389 0.366406 0.877778 0.34375 0.851389
3 0.410156 0.2 0.361719 0.218056 0.357812 0.183333 0.40625 0.166667
3 0.478906 0.281944 0.453906 0.295833 0.441406 0.220833 0.465625 0.206944
3 0.414062 0.209722 0.44375 0.254167 0.427344 0.288889 0.396875 0.244444
3 0.617969 0.347222 0.666406 0.383333 0.657031 0.423611 0.608594 0.3875
3 0.224219 0.343056 0.271875 0.343056 0.271875 0.388889 0.224219 0.388889
3 0.296875 0.341667 0.322656 0.341667 0.322656 0.422222 0.296875 0.422222
3 0.450781 0.315278 0.475781 0.315278 0.475781 0.383333 0.450781 0.383333
3 0.516406 0.322222 0.565625 0.347222 0.557031 0.398611 0.507812 0.373611
3 0.521094 0.330556 0.475781 0.365278 0.466406 0.325 0.511719 0.291667
3 0.479687 0.35 0.522656 0.3625 0.51875 0.405556 0.475781 0.393056
3 0.173437 0.618056 0.223438 0.618056 0.223438 0.669444 0.173437 0.669444
3 0.25625 0.7 0.203125 0.729167 0.194531 0.679167 0.247656 0.65
3 0.214844 0.818056 0.264062 0.818056 0.264062 0.870833 0.214844 0.870833
3 0.284375 0.808333 0.234375 0.825 0.228906 0.776389 0.278906 0.759722
3 0.477344 0.563889 0.504687 0.579167 0.4875 0.675 0.460156 0.659722
3 0.466406 0.659722 0.491406 0.679167 0.467969 0.777778 0.442188 0.758333
