2 0.620313 0 0.635938 0 0.635938 0.0402778 0.620313 0.0402778
2 0.675781 0.0333333 0.7 0.0597222 0.691406 0.0847222 0.667188 0.0583333
2 0.752344 0.0486111 0.7375 0.0569444 0.729688 0.0111111 0.744531 0.00277778
2 0.686719 0.0916667 0.703125 0.0944444 0.7 0.144444 0.684375 0.141667
0 0.669531 0.0986111 0.660156 0.108333 0.633594 0.0305556 0.64375 0.0194444
2 0.846875 0.161111 0.874219 0.194444 0.866406 0.216667 0.839063 0.183333
2 0.705469 0.186111 0.69375 0.204167 0.676562 0.165278 0.6875 0.148611
2 0.711719 0.148611 0.740625 0.170833 0.734375 0.193056 0.705469 0.172222
2 0.711719 0.181944 0.7375 0.208333 0.730469 0.229167 0.704688 0.204167
2 0.730469 0.186111 0.75625 0.204167 0.751563 0.226389 0.725781 0.208333
2 0.7625 0.180556 0.773438 0.190278 0.75625 0.245833 0.745313 0.234722
0 0.746094 0.180556 0.799219 0.231944 0.792188 0.255556 0.739062 0.204167
0 0.844531 0.251389 0.766406 0.268056 0.764844 0.244444 0.842969 0.227778
0 0.678125 0.193056 0.746094 0.218056 0.742969 0.240278 0.675781 0.215278
0 0.678125 0.220833 0.753125 0.233333 0.751563 0.258333 0.676562 0.244444
3 0.84375 0.226389 0.875781 0.231944 0.873437 0.263889 0.841406 0.256944
3 0.826562 0.238889 0.85625 0.248611 0.852344 0.279167 0.823438 0.268056
2 0.732031 0.268056 0.703125 0.284722 0.699219 0.258333 0.727344 0.243056
0 0.691406 0.268056 0.75625 0.290278 0.754687 0.308333 0.689844 0.286111
1 0.679688 0.269444 0.772656 0.294444 0.769531 0.331944 0.676562 0.305556
2 0.932031 0.340278 0.900781 0.363889 0.89375 0.336111 0.925781 0.3125
2 0.946875 0.381944 0.979688 0.422222 0.972656 0.443056 0.939063 0.402778
3 0.926562 0.365278 0.95 0.409722 0.933594 0.4375 0.910156 0.393056
3 0.997656 0.454167 0.985156 0.479167 0.958594 0.436111 0.970313 0.411111
3 0.95625 0.4125 0.979688 0.443056 0.967969 0.470833 0.944531 0.440278
2 0.958594 0.455556 0.974219 0.466667 0.959375 0.527778 0.94375 0.516667
0 0.545312 0.445833 0.627344 0.484722 0.623437 0.511111 0.542188 0.472222
0 0.619531 0.436111 0.683594 0.484722 0.678125 0.508333 0.613281 0.459722
2 0.648438 0.502778 0.6375 0.520833 0.616406 0.475 0.627344 0.458333
2 0.585938 0.498611 0.624219 0.498611 0.624219 0.523611 0.585938 0.523611
2 0.664844 0.505556 0.679688 0.505556 0.679688 0.566667 0.664844 0.566667
0 0.592969 0.526389 0.672656 0.555556 0.669531 0.579167 0.590625 0.551389
0 0.592187 0.5375 0.680469 0.569444 0.676562 0.6 0.589063 0.568056
3 0.621094 0.570833 0.657813 0.570833 0.657813 0.605556 0.621094 0.605556
2 0.652344 0.613889 0.670312 0.613889 0.670312 0.681944 0.652344 0.681944
2 0.673438 0.613889 0.691406 0.613889 0.691406 0.681944 0.673438 0.681944
0 0.703125 0.629167 0.717187 0.645833 0.66875 0.770833 0.654687 0.754167
2 0.703125 0.680556 0.747656 0.680556 0.747656 0.705556 0.703125 0.705556
3 0.742969 0.6625 0.70625 0.690278 0.699219 0.661111 0.735938 0.633333
2 0.646875 0.770833 0.664844 0.780556 0.650781 0.859722 0.633594 0.848611
2 0.710156 0.790278 0.666406 0.818056 0.660156 0.786111 0.703125 0.756944
1 0.80625 0.723611 0.686719 0.745833 0.684375 0.697222 0.803906 0.675
0 0.732031 0.722222 0.745313 0.7375 0.707812 0.833333 0.694531 0.818056
3 0.691406 0.822222 0.704688 0.845833 0.676562 0.895833 0.663281 0.872222
3 0.745313 0.7375 0.758594 0.761111 0.732031 0.808333 0.71875 0.783333
3 0.778125 0.8375 0.75625 0.854167 0.740625 0.784722 0.761719 0.769444
1 0.814844 0.920833 0.788281 0.938889 0.74375 0.722222 0.770312 0.704167
2 0.785937 0.944444 0.769531 0.9625 0.740625 0.886111 0.75625 0.866667
2 0.908594 0.977778 0.888281 0.998611 0.865625 0.923611 0.885938 0.902778
2 0.988281 0.915278 0.933594 0.919444 0.932813 0.875 0.9875 0.870833
1 0.966406 0.713889 0.991406 0.740278 0.932813 0.916667 0.907813 0.891667
3 0.80625 0.625 0.790625 0.640278 0.774219 0.586111 0.789844 0.570833
2 0.910156 0.722222 0.9125 0.75 0.86875 0.765278 0.866406 0.736111
0 0.957812 0.702778 0.969531 0.719444 0.927344 0.808333 0.915625 0.791667
2 0.93125 0.722222 0.8875 0.744444 0.882812 0.711111 0.926562 0.690278
2 0.949219 0.730556 0.932031 0.744444 0.916406 0.677778 0.932813 0.663889
2 0.924219 0.630556 0.924219 0.6625 0.882812 0.661111 0.883594 0.627778
2 0.941406 0.641667 0.927344 0.656944 0.903906 0.591667 0.917188 0.576389
3 0.942969 0.630556 0.959375 0.640278 0.949219 0.694444 0.932031 0.684722
0 0.972656 0.601389 0.985156 0.613889 0.950781 0.726389 0.939063 0.713889
3 0.969531 0.655556 0.986719 0.672222 0.970313 0.729167 0.953125 0.7125
