0 0.385937 0.25 0.435937 0.306944 0.428125 0.329167 0.377344 0.273611
0 0.552344 0.347222 0.560937 0.361111 0.517188 0.445833 0.508594 0.433333
0 0.539844 0.469444 0.6 0.490278 0.597656 0.511111 0.5375 0.490278
0 0.580469 0.481944 0.590625 0.493056 0.550781 0.595833 0.541406 0.583333
0 0.614062 0.597222 0.625 0.606944 0.592969 0.7125 0.582031 0.701389
0 0.50625 0.677778 0.575 0.702778 0.572656 0.722222 0.503906 0.697222
0 0.504687 0.516667 0.491406 0.520833 0.478125 0.402778 0.491406 0.398611
0 0.427344 0.441667 0.490625 0.502778 0.484375 0.523611 0.421094 0.461111
0 0.3625 0.643056 0.435937 0.643056 0.435937 0.659722 0.3625 0.659722
0 0.446875 0.675 0.373437 0.684722 0.372656 0.659722 0.446094 0.65
0 0.459375 0.673611 0.446094 0.677778 0.434375 0.551389 0.447656 0.548611
0 0.463281 0.556944 0.454688 0.572222 0.415625 0.505556 0.424219 0.490278
0 0.535156 0.605556 0.525 0.622222 0.478906 0.531944 0.489063 0.516667
2 0.474219 0.7 0.449219 0.705556 0.447656 0.680556 0.473438 0.676389
2 0.478906 0.636111 0.503906 0.65 0.500781 0.669444 0.475781 0.654167
2 0.502344 0.609722 0.490625 0.616667 0.48125 0.565278 0.49375 0.558333
2 0.516406 0.625 0.542188 0.643056 0.5375 0.663889 0.511719 0.644444
2 0.539844 0.601389 0.553125 0.601389 0.553125 0.654167 0.539844 0.654167
2 0.51875 0.594444 0.539844 0.625 0.532031 0.643056 0.510938 0.6125
2 0.514062 0.640278 0.502344 0.640278 0.501563 0.593056 0.513281 0.591667
2 0.510938 0.583333 0.5 0.597222 0.482812 0.548611 0.49375 0.536111
2 0.596094 0.576389 0.607812 0.597222 0.585938 0.633333 0.574219 0.611111
2 0.603125 0.568056 0.589844 0.575 0.582031 0.533333 0.596094 0.525
2 0.511719 0.455556 0.54375 0.455556 0.54375 0.477778 0.511719 0.477778
2 0.399219 0.531944 0.43125 0.536111 0.430469 0.556944 0.398438 0.552778
2 0.464062 0.502778 0.474219 0.520833 0.457031 0.55 0.446875 0.531944
3 0.465625 0.652778 0.491406 0.6625 0.489063 0.681944 0.463281 0.673611
3 0.48125 0.645833 0.458594 0.6625 0.453906 0.641667 0.476562 0.625
3 0.486719 0.6125 0.507031 0.638889 0.499219 0.658333 0.478125 0.633333
3 0.627344 0.575 0.614844 0.583333 0.607812 0.538889 0.620313 0.531944
3 0.421875 0.604167 0.409375 0.615278 0.396094 0.565278 0.408594 0.554167
3 0.436719 0.591667 0.425 0.605556 0.409375 0.565278 0.421094 0.551389
3 0.528906 0.563889 0.520312 0.581944 0.5 0.547222 0.509375 0.530556
3 0.485938 0.565278 0.474219 0.572222 0.464844 0.529167 0.477344 0.522222
3 0.484375 0.5875 0.473438 0.604167 0.454688 0.563889 0.465625 0.547222
3 0.532031 0.368056 0.540625 0.390278 0.517188 0.416667 0.509375 0.393056
3 0.510938 0.513889 0.539844 0.513889 0.539844 0.5375 0.510938 0.5375
3 0.519531 0.473611 0.545312 0.5 0.539062 0.519444 0.5125 0.494444
3 0.392969 0.508333 0.405469 0.520833 0.392969 0.5625 0.379688 0.551389
3 0.626563 0.606944 0.6375 0.619444 0.619531 0.665278 0.608594 0.652778
