2 0.446094 0.220833 0.496875 0.251389 0.489844 0.2875 0.439063 0.256944
2 0.583594 0.120833 0.603906 0.140278 0.578906 0.222222 0.558594 0.202778
0 0.703125 0.05 0.602344 0.155556 0.590625 0.120833 0.691406 0.0152778
2 0.711719 0.0833333 0.664062 0.119444 0.655469 0.0805556 0.702344 0.0444444
2 0.696875 0.0416667 0.654687 0.0486111 0.652344 0.00694444 0.694531 0
0 0.657813 0.106944 0.773438 0.106944 0.773438 0.144444 0.657813 0.144444
3 0.641406 0.144444 0.690625 0.152778 0.688281 0.2 0.639062 0.191667
0 0.732812 0.343056 0.708594 0.351389 0.685937 0.155556 0.710156 0.147222
2 0.719531 0.1875 0.771094 0.226389 0.761719 0.266667 0.710156 0.227778
2 0.782813 0.240278 0.767188 0.263889 0.732812 0.190278 0.748437 0.166667
3 0.903125 0 0.9375 0 0.9375 0.0277778 0.903125 0.0277778
3 0.908594 0.0263889 0.95 0.0263889 0.95 0.0763889 0.908594 0.0763889
2 0.957812 0.0416667 0.974219 0.0611111 0.946875 0.131944 0.930469 0.1125
2 0.757031 0.283333 0.777344 0.283333 0.777344 0.372222 0.757031 0.372222
2 0.851562 0.331944 0.875781 0.336111 0.870313 0.438889 0.845313 0.434722
2 0.884375 0.270833 0.866406 0.297222 0.833594 0.227778 0.851562 0.201389
0 0.913281 0.302778 0.894531 0.327778 0.821875 0.1625 0.840625 0.136111
2 0.925781 0.569444 0.967187 0.645833 0.949219 0.676389 0.907813 0.6
3 0.971875 0.594444 0.996094 0.594444 0.996094 0.690278 0.971875 0.690278
0 0.901563 0.252778 0.921875 0.252778 0.921875 0.444444 0.901563 0.444444
0 0.914062 0.226389 0.935937 0.226389 0.935937 0.436111 0.914062 0.436111
2 0.946875 0.222222 0.999219 0.241667 0.995313 0.277778 0.942969 0.258333
2 0.950781 0.166667 0.998437 0.2125 0.985938 0.252778 0.939063 0.205556
1 0.66875 0.498611 0.651563 0.543056 0.530469 0.393056 0.548438 0.348611
0 0.572656 0.418056 0.5875 0.436111 0.533594 0.576389 0.51875 0.558333
3 0.580469 0.581944 0.626563 0.598611 0.621094 0.644444 0.575 0.627778
2 0.649219 0.591667 0.6375 0.623611 0.589844 0.569444 0.601562 0.5375
3 0.352344 0.309722 0.378125 0.323611 0.363281 0.408333 0.3375 0.394444
2 0.449219 0.490278 0.429688 0.516667 0.396875 0.440278 0.416406 0.413889
2 0.43125 0.479167 0.417969 0.515278 0.371875 0.4625 0.385156 0.426389
2 0.227344 0.629167 0.280469 0.658333 0.274219 0.694444 0.221094 0.665278
2 0.280469 0.666667 0.296094 0.702778 0.250781 0.766667 0.235156 0.730556
2 0.314063 0.651389 0.367969 0.681944 0.360938 0.720833 0.307031 0.691667
3 0.377344 0.665278 0.411719 0.665278 0.411719 0.723611 0.377344 0.723611
2 0.389844 0.558333 0.411719 0.558333 0.411719 0.597222 0.389844 0.597222
3 0.416406 0.554167 0.460938 0.554167 0.460938 0.6 0.416406 0.6
0 0.503125 0.769444 0.48125 0.786111 0.446094 0.636111 0.467187 0.619444
3 0.459375 0.727778 0.474219 0.7625 0.430469 0.823611 0.415625 0.788889
3 0.428906 0.836111 0.405469 0.844444 0.394531 0.748611 0.417969 0.740278
2 0.424219 0.876389 0.405469 0.895833 0.374219 0.804167 0.392969 0.783333
2 0.429688 0.880556 0.45 0.8875 0.4375 0.997222 0.417187 0.990278
2 0.605469 0.976389 0.582812 0.997222 0.553906 0.904167 0.576562 0.881944
0 0.35625 0.730556 0.377344 0.733333 0.364844 0.952778 0.34375 0.948611
