0 0.360938 0.00138889 0.405469 0.00138889 0.405469 0.0944444 0.360938 0.0944444
2 0.263281 0.270833 0.289844 0.270833 0.289844 0.343056 0.263281 0.343056
2 0.352344 0.227778 0.396094 0.227778 0.396094 0.259722 0.352344 0.259722
2 0.36875 0.243056 0.385937 0.259722 0.367969 0.316667 0.350781 0.3
2 0.421094 0.288889 0.383594 0.302778 0.38125 0.277778 0.41875 0.265278
2 0.333594 0.305556 0.376563 0.305556 0.376563 0.331944 0.333594 0.331944
2 0.278125 0.379167 0.296094 0.379167 0.296094 0.448611 0.278125 0.448611
2 0.347656 0.406944 0.357812 0.434722 0.321875 0.476389 0.311719 0.448611
0 0.424219 0.313889 0.35 0.327778 0.348438 0.298611 0.422656 0.286111
0 0.384375 0.416667 0.299219 0.441667 0.296094 0.409722 0.38125 0.386111
1 0.2875 0.448611 0.392188 0.505556 0.383594 0.554167 0.278906 0.497222
0 0.342187 0.634722 0.322656 0.658333 0.271875 0.526389 0.291406 0.502778
0 0.350781 0.641667 0.334375 0.655556 0.296094 0.519444 0.3125 0.505556
0 0.370312 0.638889 0.353125 0.655556 0.314844 0.531944 0.332031 0.515278
2 0.429688 0.397222 0.442188 0.4 0.439063 0.465278 0.426563 0.4625
2 0.460156 0.416667 0.470313 0.438889 0.440625 0.480556 0.430469 0.458333
2 0.464844 0.431944 0.478125 0.459722 0.447656 0.509722 0.433594 0.481944
2 0.451562 0.476389 0.492188 0.498611 0.486719 0.531944 0.445312 0.509722
2 0.492969 0.494444 0.507812 0.527778 0.473438 0.577778 0.458594 0.544444
2 0.446094 0.559722 0.426563 0.573611 0.410938 0.506944 0.429688 0.491667
0 0.465625 0.536111 0.450781 0.554167 0.398438 0.419444 0.414062 0.4
2 0.396094 0.602778 0.382031 0.619444 0.361719 0.566667 0.375 0.55
0 0.385156 0.527778 0.4 0.530556 0.390625 0.7 0.375781 0.697222
2 0.449219 0.5875 0.460156 0.618056 0.422656 0.661111 0.411719 0.630556
2 0.394531 0.581944 0.416406 0.581944 0.416406 0.622222 0.394531 0.622222
2 0.425781 0.675 0.408594 0.691667 0.391406 0.636111 0.407813 0.619444
2 0.379688 0.676389 0.403906 0.676389 0.403906 0.722222 0.379688 0.722222
2 0.554688 0.588889 0.53125 0.601389 0.517969 0.523611 0.541406 0.511111
3 0.514844 0.584722 0.498437 0.604167 0.478906 0.552778 0.495312 0.533333
3 0.621875 0.630556 0.6 0.647222 0.583594 0.577778 0.605469 0.561111
0 0.424219 0.686111 0.541406 0.709722 0.539062 0.745833 0.421875 0.723611
2 0.442969 0.668056 0.474219 0.668056 0.474219 0.704167 0.442969 0.704167
3 0.4625 0.606944 0.482812 0.606944 0.482812 0.634722 0.4625 0.634722
1 0.615625 0.693056 0.48125 0.716667 0.478125 0.666667 0.6125 0.643056
0 0.435937 0.7125 0.459375 0.720833 0.447656 0.826389 0.424219 0.818056
2 0.448437 0.759722 0.471094 0.759722 0.471094 0.801389 0.448437 0.801389
3 0.4375 0.811111 0.48125 0.811111 0.48125 0.859722 0.4375 0.859722
0 0.5125 0.947222 0.491406 0.955556 0.463281 0.741667 0.484375 0.733333
0 0.530469 0.944444 0.511719 0.954167 0.475781 0.748611 0.494531 0.738889
3 0.51875 0.791667 0.495312 0.804167 0.483594 0.736111 0.507031 0.723611
3 0.563281 0.681944 0.577344 0.713889 0.55 0.752778 0.535937 0.720833
3 0.524219 0.802778 0.545312 0.813889 0.532031 0.888889 0.510938 0.877778
3 0.538281 0.845833 0.563281 0.863889 0.546875 0.9375 0.522656 0.920833
2 0.567969 0.836111 0.547656 0.856944 0.525781 0.784722 0.546094 0.763889
3 0.582031 0.802778 0.5625 0.826389 0.538281 0.763889 0.557813 0.740278
2 0.601562 0.720833 0.6125 0.75 0.571875 0.798611 0.560937 0.769444
2 0.639062 0.858333 0.620313 0.869444 0.603125 0.772222 0.622656 0.761111
2 0.626563 0.834722 0.609375 0.851389 0.584375 0.770833 0.601562 0.754167
2 0.597656 0.8375 0.621094 0.855556 0.599219 0.948611 0.575781 0.930556
2 0.610156 0.869444 0.632812 0.891667 0.60625 0.979167 0.582812 0.956944
1 0.665625 0.797222 0.639844 0.829167 0.592969 0.706944 0.61875 0.675
1 0.817969 0.854167 0.798438 0.9 0.674219 0.736111 0.69375 0.688889
3 0.655469 0.931944 0.619531 0.958333 0.610156 0.919444 0.646094 0.891667
3 0.685156 0.897222 0.663281 0.909722 0.646875 0.813889 0.66875 0.801389
2 0.713281 0.818056 0.73125 0.827778 0.714844 0.926389 0.696094 0.916667
2 0.73125 0.840278 0.753125 0.8625 0.727344 0.945833 0.705469 0.925
0 0.776563 0.8625 0.764844 0.891667 0.660156 0.758333 0.671875 0.729167
