2 0.503125 0.0930556 0.49375 0.0944444 0.491406 0.0569444 0.500781 0.0555556
2 0.574219 0.0555556 0.585938 0.0555556 0.585938 0.0861111 0.574219 0.0861111
2 0.529687 0.0861111 0.548438 0.0861111 0.548438 0.1125 0.529687 0.1125
2 0.541406 0.122222 0.552344 0.122222 0.552344 0.155556 0.541406 0.155556
2 0.655469 0.148611 0.675 0.172222 0.669531 0.1875 0.649219 0.1625
2 0.557031 0.181944 0.551562 0.191667 0.536719 0.168056 0.542969 0.156944
2 0.558594 0.152778 0.58125 0.161111 0.578906 0.179167 0.55625 0.170833
2 0.559375 0.175 0.577344 0.188889 0.573438 0.204167 0.555469 0.190278
0 0.572656 0.175 0.615625 0.206944 0.6125 0.218056 0.570312 0.186111
2 0.594531 0.165278 0.602344 0.172222 0.59375 0.209722 0.585938 0.202778
3 0.639844 0.202778 0.660156 0.202778 0.660156 0.222222 0.639844 0.222222
3 0.652344 0.193056 0.673438 0.193056 0.673438 0.211111 0.652344 0.211111
0 0.539062 0.184722 0.588281 0.198611 0.5875 0.2125 0.5375 0.198611
0 0.549219 0.230556 0.590625 0.244444 0.589844 0.256944 0.547656 0.241667
0 0.553125 0.208333 0.589844 0.215278 0.589063 0.229167 0.552344 0.222222
1 0.541406 0.2375 0.603906 0.248611 0.602344 0.270833 0.539844 0.259722
0 0.546875 0.330556 0.498437 0.352778 0.496094 0.334722 0.544531 0.3125
2 0.533594 0.456944 0.54375 0.456944 0.54375 0.497222 0.533594 0.497222
2 0.560156 0.493056 0.549219 0.497222 0.544531 0.454167 0.555469 0.45
0 0.457031 0.354167 0.505469 0.368056 0.503125 0.3875 0.455469 0.373611
2 0.538281 0.390278 0.548438 0.390278 0.548438 0.422222 0.538281 0.422222
2 0.527344 0.384722 0.521094 0.397222 0.503906 0.372222 0.509375 0.359722
2 0.510938 0.4 0.486719 0.409722 0.484375 0.388889 0.508594 0.380556
3 0.515625 0.398611 0.536719 0.398611 0.536719 0.420833 0.515625 0.420833
0 0.4875 0.406944 0.538281 0.4125 0.5375 0.430556 0.486719 0.425
0 0.489844 0.425 0.548438 0.425 0.548438 0.441667 0.489844 0.441667
3 0.510938 0.430556 0.533594 0.430556 0.533594 0.451389 0.510938 0.451389
2 0.684375 0.275 0.677344 0.293056 0.65625 0.268056 0.6625 0.25
2 0.71875 0.276389 0.740625 0.297222 0.735156 0.313889 0.714063 0.293056
3 0.691406 0.270833 0.7125 0.281944 0.708594 0.301389 0.688281 0.290278
3 0.717969 0.290278 0.723437 0.306944 0.705469 0.326389 0.699219 0.309722
3 0.729688 0.295833 0.734375 0.309722 0.715625 0.331944 0.710156 0.316667
3 0.654687 0.309722 0.676562 0.309722 0.676562 0.327778 0.654687 0.327778
2 0.640625 0.343056 0.614062 0.35 0.6125 0.330556 0.639062 0.323611
2 0.639844 0.316667 0.660937 0.323611 0.658594 0.344444 0.6375 0.3375
0 0.697656 0.318056 0.661719 0.35 0.657813 0.334722 0.69375 0.304167
2 0.707031 0.329167 0.683594 0.347222 0.679688 0.329167 0.703125 0.3125
2 0.635156 0.344444 0.661719 0.344444 0.661719 0.359722 0.635156 0.359722
0 0.659375 0.370833 0.609375 0.3875 0.607812 0.370833 0.657031 0.352778
3 0.660937 0.344444 0.671875 0.344444 0.671875 0.380556 0.660937 0.380556
2 0.640625 0.370833 0.66875 0.375 0.667188 0.395833 0.639844 0.390278
2 0.644531 0.398611 0.638281 0.415278 0.616406 0.388889 0.622656 0.373611
3 0.592969 0.376389 0.616406 0.384722 0.613281 0.405556 0.590625 0.398611
0 0.622656 0.4125 0.628906 0.422222 0.595313 0.493056 0.589063 0.481944
2 0.620313 0.429167 0.630469 0.434722 0.623437 0.476389 0.613281 0.469444
0 0.682031 0.434722 0.628906 0.4625 0.625781 0.444444 0.678906 0.415278
3 0.678125 0.411111 0.658594 0.434722 0.653906 0.420833 0.673438 0.397222
2 0.671875 0.384722 0.69375 0.411111 0.6875 0.429167 0.664844 0.402778
2 0.696094 0.431944 0.68125 0.440278 0.678906 0.425 0.69375 0.416667
3 0.667969 0.438889 0.689844 0.438889 0.689844 0.452778 0.667969 0.452778
2 0.713281 0.441667 0.691406 0.452778 0.6875 0.433333 0.710156 0.420833
2 0.707812 0.420833 0.700781 0.430556 0.686719 0.4 0.692969 0.390278
2 0.700781 0.395833 0.720313 0.419444 0.714844 0.433333 0.695312 0.409722
1 0.735938 0.336111 0.685156 0.402778 0.675 0.379167 0.725781 0.3125
3 0.700781 0.370833 0.719531 0.370833 0.719531 0.394444 0.700781 0.394444
1 0.744531 0.330556 0.757031 0.352778 0.721094 0.422222 0.708594 0.4
2 0.778125 0.347222 0.760156 0.380556 0.750781 0.365278 0.769531 0.333333
1 0.732812 0.384722 0.805469 0.436111 0.799219 0.4625 0.726562 0.411111
3 0.716406 0.436111 0.742969 0.436111 0.742969 0.452778 0.716406 0.452778
3 0.775 0.466667 0.764844 0.479167 0.750781 0.443056 0.761719 0.430556
2 0.7875 0.516667 0.78125 0.529167 0.757031 0.495833 0.763281 0.481944
2 0.808594 0.522222 0.798438 0.536111 0.778906 0.494444 0.789062 0.480556
2 0.807813 0.480556 0.819531 0.484722 0.814063 0.534722 0.802344 0.530556
0 0.772656 0.436111 0.810937 0.477778 0.805469 0.491667 0.767188 0.451389
