2 0.563281 0.259722 0.552344 0.263889 0.548438 0.226389 0.559375 0.222222
2 0.589844 0.2375 0.616406 0.247222 0.614062 0.266667 0.5875 0.258333
2 0.6625 0.2 0.650781 0.209722 0.640625 0.176389 0.652344 0.165278
2 0.604688 0.279167 0.617969 0.279167 0.617969 0.322222 0.604688 0.322222
0 0.59375 0.3 0.584375 0.3125 0.557813 0.248611 0.567969 0.236111
2 0.60625 0.331944 0.623437 0.355556 0.616406 0.372222 0.599219 0.348611
2 0.624219 0.322222 0.65 0.322222 0.65 0.345833 0.624219 0.345833
2 0.625 0.351389 0.65 0.365278 0.646094 0.386111 0.621094 0.372222
0 0.659375 0.393056 0.601562 0.395833 0.600781 0.373611 0.659375 0.369444
0 0.664062 0.401389 0.601562 0.420833 0.599219 0.397222 0.661719 0.377778
2 0.665625 0.319444 0.680469 0.327778 0.670312 0.383333 0.65625 0.375
2 0.640625 0.345833 0.660937 0.35 0.660156 0.369444 0.639844 0.365278
0 0.653125 0.336111 0.707812 0.355556 0.705469 0.372222 0.651563 0.352778
0 0.747656 0.341667 0.684375 0.401389 0.679688 0.381944 0.742188 0.323611
2 0.746875 0.258333 0.775781 0.280556 0.771094 0.301389 0.742188 0.279167
3 0.776563 0.343056 0.748437 0.347222 0.747656 0.323611 0.775 0.318056
3 0.729688 0.344444 0.760938 0.344444 0.760938 0.370833 0.729688 0.370833
2 0.639062 0.402778 0.647656 0.420833 0.625781 0.45 0.617969 0.431944
0 0.671875 0.445833 0.610156 0.455556 0.609375 0.434722 0.671094 0.423611
1 0.685156 0.468056 0.600781 0.481944 0.599219 0.448611 0.683594 0.433333
3 0.832812 0.425 0.858594 0.455556 0.849219 0.480556 0.823438 0.448611
2 0.85 0.423611 0.880469 0.440278 0.875781 0.465278 0.845313 0.448611
3 0.861719 0.459722 0.891406 0.488889 0.883594 0.5125 0.853906 0.484722
2 0.867969 0.493056 0.883594 0.501389 0.874219 0.5625 0.858594 0.555556
0 0.555469 0.633333 0.613281 0.654167 0.610938 0.675 0.553125 0.652778
2 0.611719 0.729167 0.598437 0.729167 0.597656 0.673611 0.611719 0.672222
2 0.560937 0.647222 0.586719 0.672222 0.579688 0.691667 0.553906 0.666667
0 0.497656 0.672222 0.5625 0.676389 0.561719 0.698611 0.496875 0.695833
2 0.565625 0.684722 0.56875 0.708333 0.535937 0.725 0.532031 0.701389
0 0.613281 0.754167 0.557031 0.758333 0.557031 0.7375 0.613281 0.733333
3 0.564063 0.75 0.595313 0.75 0.595313 0.780556 0.564063 0.780556
2 0.608594 0.847222 0.592187 0.851389 0.588281 0.781944 0.604688 0.779167
2 0.626563 0.834722 0.613281 0.838889 0.60625 0.776389 0.619531 0.770833
3 0.571875 0.702778 0.597656 0.702778 0.597656 0.733333 0.571875 0.733333
0 0.63125 0.783333 0.646094 0.795833 0.610156 0.934722 0.595313 0.923611
3 0.670312 0.801389 0.642969 0.833333 0.634375 0.811111 0.661719 0.777778
2 0.675 0.840278 0.635156 0.855556 0.632031 0.834722 0.672656 0.819444
1 0.728125 0.838889 0.625781 0.894444 0.619531 0.856944 0.721875 0.801389
1 0.727344 0.979167 0.703125 0.997222 0.669531 0.855556 0.69375 0.8375
3 0.669531 0.876389 0.683594 0.890278 0.664062 0.954167 0.65 0.938889
2 0.646094 0.940278 0.610938 0.973611 0.603125 0.948611 0.638281 0.915278
2 0.583594 0.948611 0.602344 0.948611 0.602344 0.998611 0.583594 0.998611
3 0.703906 0.961111 0.685937 0.977778 0.669531 0.925 0.6875 0.906944
2 0.935937 0.694444 0.920312 0.705556 0.903125 0.633333 0.91875 0.620833
2 0.855469 0.690278 0.839063 0.709722 0.819531 0.656944 0.835938 0.638889
2 0.840625 0.718056 0.799219 0.733333 0.796875 0.708333 0.8375 0.693056
0 0.841406 0.733333 0.848437 0.758333 0.767969 0.825 0.761719 0.8
3 0.861719 0.672222 0.878906 0.681944 0.867188 0.747222 0.850781 0.738889
3 0.889844 0.694444 0.908594 0.708333 0.89375 0.769444 0.875781 0.754167
0 0.884375 0.6375 0.903906 0.652778 0.873437 0.780556 0.854688 0.765278
2 0.842187 0.758333 0.849219 0.784722 0.807813 0.822222 0.800781 0.795833
2 0.832812 0.827778 0.792969 0.85 0.7875 0.818056 0.827344 0.795833
1 0.882031 0.7625 0.908594 0.780556 0.864062 0.977778 0.8375 0.958333
2 0.911719 0.951389 0.86875 0.975 0.863281 0.947222 0.907031 0.922222
2 0.999219 0.873611 0.979688 0.893056 0.963281 0.838889 0.982031 0.819444
