2 0.300781 0.118056 0.2875 0.122222 0.283594 0.0777778 0.296875 0.0736111
0 0.332031 0.161111 0.320312 0.173611 0.294531 0.101389 0.30625 0.0888889
2 0.329688 0.0902778 0.357031 0.102778 0.353906 0.125 0.326562 0.1125
2 0.342187 0.141667 0.358594 0.141667 0.358594 0.190278 0.342187 0.190278
2 0.389844 0.0166667 0.405469 0.0166667 0.405469 0.0527778 0.389844 0.0527778
2 0.360938 0.193056 0.389062 0.193056 0.389062 0.216667 0.360938 0.216667
2 0.334375 0.209722 0.358594 0.209722 0.358594 0.240278 0.334375 0.240278
2 0.378906 0.220833 0.403906 0.220833 0.403906 0.241667 0.378906 0.241667
2 0.359375 0.225 0.3875 0.236111 0.384375 0.2625 0.357031 0.251389
0 0.396094 0.272222 0.332813 0.279167 0.332813 0.252778 0.395313 0.247222
0 0.402344 0.280556 0.334375 0.304167 0.332031 0.279167 0.399219 0.254167
2 0.403906 0.194444 0.417969 0.2 0.408594 0.258333 0.394531 0.252778
0 0.389062 0.208333 0.446094 0.227778 0.44375 0.25 0.386719 0.230556
3 0.502344 0.243056 0.469531 0.247222 0.46875 0.213889 0.501563 0.209722
2 0.489063 0.119444 0.51875 0.140278 0.513281 0.161111 0.484375 0.140278
3 0.4875 0.1875 0.514062 0.1875 0.514062 0.213889 0.4875 0.213889
3 0.561719 0.301389 0.586719 0.331944 0.577344 0.356944 0.552344 0.325
2 0.580469 0.302778 0.60625 0.315278 0.602344 0.3375 0.576562 0.325
3 0.590625 0.3375 0.619531 0.366667 0.611719 0.393056 0.582031 0.363889
3 0.605469 0.320833 0.632812 0.354167 0.623437 0.377778 0.596875 0.344444
3 0.757031 0.298611 0.720313 0.326389 0.7125 0.294444 0.75 0.266667
2 0.592969 0.379167 0.607812 0.384722 0.600781 0.447222 0.585938 0.441667
2 0.378125 0.286111 0.385937 0.304167 0.366406 0.331944 0.358594 0.3125
1 0.421094 0.361111 0.33125 0.381944 0.328906 0.343056 0.41875 0.322222
0 0.276562 0.555556 0.342187 0.579167 0.339062 0.602778 0.273438 0.579167
2 0.278125 0.577778 0.307031 0.606944 0.3 0.629167 0.271094 0.598611
0 0.20625 0.615278 0.278125 0.615278 0.278125 0.638889 0.20625 0.638889
2 0.2875 0.647222 0.250781 0.668056 0.246875 0.643056 0.283594 0.623611
0 0.324219 0.6875 0.247656 0.701389 0.246875 0.680556 0.322656 0.665278
0 0.335156 0.695833 0.253125 0.713889 0.250781 0.684722 0.333594 0.668056
3 0.314844 0.727778 0.275781 0.729167 0.275781 0.693056 0.314063 0.691667
2 0.324219 0.798611 0.309375 0.801389 0.307031 0.729167 0.321875 0.727778
2 0.346094 0.784722 0.328125 0.790278 0.321094 0.719444 0.339844 0.713889
2 0.320312 0.595833 0.336719 0.597222 0.335156 0.669444 0.31875 0.668056
3 0.378125 0.711111 0.392188 0.7375 0.365625 0.781944 0.351562 0.756944
3 0.45 0.666667 0.435156 0.681944 0.417969 0.625 0.432812 0.611111
2 0.29375 0.919444 0.313281 0.925 0.307031 0.997222 0.2875 0.993056
2 0.359375 0.9 0.320312 0.947222 0.310937 0.922222 0.350781 0.875
3 0.383594 0.826389 0.4 0.847222 0.378125 0.904167 0.361719 0.883333
3 0.417187 0.916667 0.399219 0.930556 0.384375 0.868056 0.402344 0.855556
1 0.435937 0.725 0.446875 0.769444 0.338281 0.856944 0.326562 0.8125
1 0.45 0.981944 0.421094 0.998611 0.383594 0.797222 0.4125 0.780556
2 0.535937 0.981944 0.520312 0.998611 0.503906 0.945833 0.520312 0.930556
2 0.621094 0.872222 0.573438 0.906944 0.566406 0.876389 0.614062 0.840278
3 0.688281 0.815278 0.665625 0.827778 0.653125 0.754167 0.675 0.743056
2 0.711719 0.806944 0.695312 0.823611 0.670312 0.741667 0.686719 0.725
1 0.59375 0.669444 0.622656 0.688889 0.577344 0.904167 0.548438 0.884722
2 0.552344 0.738889 0.508594 0.770833 0.501563 0.741667 0.546094 0.709722
2 0.557813 0.666667 0.567187 0.691667 0.527344 0.7375 0.51875 0.711111
2 0.652344 0.584722 0.638281 0.594444 0.621875 0.523611 0.635938 0.5125
3 0.603906 0.598611 0.621094 0.611111 0.605469 0.675 0.588281 0.661111
3 0.579688 0.572222 0.596094 0.581944 0.582031 0.659722 0.566406 0.65
0 0.60625 0.538889 0.621094 0.548611 0.590625 0.679167 0.576562 0.668056
2 0.559375 0.595833 0.564063 0.625 0.521875 0.645833 0.517969 0.616667
0 0.55625 0.645833 0.564063 0.666667 0.494531 0.745833 0.4875 0.725
