2 0.497656 0.238889 0.484375 0.244444 0.480469 0.205556 0.492969 0.201389
2 0.5375 0.261111 0.551562 0.261111 0.551562 0.306944 0.5375 0.306944
2 0.523438 0.215278 0.548438 0.215278 0.548438 0.244444 0.523438 0.244444
2 0.578125 0.134722 0.597656 0.134722 0.597656 0.176389 0.578125 0.176389
0 0.528906 0.277778 0.516406 0.293056 0.491406 0.229167 0.503906 0.213889
2 0.682031 0.220833 0.714063 0.244444 0.707812 0.268056 0.676562 0.244444
2 0.55625 0.301389 0.586719 0.306944 0.585156 0.333333 0.555469 0.327778
2 0.535156 0.318056 0.560156 0.341667 0.554688 0.361111 0.528906 0.3375
2 0.55625 0.336111 0.585156 0.351389 0.58125 0.372222 0.552344 0.358333
2 0.571094 0.327778 0.596875 0.331944 0.596094 0.355556 0.570312 0.351389
2 0.594531 0.306944 0.608594 0.311111 0.601562 0.372222 0.5875 0.366667
0 0.5875 0.315278 0.638281 0.333333 0.635156 0.356944 0.584375 0.3375
2 0.594531 0.3 0.624219 0.304167 0.623437 0.322222 0.592969 0.318056
2 0.607031 0.3125 0.6375 0.3125 0.6375 0.330556 0.607031 0.330556
0 0.590625 0.380556 0.530469 0.388889 0.529687 0.363889 0.589844 0.354167
0 0.598437 0.3875 0.533594 0.409722 0.53125 0.3875 0.595313 0.363889
3 0.664062 0.322222 0.69375 0.322222 0.69375 0.351389 0.664062 0.351389
3 0.715625 0.316667 0.682031 0.327778 0.678125 0.295833 0.7125 0.283333
2 0.582031 0.409722 0.55625 0.447222 0.546875 0.425 0.571875 0.388889
0 0.605469 0.443056 0.539062 0.455556 0.538281 0.433333 0.604688 0.422222
1 0.61875 0.463889 0.529687 0.4875 0.526563 0.447222 0.615625 0.425
2 0.784375 0.398611 0.828125 0.415278 0.825 0.441667 0.78125 0.426389
3 0.79375 0.436111 0.78125 0.463889 0.754687 0.425 0.767188 0.397222
3 0.847656 0.458333 0.838281 0.486111 0.803125 0.445833 0.8125 0.418056
3 0.794531 0.431944 0.830469 0.472222 0.821094 0.498611 0.785156 0.458333
3 0.984375 0.398611 0.940625 0.423611 0.934375 0.386111 0.978125 0.3625
2 0.801562 0.479167 0.81875 0.484722 0.810937 0.554167 0.79375 0.547222
2 0.874219 0.7 0.855469 0.713889 0.836719 0.633333 0.855469 0.619444
2 0.955469 0.938889 0.9375 0.9625 0.901563 0.868056 0.919531 0.845833
3 0.928125 0.952778 0.900781 0.972222 0.878906 0.879167 0.90625 0.858333
3 0.657813 0.765278 0.640625 0.786111 0.61875 0.729167 0.636719 0.708333
0 0.483594 0.651389 0.542188 0.673611 0.539844 0.697222 0.480469 0.675
0 0.422656 0.698611 0.490625 0.698611 0.490625 0.729167 0.422656 0.729167
2 0.489063 0.665278 0.516406 0.7 0.50625 0.725 0.479687 0.688889
2 0.494531 0.741667 0.463281 0.758333 0.458594 0.729167 0.489063 0.7125
2 0.540625 0.758333 0.524219 0.758333 0.523438 0.694444 0.539844 0.693056
3 0.497656 0.731944 0.522656 0.731944 0.522656 0.763889 0.497656 0.763889
0 0.532813 0.777778 0.458594 0.783333 0.457813 0.759722 0.532813 0.754167
0 0.542969 0.7875 0.464844 0.802778 0.464062 0.776389 0.541406 0.7625
3 0.486719 0.786111 0.524219 0.786111 0.524219 0.818056 0.486719 0.818056
2 0.535937 0.888889 0.51875 0.893056 0.514844 0.818056 0.532031 0.815278
2 0.554688 0.875 0.538281 0.881944 0.530469 0.809722 0.546875 0.804167
0 0.557031 0.816667 0.570312 0.827778 0.530469 0.990278 0.517188 0.979167
3 0.6 0.836111 0.56875 0.881944 0.554688 0.851389 0.586719 0.805556
2 0.600781 0.879167 0.560937 0.901389 0.555469 0.872222 0.596094 0.85
1 0.657031 0.877778 0.55 0.943056 0.541406 0.898611 0.648438 0.833333
1 0.642188 0.973611 0.614844 0.988889 0.596875 0.894444 0.623437 0.877778
3 0.59375 0.919444 0.610156 0.938889 0.5875 0.998611 0.571094 0.977778
3 0.619531 0.9875 0.601562 0.997222 0.594531 0.958333 0.613281 0.948611
2 0.791406 0.708333 0.775 0.729167 0.75 0.6625 0.766406 0.643056
2 0.773438 0.734722 0.728906 0.754167 0.724219 0.722222 0.76875 0.702778
2 0.800781 0.818056 0.783594 0.826389 0.770312 0.748611 0.7875 0.738889
2 0.76875 0.85 0.721875 0.884722 0.714844 0.852778 0.761719 0.818056
2 0.770312 0.777778 0.782031 0.808333 0.74375 0.852778 0.732812 0.820833
0 0.770312 0.756944 0.778906 0.781944 0.700781 0.858333 0.692969 0.833333
3 0.792188 0.684722 0.810937 0.697222 0.796094 0.761111 0.778125 0.748611
3 0.822656 0.706944 0.842187 0.723611 0.825 0.788889 0.804688 0.772222
0 0.81875 0.641667 0.838281 0.654167 0.807031 0.805556 0.788281 0.791667
1 0.813281 0.780556 0.842187 0.8 0.8 0.998611 0.771875 0.979167
2 0.80625 0.969444 0.84375 0.969444 0.84375 0.998611 0.80625 0.998611
