2 0.535937 0.00277778 0.551562 0.00277778 0.551562 0.0527778 0.535937 0.0527778
0 0.5875 0.106944 0.570312 0.120833 0.547656 0.0277778 0.564063 0.0152778
2 0.588281 0.0361111 0.611719 0.0708333 0.600781 0.0944444 0.577344 0.0597222
2 0.603906 0.0875 0.621875 0.0944444 0.615625 0.151389 0.597656 0.144444
2 0.597656 0.155556 0.61875 0.186111 0.610156 0.204167 0.589844 0.172222
2 0.621875 0.151389 0.646875 0.165278 0.642969 0.1875 0.617969 0.173611
2 0.776563 0.1875 0.766406 0.205556 0.746094 0.170833 0.755469 0.152778
2 0.64375 0.206944 0.636719 0.226389 0.614062 0.2 0.621094 0.180556
2 0.641406 0.184722 0.664844 0.202778 0.659375 0.223611 0.635938 0.206944
2 0.666406 0.181944 0.678906 0.194444 0.665625 0.236111 0.653125 0.225
0 0.654687 0.181944 0.708594 0.222222 0.703125 0.244444 0.649219 0.204167
0 0.651563 0.179167 0.705469 0.208333 0.703125 0.225 0.648438 0.195833
0 0.592969 0.197222 0.657031 0.218056 0.655469 0.238889 0.590625 0.219444
0 0.592187 0.225 0.6625 0.229167 0.661719 0.254167 0.591406 0.25
1 0.589844 0.280556 0.68125 0.297222 0.679688 0.322222 0.588281 0.306944
0 0.600781 0.268056 0.669531 0.286111 0.66875 0.3 0.599219 0.281944
2 0.642188 0.265278 0.613281 0.281944 0.610156 0.2625 0.638281 0.245833
3 0.733594 0.233333 0.758594 0.243056 0.755469 0.268056 0.730469 0.258333
3 0.751563 0.218056 0.778125 0.218056 0.778125 0.244444 0.751563 0.244444
3 0.849219 0.3875 0.835938 0.408333 0.815625 0.363889 0.828125 0.344444
2 0.841406 0.356944 0.866406 0.388889 0.860156 0.405556 0.834375 0.373611
3 0.972656 0.413889 0.997656 0.413889 0.997656 0.447222 0.972656 0.447222
2 0.857031 0.433333 0.869531 0.441667 0.857031 0.494444 0.844531 0.486111
2 0.908594 0.631944 0.892969 0.641667 0.88125 0.573611 0.896875 0.565278
2 0.880469 0.8625 0.841406 0.876389 0.838281 0.844444 0.877344 0.830556
2 0.811719 0.954167 0.792969 0.972222 0.767188 0.890278 0.786719 0.870833
3 0.9375 0.843056 0.917969 0.851389 0.910156 0.777778 0.929688 0.770833
2 0.932031 0.768056 0.953125 0.768056 0.953125 0.820833 0.932031 0.820833
1 0.863281 0.680556 0.889062 0.705556 0.8375 0.870833 0.8125 0.847222
0 0.870313 0.573611 0.883594 0.586111 0.85 0.697222 0.835938 0.683333
3 0.870313 0.622222 0.888281 0.644444 0.867969 0.697222 0.85 0.676389
3 0.846094 0.6 0.8625 0.620833 0.844531 0.666667 0.827344 0.647222
2 0.846094 0.706944 0.830469 0.7125 0.825 0.669444 0.841406 0.663889
2 0.8375 0.605556 0.828125 0.620833 0.802344 0.568056 0.8125 0.552778
2 0.782813 0.604167 0.824219 0.604167 0.824219 0.630556 0.782813 0.630556
0 0.828125 0.669444 0.7625 0.693056 0.759375 0.661111 0.825 0.6375
2 0.811719 0.720833 0.770312 0.736111 0.767188 0.704167 0.808594 0.690278
2 0.826562 0.698611 0.785937 0.7125 0.782813 0.683333 0.823438 0.668056
3 0.713281 0.606944 0.691406 0.622222 0.679688 0.570833 0.701562 0.554167
2 0.684375 0.925 0.670312 0.9375 0.648438 0.865278 0.6625 0.851389
1 0.71875 0.886111 0.698438 0.901389 0.651563 0.702778 0.671875 0.6875
3 0.682031 0.822222 0.664062 0.833333 0.65 0.766667 0.667188 0.754167
3 0.648438 0.720833 0.664062 0.744444 0.640625 0.795833 0.624219 0.772222
3 0.599219 0.809722 0.610156 0.830556 0.582812 0.877778 0.571094 0.856944
2 0.553906 0.763889 0.571094 0.770833 0.561719 0.85 0.544531 0.843056
2 0.617188 0.775 0.578125 0.804167 0.571875 0.777778 0.610938 0.748611
1 0.710938 0.702778 0.596875 0.726389 0.59375 0.686111 0.708594 0.661111
2 0.65625 0.684722 0.611719 0.694444 0.610156 0.673611 0.654687 0.663889
3 0.653125 0.652778 0.619531 0.683333 0.610938 0.652778 0.644531 0.622222
2 0.563281 0.604167 0.580469 0.604167 0.580469 0.676389 0.563281 0.676389
2 0.604688 0.666667 0.5875 0.672222 0.580469 0.608333 0.596875 0.602778
3 0.5375 0.575 0.569531 0.575 0.569531 0.604167 0.5375 0.604167
2 0.578125 0.504167 0.592187 0.504167 0.592187 0.558333 0.578125 0.558333
0 0.510156 0.551389 0.591406 0.566667 0.589844 0.5875 0.508594 0.573611
0 0.505469 0.525 0.585156 0.548611 0.582812 0.575 0.503125 0.551389
3 0.546094 0.518056 0.578125 0.534722 0.572656 0.5625 0.541406 0.545833
2 0.501563 0.504167 0.539062 0.504167 0.539062 0.527778 0.501563 0.527778
0 0.533594 0.434722 0.594531 0.481944 0.588281 0.508333 0.526563 0.461111
2 0.5625 0.497222 0.553906 0.513889 0.529687 0.476389 0.538281 0.458333
0 0.463281 0.455556 0.538281 0.483333 0.535156 0.511111 0.459375 0.483333
