0 0.80625 0.5125 0.785156 0.558333 0.654687 0.373611 0.675 0.327778
0 0.686719 0.322222 0.850781 0.418056 0.840625 0.473611 0.676562 0.376389
0 0.428125 0.1375 0.314063 0.248611 0.3 0.202778 0.414062 0.0916667
0 0.391406 0.218056 0.277344 0.304167 0.265625 0.255556 0.379688 0.169444
0 0.250781 0.561111 0.3625 0.601389 0.357812 0.638889 0.246094 0.598611
0 0.2375 0.568056 0.351562 0.631944 0.345313 0.669444 0.23125 0.606944
0 0.311719 0.6625 0.440625 0.6625 0.440625 0.698611 0.311719 0.698611
0 0.446875 0.772222 0.325 0.794444 0.322656 0.754167 0.444531 0.731944
0 0.523438 0.761111 0.549219 0.775 0.510156 0.998611 0.484375 0.984722
0 0.55 0.627778 0.579688 0.633333 0.564844 0.897222 0.535156 0.891667
0 0.492969 0.75 0.517188 0.784722 0.432812 0.9625 0.409375 0.926389
0 0.4875 0.825 0.502344 0.843056 0.446094 0.988889 0.43125 0.970833
1 0.670312 0.0486111 0.522656 0.269444 0.499219 0.220833 0.646875 0
1 0.386719 0.208333 0.429688 0.223611 0.39375 0.538889 0.350781 0.523611
1 0.5375 0.494444 0.380469 0.5875 0.366406 0.513889 0.524219 0.420833
1 0.469531 0.830556 0.338281 0.951389 0.31875 0.884722 0.45 0.7625
3 0.364844 0.9 0.420312 0.9 0.420312 0.952778 0.364844 0.952778
3 0.358594 0.956944 0.407031 0.956944 0.407031 0.998611 0.358594 0.998611
3 0.567187 0.647222 0.600781 0.647222 0.600781 0.761111 0.567187 0.761111
3 0.564063 0.775 0.604688 0.775 0.604688 0.890278 0.564063 0.890278
3 0.366406 0.8375 0.320312 0.8625 0.310937 0.808333 0.357031 0.783333
3 0.273438 0.756944 0.321875 0.756944 0.321875 0.805556 0.273438 0.805556
3 0.24375 0.404167 0.298438 0.404167 0.298438 0.458333 0.24375 0.458333
3 0.320312 0.411111 0.365625 0.411111 0.365625 0.486111 0.320312 0.486111
3 0.403125 0.126389 0.353906 0.175 0.3375 0.122222 0.386719 0.0736111
3 0.457813 0.136111 0.501563 0.136111 0.501563 0.245833 0.457813 0.245833
3 0.403125 0.170833 0.454688 0.170833 0.454688 0.25 0.403125 0.25
3 0.482812 0.297222 0.521875 0.297222 0.521875 0.397222 0.482812 0.397222
3 0.573438 0.306944 0.635156 0.306944 0.635156 0.365278 0.573438 0.365278
3 0.528906 0.343056 0.5875 0.343056 0.5875 0.406944 0.528906 0.406944
3 0.578125 0.2875 0.532813 0.369444 0.508594 0.326389 0.553125 0.244444
3 0.713281 0.290278 0.789844 0.334722 0.779687 0.391667 0.703125 0.348611
