2 0.623437 0 0.636719 0 0.636719 0.0430556 0.623437 0.0430556
2 0.676562 0.0375 0.7 0.0652778 0.691406 0.0847222 0.66875 0.0569444
0 0.671875 0.1 0.659375 0.1125 0.633594 0.0277778 0.646094 0.0166667
2 0.691406 0.0930556 0.704688 0.0986111 0.699219 0.147222 0.685937 0.141667
2 0.736719 0.00555556 0.753125 0.00555556 0.753125 0.0513889 0.736719 0.0513889
2 0.7125 0.151389 0.742188 0.166667 0.7375 0.193056 0.707812 0.176389
2 0.70625 0.1875 0.692187 0.204167 0.677344 0.163889 0.691406 0.147222
0 0.678906 0.193056 0.744531 0.216667 0.741406 0.244444 0.675781 0.219444
2 0.709375 0.179167 0.736719 0.206944 0.729688 0.229167 0.702344 0.201389
0 0.678906 0.219444 0.753125 0.236111 0.751563 0.258333 0.677344 0.241667
2 0.875781 0.194444 0.867188 0.218056 0.840625 0.1875 0.849219 0.163889
2 0.730469 0.190278 0.752344 0.190278 0.752344 0.219444 0.730469 0.219444
2 0.7625 0.181944 0.774219 0.193056 0.760156 0.238889 0.747656 0.227778
0 0.745313 0.191667 0.801562 0.233333 0.796875 0.252778 0.740625 0.211111
0 0.846094 0.252778 0.769531 0.270833 0.767188 0.241667 0.84375 0.223611
3 0.845313 0.225 0.875781 0.236111 0.872656 0.265278 0.842187 0.254167
3 0.828906 0.240278 0.857031 0.25 0.853125 0.279167 0.825781 0.268056
2 0.735938 0.269444 0.707812 0.284722 0.703125 0.259722 0.73125 0.244444
0 0.692187 0.263889 0.7625 0.288889 0.760156 0.311111 0.689844 0.286111
1 0.678906 0.273611 0.774219 0.297222 0.771094 0.331944 0.676562 0.308333
0 0.686719 0.4125 0.610938 0.440278 0.608594 0.418056 0.684375 0.390278
0 0.625781 0.475 0.620313 0.504167 0.549219 0.459722 0.555469 0.430556
2 0.652344 0.498611 0.639062 0.518056 0.616406 0.469444 0.629687 0.45
2 0.625781 0.516667 0.590625 0.523611 0.588281 0.491667 0.624219 0.484722
0 0.592969 0.522222 0.673438 0.551389 0.671094 0.575 0.589844 0.545833
0 0.595313 0.543056 0.682031 0.569444 0.679688 0.597222 0.592969 0.570833
3 0.622656 0.570833 0.657031 0.583333 0.653906 0.615278 0.619531 0.602778
2 0.666406 0.508333 0.682813 0.508333 0.682813 0.563889 0.666406 0.563889
2 0.65625 0.613889 0.671094 0.613889 0.671094 0.681944 0.65625 0.681944
2 0.695312 0.684722 0.676562 0.688889 0.672656 0.616667 0.691406 0.6125
2 0.784375 0.436111 0.823438 0.436111 0.823438 0.465278 0.784375 0.465278
2 0.821094 0.423611 0.85625 0.443056 0.850781 0.473611 0.815625 0.454167
3 0.845313 0.422222 0.878906 0.422222 0.878906 0.452778 0.845313 0.452778
2 0.860156 0.329167 0.889844 0.365278 0.88125 0.3875 0.852344 0.351389
3 0.908594 0.3625 0.935937 0.395833 0.924219 0.425 0.896875 0.391667
2 0.942969 0.381944 0.978906 0.418056 0.970313 0.445833 0.934375 0.409722
3 0.953906 0.433333 0.920312 0.451389 0.915625 0.427778 0.95 0.408333
3 0.969531 0.455556 0.939063 0.477778 0.93125 0.444444 0.961719 0.420833
0 0.9125 0.444444 0.852344 0.486111 0.847656 0.465278 0.907031 0.422222
2 0.821094 0.463889 0.855469 0.476389 0.852344 0.504167 0.817969 0.491667
3 0.855469 0.483333 0.873437 0.483333 0.873437 0.530556 0.855469 0.530556
2 0.925 0.466667 0.892188 0.486111 0.886719 0.458333 0.920312 0.438889
3 0.75 0.511111 0.785156 0.529167 0.779687 0.558333 0.744531 0.538889
0 0.853125 0.518056 0.767188 0.531944 0.766406 0.506944 0.851562 0.491667
2 0.828906 0.5125 0.866406 0.533333 0.861719 0.561111 0.823438 0.540278
2 0.795312 0.515278 0.826562 0.552778 0.816406 0.577778 0.785937 0.540278
2 0.789062 0.604167 0.805469 0.6125 0.79375 0.677778 0.777344 0.669444
1 0.958594 0.448611 0.971875 0.4875 0.8875 0.581944 0.873437 0.541667
3 0.920312 0.520833 0.946875 0.563889 0.930469 0.597222 0.903125 0.554167
1 0.982031 0.502778 0.998437 0.533333 0.945312 0.625 0.928906 0.594444
1 0.961719 0.580556 0.998437 0.580556 0.998437 0.634722 0.961719 0.634722
3 0.8625 0.636111 0.898438 0.643056 0.896094 0.672222 0.860156 0.665278
2 0.903125 0.609722 0.907031 0.636111 0.870313 0.652778 0.866406 0.627778
2 0.935156 0.648611 0.899219 0.669444 0.894531 0.641667 0.930469 0.622222
2 0.903906 0.602778 0.892969 0.620833 0.863281 0.569444 0.873437 0.551389
2 0.946094 0.625 0.932031 0.65 0.907031 0.605556 0.920312 0.580556
2 0.93125 0.620833 0.916406 0.643056 0.889062 0.584722 0.903906 0.5625
3 0.882031 0.606944 0.847656 0.626389 0.841406 0.590278 0.875781 0.570833
3 0.938281 0.654167 0.980469 0.654167 0.980469 0.684722 0.938281 0.684722
