2 0.789062 0.618056 0.778125 0.634722 0.755469 0.586111 0.765625 0.570833
2 0.723437 0.627778 0.710938 0.633333 0.705469 0.583333 0.717969 0.577778
2 0.71875 0.565278 0.730469 0.565278 0.730469 0.613889 0.71875 0.613889
2 0.742188 0.529167 0.753906 0.541667 0.739062 0.584722 0.727344 0.573611
2 0.738281 0.508333 0.749219 0.519444 0.734375 0.5625 0.724219 0.552778
2 0.703125 0.526389 0.717187 0.538889 0.704688 0.583333 0.690625 0.572222
2 0.699219 0.647222 0.666406 0.651389 0.665625 0.626389 0.698438 0.622222
2 0.639844 0.6625 0.610938 0.683333 0.605469 0.661111 0.635156 0.638889
2 0.689063 0.6125 0.664062 0.636111 0.657031 0.613889 0.682813 0.588889
2 0.660937 0.573611 0.671875 0.586111 0.65625 0.626389 0.645312 0.613889
2 0.647656 0.568056 0.659375 0.580556 0.64375 0.619444 0.632812 0.606944
2 0.622656 0.547222 0.633594 0.554167 0.625781 0.6 0.614062 0.594444
2 0.649219 0.527778 0.673438 0.563889 0.665625 0.580556 0.641406 0.544444
2 0.667188 0.498611 0.68125 0.498611 0.68125 0.543056 0.667188 0.543056
2 0.664844 0.540278 0.655469 0.551389 0.639844 0.511111 0.649219 0.498611
2 0.703906 0.451389 0.715625 0.451389 0.715625 0.501389 0.703906 0.501389
2 0.725781 0.473611 0.714844 0.476389 0.7125 0.429167 0.723437 0.427778
2 0.70625 0.427778 0.714063 0.443056 0.695312 0.476389 0.686719 0.461111
2 0.644531 0.436111 0.65625 0.436111 0.65625 0.483333 0.644531 0.483333
2 0.552344 0.605556 0.58125 0.605556 0.58125 0.626389 0.552344 0.626389
2 0.571875 0.616667 0.598437 0.616667 0.598437 0.634722 0.571875 0.634722
2 0.646875 0.465278 0.617969 0.476389 0.614844 0.454167 0.644531 0.443056
2 0.649219 0.420833 0.674219 0.444444 0.66875 0.461111 0.644531 0.4375
2 0.650781 0.415278 0.682813 0.420833 0.68125 0.443056 0.65 0.4375
2 0.735938 0.380556 0.746094 0.3875 0.735156 0.434722 0.725 0.426389
2 0.746094 0.347222 0.721875 0.355556 0.720313 0.338889 0.74375 0.330556
2 0.739844 0.280556 0.766406 0.301389 0.761719 0.319444 0.735156 0.3
2 0.69375 0.223611 0.710938 0.256944 0.703906 0.268056 0.685937 0.236111
2 0.657031 0.297222 0.649219 0.311111 0.632031 0.279167 0.639062 0.266667
2 0.639844 0.290278 0.663281 0.306944 0.658594 0.325 0.635938 0.308333
2 0.55 0.463889 0.541406 0.476389 0.527344 0.443056 0.535156 0.431944
2 0.615625 0.322222 0.639062 0.330556 0.6375 0.348611 0.613281 0.340278
2 0.603906 0.368056 0.614844 0.368056 0.614844 0.404167 0.603906 0.404167
2 0.615625 0.386111 0.625 0.386111 0.625 0.427778 0.615625 0.427778
2 0.726562 0.301389 0.717969 0.308333 0.707812 0.275 0.716406 0.266667
2 0.728125 0.263889 0.7375 0.291667 0.728906 0.301389 0.719531 0.273611
1 0.496094 0.505556 0.484375 0.523611 0.441406 0.433333 0.453906 0.415278
1 0.574219 0.504167 0.559375 0.518056 0.527344 0.413889 0.542188 0.398611
1 0.577344 0.365278 0.516406 0.409722 0.510156 0.381944 0.571094 0.336111
1 0.732031 0.358333 0.721875 0.380556 0.675 0.313889 0.684375 0.291667
0 0.782031 0.379167 0.792969 0.393056 0.763281 0.469444 0.753125 0.455556
0 0.788281 0.569444 0.733594 0.609722 0.728125 0.586111 0.782813 0.545833
0 0.688281 0.502778 0.700781 0.509722 0.685937 0.597222 0.672656 0.590278
0 0.714063 0.526389 0.701562 0.5375 0.672656 0.444444 0.685156 0.433333
0 0.632031 0.511111 0.646094 0.513889 0.639844 0.613889 0.626563 0.6125
0 0.721094 0.409722 0.711719 0.423611 0.68125 0.358333 0.690625 0.344444
0 0.663281 0.405556 0.724219 0.416667 0.722656 0.434722 0.6625 0.425
0 0.670312 0.366667 0.678125 0.377778 0.647656 0.441667 0.640625 0.430556
0 0.660937 0.334722 0.667969 0.348611 0.64375 0.388889 0.636719 0.376389
0 0.78125 0.334722 0.739062 0.384722 0.732031 0.366667 0.774219 0.315278
0 0.752344 0.326389 0.759375 0.340278 0.728125 0.395833 0.720313 0.381944
0 0.592969 0.390278 0.607031 0.391667 0.603906 0.447222 0.589844 0.444444
0 0.521094 0.408333 0.53125 0.408333 0.53125 0.490278 0.521094 0.490278
0 0.791406 0.369444 0.747656 0.383333 0.746094 0.366667 0.789062 0.351389
3 0.730469 0.263889 0.753906 0.275 0.752344 0.291667 0.728125 0.281944
3 0.623437 0.423611 0.642969 0.430556 0.640625 0.451389 0.621094 0.444444
3 0.639062 0.420833 0.621875 0.434722 0.617188 0.415278 0.635156 0.402778
3 0.653906 0.402778 0.642188 0.426389 0.634375 0.413889 0.646875 0.391667
3 0.510938 0.443056 0.521875 0.443056 0.521875 0.476389 0.510938 0.476389
3 0.502344 0.4125 0.514844 0.4125 0.514844 0.444444 0.502344 0.444444
3 0.510156 0.405556 0.522656 0.405556 0.522656 0.431944 0.510156 0.431944
3 0.584375 0.348611 0.594531 0.348611 0.594531 0.381944 0.584375 0.381944
3 0.597656 0.336111 0.619531 0.336111 0.619531 0.356944 0.597656 0.356944
3 0.585938 0.363889 0.567969 0.381944 0.563281 0.363889 0.580469 0.347222
3 0.521875 0.351389 0.541406 0.351389 0.541406 0.375 0.521875 0.375
3 0.549219 0.333333 0.571094 0.333333 0.571094 0.35 0.549219 0.35
3 0.583594 0.3875 0.59375 0.3875 0.59375 0.420833 0.583594 0.420833
3 0.672656 0.388889 0.692187 0.395833 0.689063 0.416667 0.670312 0.409722
3 0.553906 0.398611 0.564063 0.401389 0.561719 0.431944 0.552344 0.430556
