2 0.509375 0.183333 0.494531 0.191667 0.486719 0.144444 0.501563 0.136111
2 0.527344 0.143056 0.552344 0.165278 0.546875 0.186111 0.521875 0.1625
0 0.513281 0.0736111 0.527344 0.0763889 0.517969 0.2 0.504687 0.197222
2 0.517188 0.101389 0.5 0.120833 0.492188 0.1 0.509375 0.0791667
0 0.525 0.0652778 0.517969 0.0805556 0.486719 0.0347222 0.494531 0.0194444
2 0.477344 0.370833 0.499219 0.383333 0.495312 0.401389 0.474219 0.390278
2 0.539844 0.351389 0.563281 0.373611 0.555469 0.397222 0.532813 0.375
2 0.541406 0.561111 0.567187 0.561111 0.567187 0.588889 0.541406 0.588889
3 0.585156 0.483333 0.607031 0.483333 0.607031 0.55 0.585156 0.55
2 0.595313 0.863889 0.630469 0.905556 0.621094 0.927778 0.586719 0.886111
3 0.605469 0.686111 0.621094 0.686111 0.621094 0.7625 0.605469 0.7625
2 0.620313 0.6875 0.639062 0.6875 0.639062 0.773611 0.620313 0.773611
2 0.6125 0.136111 0.583594 0.145833 0.580469 0.116667 0.609375 0.106944
2 0.569531 0.152778 0.585938 0.152778 0.585938 0.202778 0.569531 0.202778
2 0.535937 0.295833 0.561719 0.295833 0.561719 0.322222 0.535937 0.322222
3 0.5625 0.245833 0.575 0.252778 0.565625 0.304167 0.553906 0.297222
3 0.594531 0.301389 0.569531 0.326389 0.560156 0.294444 0.585156 0.270833
3 0.575 0.205556 0.594531 0.229167 0.585156 0.252778 0.565625 0.230556
0 0.625781 0.323611 0.611719 0.341667 0.579688 0.263889 0.592969 0.245833
2 0.588281 0.2375 0.613281 0.2375 0.613281 0.272222 0.588281 0.272222
1 0.649219 0.284722 0.632031 0.311111 0.578125 0.198611 0.596094 0.172222
0 0.65625 0.361111 0.6375 0.3625 0.633594 0.184722 0.652344 0.183333
2 0.667188 0.230556 0.6875 0.230556 0.6875 0.2875 0.667188 0.2875
2 0.686719 0.343056 0.730469 0.343056 0.730469 0.376389 0.686719 0.376389
2 0.669531 0.309722 0.689844 0.329167 0.672656 0.381944 0.653125 0.363889
3 0.730469 0.00277778 0.767188 0.00277778 0.767188 0.0472222 0.730469 0.0472222
2 0.738281 0.0666667 0.699219 0.113889 0.685937 0.0791667 0.725 0.0319444
2 0.885938 0.0986111 0.835938 0.188889 0.819531 0.159722 0.869531 0.0680556
0 0.741406 0.181944 0.830469 0.290278 0.817969 0.323611 0.728906 0.213889
3 0.75625 0.408333 0.802344 0.408333 0.802344 0.451389 0.75625 0.451389
3 0.8125 0.390278 0.835938 0.394444 0.830469 0.495833 0.807031 0.491667
2 0.897656 0.483333 0.829688 0.495833 0.827344 0.452778 0.895312 0.440278
3 0.804688 0.488889 0.857812 0.498611 0.855469 0.541667 0.802344 0.531944
3 0.789844 0.534722 0.842187 0.534722 0.842187 0.583333 0.789844 0.583333
0 0.703906 0.509722 0.792969 0.577778 0.783594 0.616667 0.694531 0.55
2 0.752344 0.594444 0.708594 0.636111 0.698438 0.602778 0.742188 0.561111
0 0.757812 0.620833 0.678125 0.711111 0.666406 0.677778 0.745313 0.5875
2 0.761719 0.656944 0.71875 0.698611 0.708594 0.665278 0.752344 0.623611
2 0.709375 0.776389 0.6875 0.797222 0.6625 0.715278 0.684375 0.694444
3 0.68125 0.805556 0.719531 0.805556 0.719531 0.844444 0.68125 0.844444
2 0.785937 0.733333 0.730469 0.752778 0.725781 0.7125 0.78125 0.693056
2 0.817187 0.751389 0.799219 0.768056 0.771094 0.675 0.789062 0.658333
0 0.814063 0.638889 0.719531 0.740278 0.708594 0.705556 0.802344 0.605556
2 0.860938 0.644444 0.8875 0.665278 0.861719 0.775 0.834375 0.755556
2 0.889062 0.702778 0.916406 0.718056 0.896875 0.830556 0.869531 0.815278
2 0.779687 0.733333 0.802344 0.747222 0.785156 0.8375 0.7625 0.823611
