2 0.136719 0.418056 0.115625 0.425 0.105469 0.338889 0.126562 0.330556
1 0.29375 0.502778 0.149219 0.608333 0.135156 0.548611 0.279687 0.443056
2 0.223438 0.631944 0.278125 0.651389 0.274219 0.6875 0.21875 0.668056
2 0.367188 0.679167 0.360938 0.720833 0.305469 0.693056 0.311719 0.651389
2 0.277344 0.652778 0.295312 0.686111 0.250781 0.763889 0.232813 0.730556
3 0.414844 0.713889 0.39375 0.744444 0.367969 0.690278 0.388281 0.658333
2 0.388281 0.551389 0.410938 0.551389 0.410938 0.597222 0.388281 0.597222
0 0.355469 0.731944 0.379688 0.736111 0.367188 0.955556 0.342969 0.951389
2 0.426563 0.876389 0.404687 0.897222 0.376563 0.805556 0.398438 0.784722
3 0.430469 0.834722 0.404687 0.844444 0.394531 0.752778 0.419531 0.743056
3 0.459375 0.730556 0.472656 0.759722 0.430469 0.819444 0.417187 0.790278
3 0.380469 0.951389 0.41875 0.951389 0.41875 0.998611 0.380469 0.998611
2 0.430469 0.881944 0.453125 0.890278 0.442188 0.988889 0.41875 0.980556
0 0.503906 0.769444 0.48125 0.788889 0.440625 0.638889 0.463281 0.619444
3 0.461719 0.586111 0.417969 0.594444 0.416406 0.563889 0.460156 0.555556
2 0.603125 0.975 0.580469 0.997222 0.553125 0.906944 0.575781 0.884722
3 0.582812 0.579167 0.628125 0.604167 0.619531 0.652778 0.574219 0.627778
0 0.359375 0.358333 0.242188 0.4 0.238281 0.366667 0.355469 0.323611
0 0.378125 0.323611 0.386719 0.363889 0.2875 0.431944 0.278906 0.393056
3 0.376563 0.351389 0.388281 0.393056 0.341406 0.436111 0.329688 0.394444
1 0.300781 0.348611 0.265625 0.365278 0.23125 0.144444 0.266406 0.126389
2 0.327344 0.327778 0.30625 0.352778 0.275 0.268056 0.295312 0.243056
2 0.338281 0.158333 0.297656 0.206944 0.285938 0.175 0.325781 0.126389
2 0.348438 0.209722 0.397656 0.247222 0.3875 0.290278 0.338281 0.252778
2 0.494531 0.2625 0.503906 0.305556 0.453125 0.340278 0.44375 0.297222
2 0.428125 0.481944 0.415625 0.515278 0.371875 0.463889 0.384375 0.430556
2 0.447656 0.491667 0.43125 0.516667 0.394531 0.440278 0.411719 0.415278
0 0.5625 0.415278 0.586719 0.438889 0.541406 0.586111 0.517188 0.5625
1 0.546875 0.348611 0.667969 0.495833 0.65 0.543056 0.528906 0.395833
2 0.6 0.536111 0.653906 0.588889 0.640625 0.630556 0.586719 0.577778
2 0.585156 0.122222 0.603125 0.140278 0.575781 0.229167 0.557813 0.211111
1 0.375 0.00277778 0.491406 0.00277778 0.491406 0.116667 0.375 0.116667
2 0.976562 0.631944 0.957812 0.6625 0.914844 0.581944 0.932813 0.551389
3 0.973437 0.593056 0.999219 0.593056 0.999219 0.695833 0.973437 0.695833
3 0.93125 0.240278 0.982031 0.240278 0.982031 0.283333 0.93125 0.283333
2 0.953906 0.202778 0.998437 0.245833 0.989062 0.277778 0.944531 0.234722
2 0.998437 0.208333 0.9875 0.247222 0.935937 0.2 0.946875 0.161111
2 0.954688 0.0458333 0.972656 0.0736111 0.942969 0.136111 0.925 0.108333
3 0.9 0 0.953125 0 0.953125 0.0375 0.9 0.0375
3 0.901563 0.0333333 0.957812 0.0333333 0.957812 0.0763889 0.901563 0.0763889
0 0.889844 0.416667 0.867969 0.426389 0.842969 0.240278 0.864062 0.230556
0 0.829688 0.251389 0.853125 0.254167 0.848437 0.454167 0.825 0.452778
2 0.828906 0.420833 0.774219 0.451389 0.767188 0.409722 0.821875 0.379167
2 0.760938 0.377778 0.742188 0.391667 0.721875 0.305556 0.740625 0.291667
3 0.639844 0.144444 0.688281 0.144444 0.688281 0.188889 0.639844 0.188889
0 0.729688 0.340278 0.705469 0.35 0.68125 0.1625 0.704688 0.152778
0 0.802344 0.336111 0.780469 0.344444 0.757812 0.148611 0.780469 0.140278
2 0.757031 0.234722 0.779687 0.234722 0.779687 0.326389 0.757031 0.326389
2 0.741406 0.155556 0.778125 0.209722 0.7625 0.241667 0.726562 0.1875
2 0.760938 0.211111 0.750781 0.255556 0.705469 0.223611 0.714844 0.179167
0 0.65625 0.109722 0.775 0.109722 0.775 0.148611 0.65625 0.148611
2 0.698438 0.0347222 0.652344 0.0513889 0.648438 0.0152778 0.694531 0
2 0.703906 0.0416667 0.714063 0.0777778 0.667969 0.119444 0.657813 0.0819444
0 0.692969 0.0166667 0.703125 0.0458333 0.607031 0.155556 0.596875 0.126389
