3 0.527344 0.236111 0.494531 0.261111 0.467187 0.145833 0.5 0.122222
3 0.532031 0.133333 0.582031 0.194444 0.567187 0.233333 0.517188 0.172222
3 0.582031 0.0625 0.542969 0.134722 0.521875 0.0972222 0.560937 0.0263889
2 0.546875 0.201389 0.559375 0.245833 0.495312 0.304167 0.482812 0.258333
2 0.636719 0.554167 0.566406 0.5625 0.564844 0.515278 0.635156 0.506944
2 0.728906 0.486111 0.751563 0.513889 0.71875 0.6 0.696094 0.572222
2 0.697656 0.834722 0.757812 0.845833 0.755469 0.893056 0.694531 0.881944
3 0.777344 0.908333 0.809375 0.908333 0.809375 0.979167 0.777344 0.979167
2 0.805469 0.898611 0.822656 0.898611 0.822656 0.998611 0.805469 0.998611
0 0.738281 0.3125 0.715625 0.344444 0.633594 0.159722 0.65625 0.127778
2 0.779687 0.269444 0.752344 0.290278 0.728125 0.1875 0.755469 0.166667
2 0.763281 0.125 0.714063 0.161111 0.703906 0.116667 0.752344 0.0805556
2 0.992188 0.813889 0.971094 0.825 0.955469 0.734722 0.976562 0.723611
3 0.973437 0.676389 1 0.676389 1 0.758333 0.973437 0.758333
2 0.951562 0.590278 0.971875 0.609722 0.945312 0.695833 0.925 0.676389
0 0.899219 0.540278 0.991406 0.583333 0.986719 0.613889 0.894531 0.570833
0 0.951562 0.613889 0.975781 0.633333 0.934375 0.805556 0.910156 0.7875
2 0.972656 0.363889 0.992188 0.3875 0.964844 0.459722 0.945312 0.436111
