0 0.382812 0.255556 0.370312 0.284722 0.290625 0.173611 0.303906 0.144444
0 0.369531 0.215278 0.386719 0.215278 0.386719 0.401389 0.369531 0.401389
0 0.425 0.380556 0.402344 0.380556 0.4 0.175 0.422656 0.173611
3 0.433594 0.133333 0.4125 0.145833 0.397656 0.0611111 0.419531 0.05
3 0.484375 0.0722222 0.4375 0.0888889 0.432812 0.0472222 0.479687 0.0305556
3 0.549219 0.0444444 0.577344 0.0541667 0.566406 0.15 0.538281 0.140278
3 0.5625 0.216667 0.542969 0.243056 0.5125 0.175 0.53125 0.148611
3 0.654687 0.193056 0.635156 0.220833 0.603125 0.154167 0.622656 0.125
2 0.68125 0.184722 0.659375 0.218056 0.61875 0.131944 0.641406 0.0986111
0 0.289062 0.281944 0.313281 0.288889 0.295312 0.463889 0.271875 0.456944
3 0.396094 0.302778 0.417969 0.323611 0.395313 0.394444 0.374219 0.373611
0 0.451562 0.209722 0.471094 0.223611 0.422656 0.426389 0.403906 0.411111
0 0.480469 0.194444 0.504687 0.208333 0.463281 0.422222 0.439844 0.406944
0 0.549219 0.426389 0.527344 0.429167 0.516406 0.234722 0.538281 0.231944
3 0.434375 0.338889 0.45625 0.356944 0.439063 0.430556 0.416406 0.4125
0 0.410156 0.347222 0.426563 0.365278 0.371875 0.506944 0.35625 0.4875
2 0.504687 0.436111 0.499219 0.472222 0.447656 0.451389 0.452344 0.413889
2 0.40625 0.420833 0.450781 0.422222 0.45 0.458333 0.405469 0.456944
2 0.397656 0.404167 0.415625 0.422222 0.389844 0.505556 0.371875 0.4875
3 0.432812 0.527778 0.417187 0.556944 0.386719 0.504167 0.401562 0.475
3 0.477344 0.509722 0.463281 0.540278 0.427344 0.488889 0.440625 0.458333
2 0.45625 0.534722 0.440625 0.558333 0.409375 0.491667 0.425 0.468056
2 0.508594 0.534722 0.45625 0.5625 0.45 0.526389 0.502344 0.498611
2 0.517969 0.622222 0.496094 0.647222 0.463281 0.561111 0.484375 0.534722
2 0.439063 0.55 0.454688 0.579167 0.432031 0.616667 0.416406 0.588889
0 0.31875 0.577778 0.301563 0.577778 0.299219 0.401389 0.316406 0.4
0 0.361719 0.534722 0.342969 0.55 0.304688 0.402778 0.324219 0.386111
2 0.350781 0.536111 0.335156 0.554167 0.309375 0.483333 0.325 0.465278
3 0.342969 0.534722 0.382031 0.555556 0.374219 0.595833 0.335938 0.575
3 0.350781 0.583333 0.332031 0.606944 0.309375 0.554167 0.328125 0.530556
3 0.35 0.575 0.367969 0.602778 0.339844 0.6625 0.321094 0.634722
1 0.182031 0.515278 0.285938 0.515278 0.285938 0.566667 0.182031 0.566667
0 0.415625 0.604167 0.395313 0.629167 0.333594 0.466667 0.353125 0.441667
0 0.575 0.669444 0.557813 0.681944 0.515625 0.505556 0.532813 0.491667
3 0.475781 0.680556 0.455469 0.7 0.439063 0.647222 0.460156 0.627778
3 0.424219 0.688889 0.384375 0.709722 0.378906 0.676389 0.41875 0.654167
3 0.435937 0.729167 0.396094 0.745833 0.390625 0.705556 0.430469 0.688889
2 0.467187 0.723611 0.452344 0.743056 0.428906 0.688889 0.442969 0.669444
0 0.578125 0.693056 0.46875 0.731944 0.465625 0.704167 0.575 0.665278
0 0.582031 0.729167 0.473438 0.833333 0.461719 0.795833 0.570312 0.690278
1 0.588281 0.819444 0.460156 0.888889 0.448437 0.819444 0.576562 0.748611
