1 0.679688 0.398611 0.752344 0.452778 0.744531 0.486111 0.671875 0.431944
1 0.53125 0.395833 0.564844 0.395833 0.564844 0.443056 0.53125 0.443056
1 0.732812 0.333333 0.628906 0.343056 0.628125 0.293056 0.73125 0.284722
0 0.747656 0.234722 0.723437 0.2375 0.716406 0.0347222 0.740625 0.0319444
0 0.744531 0.395833 0.724219 0.411111 0.692187 0.275 0.7125 0.259722
0 0.736719 0.272222 0.632031 0.309722 0.628125 0.275 0.732812 0.2375
2 0.645312 0.227778 0.625781 0.238889 0.616406 0.1875 0.635156 0.176389
2 0.653906 0.109722 0.610156 0.134722 0.604688 0.1 0.647656 0.0763889
2 0.660937 0.0652778 0.714844 0.0652778 0.714844 0.1 0.660937 0.1
2 0.66875 0.0708333 0.648438 0.0861111 0.63125 0.0138889 0.651563 0
3 0.733594 0.256944 0.751563 0.256944 0.751563 0.333333 0.733594 0.333333
3 0.577344 0.188889 0.617188 0.188889 0.617188 0.225 0.577344 0.225
3 0.567969 0.154167 0.614062 0.154167 0.614062 0.188889 0.567969 0.188889
3 0.635156 0.152778 0.661719 0.152778 0.661719 0.205556 0.635156 0.205556
3 0.5625 0.0861111 0.525781 0.122222 0.513281 0.0819444 0.55 0.0458333
3 0.554688 0.00277778 0.589063 0.0444444 0.574219 0.0833333 0.539844 0.0416667
3 0.547656 0.0555556 0.524219 0.0638889 0.517188 0.00416667 0.540625 0
3 0.691406 0.0611111 0.675781 0.0805556 0.651563 0.0194444 0.667969 0
3 0.646875 0.0541667 0.629687 0.075 0.608594 0.0194444 0.625 0
