0 0.298438 0.940278 0.340625 0.972222 0.335156 0.994444 0.292969 0.9625
2 0.284375 0.911111 0.295312 0.922222 0.280469 0.969444 0.269531 0.959722
2 0.302344 0.856944 0.314063 0.866667 0.297656 0.919444 0.286719 0.909722
0 0.267188 0.9625 0.255469 0.965278 0.248438 0.854167 0.260156 0.851389
2 0.3 0.825 0.289844 0.838889 0.275781 0.808333 0.285938 0.794444
2 0.296875 0.805556 0.288281 0.816667 0.275781 0.784722 0.284375 0.775
3 0.295312 0.766667 0.30625 0.798611 0.294531 0.811111 0.282813 0.780556
0 0.311719 0.711111 0.323437 0.716667 0.30625 0.840278 0.294531 0.836111
2 0.366406 0.677778 0.378125 0.679167 0.375781 0.734722 0.364063 0.733333
3 0.353906 0.688889 0.367188 0.688889 0.367188 0.7375 0.353906 0.7375
0 0.347656 0.654167 0.361719 0.654167 0.361719 0.768056 0.347656 0.768056
2 0.357812 0.727778 0.346875 0.733333 0.339844 0.6875 0.350781 0.681944
0 0.33125 0.605556 0.344531 0.608333 0.3375 0.723611 0.325 0.720833
2 0.336719 0.647222 0.326562 0.654167 0.316406 0.611111 0.326562 0.604167
2 0.355469 0.579167 0.345313 0.580556 0.342969 0.530556 0.353125 0.529167
2 0.346094 0.583333 0.3375 0.593056 0.323437 0.556944 0.332813 0.545833
0 0.328125 0.516667 0.339062 0.526389 0.311719 0.627778 0.301563 0.618056
2 0.322656 0.516667 0.33125 0.527778 0.316406 0.565278 0.308594 0.554167
2 0.442188 0.361111 0.419531 0.388889 0.411719 0.369444 0.434375 0.343056
0 0.366406 0.397222 0.319531 0.448611 0.314063 0.433333 0.361719 0.383333
1 0.340625 0.315278 0.354687 0.329167 0.321875 0.433333 0.307812 0.420833
2 0.319531 0.306944 0.342187 0.306944 0.342187 0.326389 0.319531 0.326389
2 0.302344 0.354167 0.314063 0.354167 0.314063 0.386111 0.302344 0.386111
3 0.428125 0.305556 0.444531 0.326389 0.438281 0.343056 0.421094 0.322222
3 0.386719 0.226389 0.399219 0.226389 0.399219 0.251389 0.386719 0.251389
3 0.5 0.351389 0.483594 0.388889 0.471875 0.370833 0.488281 0.334722
2 0.489063 0.279167 0.5125 0.297222 0.507812 0.316667 0.484375 0.298611
2 0.469531 0.261111 0.491406 0.273611 0.4875 0.291667 0.465625 0.280556
2 0.505469 0.284722 0.496094 0.293056 0.482812 0.251389 0.492969 0.241667
2 0.446094 0.127778 0.467187 0.148611 0.461719 0.163889 0.440625 0.144444
2 0.50625 0.188889 0.497656 0.198611 0.485938 0.161111 0.494531 0.151389
0 0.511719 0.186111 0.500781 0.188889 0.492188 0.111111 0.503125 0.106944
2 0.514062 0.130556 0.504687 0.133333 0.5 0.0902778 0.509375 0.0875
0 0.519531 0.152778 0.509375 0.154167 0.504687 0.0597222 0.514844 0.0583333
1 0.514062 0.0375 0.532031 0.0388889 0.529687 0.1625 0.510938 0.1625
1 0.528906 0.118056 0.544531 0.131944 0.507812 0.25 0.492969 0.236111
3 0.498437 0.2375 0.514844 0.261111 0.50625 0.279167 0.490625 0.254167
3 0.5375 0.247222 0.516406 0.270833 0.508594 0.25 0.530469 0.226389
2 0.536719 0.218056 0.564844 0.233333 0.560156 0.259722 0.532031 0.244444
3 0.546875 0.197222 0.535156 0.2375 0.521875 0.225 0.532813 0.184722
3 0.5375 0.169444 0.564844 0.179167 0.5625 0.197222 0.535937 0.186111
3 0.548438 0.151389 0.573438 0.170833 0.569531 0.1875 0.544531 0.169444
0 0.551562 0.131944 0.596094 0.179167 0.590625 0.195833 0.546094 0.148611
1 0.601562 0.261111 0.5875 0.2875 0.535937 0.201389 0.550781 0.173611
2 0.617969 0.123611 0.604688 0.129167 0.599219 0.0847222 0.613281 0.0791667
0 0.608594 0.126389 0.620313 0.129167 0.613281 0.251389 0.601562 0.248611
2 0.6125 0.165278 0.625 0.165278 0.625 0.222222 0.6125 0.222222
2 0.651563 0.301389 0.6625 0.322222 0.636719 0.366667 0.625 0.345833
3 0.724219 0.308333 0.692187 0.340278 0.683594 0.315278 0.716406 0.283333
3 0.709375 0.295833 0.674219 0.313889 0.670312 0.290278 0.705469 0.270833
2 0.742188 0.134722 0.772656 0.172222 0.765625 0.191667 0.734375 0.152778
0 0.684375 0.152778 0.742188 0.226389 0.733594 0.248611 0.675781 0.175
3 0.678906 0.0944444 0.697656 0.1375 0.685156 0.155556 0.665625 0.1125
