0 0.0679687 0.559722 0.0898438 0.559722 0.0898438 0.695833 0.0679687 0.695833
2 0.266406 0.256944 0.251563 0.265278 0.242969 0.213889 0.257031 0.205556
3 0.485156 0.184722 0.514062 0.184722 0.514062 0.222222 0.485156 0.222222
2 0.430469 0.226389 0.446094 0.226389 0.446094 0.280556 0.430469 0.280556
2 0.608594 0.2125 0.617969 0.233333 0.592969 0.268056 0.583594 0.247222
0 0.275781 0.347222 0.347656 0.359722 0.346094 0.383333 0.274219 0.369444
2 0.315625 0.3625 0.350781 0.369444 0.349219 0.393056 0.314063 0.386111
2 0.353125 0.401389 0.317188 0.408333 0.316406 0.383333 0.352344 0.377778
2 0.354687 0.416667 0.31875 0.429167 0.315625 0.401389 0.351562 0.388889
2 0.375 0.408333 0.34375 0.425 0.339844 0.401389 0.371094 0.384722
0 0.38125 0.423611 0.311719 0.444444 0.309375 0.420833 0.378906 0.4
2 0.371094 0.468056 0.355469 0.480556 0.342969 0.426389 0.358594 0.413889
0 0.428906 0.348611 0.442188 0.368056 0.397656 0.466667 0.384375 0.445833
0 0.282813 0.591667 0.19375 0.6125 0.192188 0.583333 0.28125 0.5625
2 0.311719 0.525 0.296094 0.540278 0.279687 0.486111 0.294531 0.470833
2 0.304688 0.566667 0.288281 0.576389 0.277344 0.515278 0.292969 0.505556
2 0.290625 0.544444 0.279687 0.563889 0.257031 0.522222 0.267969 0.502778
2 0.289062 0.554167 0.280469 0.579167 0.248438 0.544444 0.25625 0.520833
0 0.313281 0.536111 0.389062 0.540278 0.388281 0.572222 0.3125 0.566667
2 0.58125 0.320833 0.594531 0.326389 0.588281 0.379167 0.575781 0.375
3 0.542188 0.276389 0.555469 0.295833 0.539062 0.331944 0.525781 0.3125
2 0.529687 0.383333 0.542188 0.398611 0.525781 0.441667 0.513281 0.425
3 0.53125 0.309722 0.544531 0.330556 0.528906 0.3625 0.515625 0.341667
3 0.555469 0.383333 0.541406 0.3875 0.536719 0.340278 0.55 0.334722
3 0.517188 0.308333 0.528125 0.319444 0.514844 0.361111 0.503906 0.351389
2 0.520312 0.341667 0.528906 0.361111 0.503125 0.398611 0.49375 0.379167
2 0.513281 0.368056 0.522656 0.388889 0.495312 0.427778 0.485938 0.406944
3 0.470313 0.383333 0.485938 0.383333 0.485938 0.438889 0.470313 0.438889
2 0.524219 0.444444 0.557031 0.469444 0.549219 0.5 0.516406 0.476389
1 0.585156 0.440278 0.564844 0.448611 0.549219 0.311111 0.569531 0.304167
1 0.289844 0.576389 0.396875 0.583333 0.395313 0.627778 0.289062 0.619444
2 0.377344 0.570833 0.415625 0.576389 0.414062 0.604167 0.375781 0.598611
0 0.60625 0.538889 0.523438 0.568056 0.521094 0.543056 0.603125 0.513889
3 0.608594 0.509722 0.59375 0.530556 0.575781 0.493056 0.589844 0.472222
2 0.61875 0.513889 0.626563 0.536111 0.596875 0.569444 0.589063 0.548611
3 0.621875 0.529167 0.629687 0.555556 0.6 0.581944 0.592187 0.555556
2 0.619531 0.655556 0.632031 0.683333 0.603906 0.723611 0.590625 0.695833
2 0.644531 0.713889 0.628125 0.719444 0.620313 0.648611 0.635938 0.643056
2 0.671875 0.645833 0.664844 0.669444 0.63125 0.638889 0.638281 0.615278
2 0.736719 0.518056 0.750781 0.534722 0.728125 0.591667 0.714844 0.575
3 0.707031 0.558333 0.717969 0.579167 0.695312 0.619444 0.683594 0.598611
1 0.71875 0.555556 0.736719 0.586111 0.670312 0.715278 0.651563 0.686111
1 0.684375 0.677778 0.797656 0.780556 0.786719 0.819444 0.673438 0.716667
3 0.880469 0.6 0.859375 0.620833 0.842969 0.568056 0.864062 0.547222
0 0.749219 0.781944 0.835938 0.895833 0.824219 0.923611 0.7375 0.811111
3 0.757812 0.813889 0.746875 0.838889 0.711719 0.788889 0.723437 0.763889
3 0.715625 0.786111 0.730469 0.8125 0.702344 0.861111 0.688281 0.833333
2 0.778125 0.877778 0.815625 0.945833 0.800781 0.972222 0.763281 0.904167
2 0.739844 0.875 0.784375 0.918056 0.774219 0.948611 0.730469 0.906944
2 0.852344 0.934722 0.882031 0.934722 0.882031 0.998611 0.852344 0.998611
2 0.659375 0.756944 0.675781 0.769444 0.661719 0.831944 0.644531 0.819444
2 0.6625 0.809722 0.678906 0.822222 0.6625 0.893056 0.645312 0.880556
2 0.660156 0.841667 0.639062 0.916667 0.622656 0.902778 0.64375 0.826389
3 0.667969 0.902778 0.636719 0.951389 0.622656 0.925 0.654687 0.875
3 0.610156 0.844444 0.626563 0.863889 0.605469 0.920833 0.589063 0.9
2 0.580469 0.915278 0.5375 0.934722 0.532031 0.894444 0.575 0.875
2 0.499219 0.683333 0.485156 0.701389 0.464062 0.648611 0.478906 0.630556
2 0.303906 0.647222 0.3375 0.647222 0.3375 0.708333 0.303906 0.708333
0 0.333594 0.670833 0.417969 0.670833 0.417969 0.701389 0.333594 0.701389
2 0.428906 0.858333 0.409375 0.865278 0.400781 0.788889 0.420312 0.781944
3 0.348438 0.775 0.389062 0.775 0.389062 0.8125 0.348438 0.8125
0 0.350781 0.698611 0.3625 0.725 0.285156 0.843056 0.272656 0.818056
2 0.317188 0.779167 0.330469 0.808333 0.296094 0.861111 0.282813 0.833333
2 0.365625 0.9125 0.410938 0.929167 0.407031 0.965278 0.360938 0.948611
0 0.375781 0.825 0.3875 0.851389 0.304688 0.968056 0.292969 0.941667
0 0.384375 0.816667 0.402344 0.840278 0.339062 0.991667 0.321094 0.968056
3 0.327344 0.958333 0.358594 0.958333 0.358594 0.998611 0.327344 0.998611
