1 0.50625 0.380556 0.640625 0.426389 0.633594 0.491667 0.499219 0.445833
1 0.767969 0.329167 0.902344 0.45 0.885938 0.508333 0.751563 0.3875
1 0.999219 0.411111 0.979688 0.441667 0.896094 0.275 0.914844 0.244444
0 0.989062 0.486111 0.999219 0.501389 0.927344 0.644444 0.917188 0.629167
0 0.940625 0.522222 0.957812 0.554167 0.864844 0.708333 0.847656 0.676389
0 0.91875 0.470833 0.935937 0.491667 0.875781 0.647222 0.858594 0.626389
0 0.86875 0.6625 0.851562 0.675 0.810156 0.490278 0.827344 0.477778
0 0.855469 0.688889 0.833594 0.704167 0.792188 0.520833 0.814063 0.505556
0 0.792188 0.576389 0.808594 0.594444 0.742969 0.775 0.726562 0.756944
0 0.735156 0.541667 0.746875 0.565278 0.66875 0.690278 0.65625 0.666667
0 0.707031 0.55 0.717969 0.575 0.636719 0.690278 0.625781 0.665278
0 0.674219 0.468056 0.792969 0.468056 0.792969 0.501389 0.674219 0.501389
0 0.821094 0.5125 0.717969 0.561111 0.713281 0.527778 0.816406 0.479167
0 0.953125 0.401389 0.933594 0.423611 0.867188 0.244444 0.886719 0.222222
0 0.557031 0.3125 0.660937 0.380556 0.653906 0.413889 0.55 0.345833
0 0.672656 0.369444 0.786719 0.427778 0.782031 0.456944 0.667969 0.398611
0 0.590625 0.323611 0.709375 0.352778 0.707031 0.384722 0.588281 0.355556
0 0.752344 0.0736111 0.760156 0.109722 0.650781 0.1875 0.642969 0.152778
0 0.79375 0.123611 0.694531 0.2375 0.68125 0.201389 0.78125 0.0875
