1 0.455469 0.4375 0.3625 0.527778 0.351562 0.491667 0.444531 0.401389
1 0.422656 0.454167 0.327344 0.488889 0.321875 0.441667 0.417187 0.408333
1 0.167969 0.458333 0.296875 0.504167 0.290625 0.559722 0.161719 0.513889
1 0.174219 0.651389 0.299219 0.720833 0.290625 0.770833 0.165625 0.701389
0 0.165625 0.343056 0.255469 0.366667 0.252344 0.4 0.1625 0.376389
0 0.357031 0.352778 0.285938 0.380556 0.282813 0.351389 0.353906 0.323611
0 0.358594 0.376389 0.36875 0.404167 0.301563 0.480556 0.291406 0.452778
0 0.533594 0.690278 0.457813 0.763889 0.448437 0.733333 0.524219 0.659722
0 0.182812 0.948611 0.171875 0.973611 0.0898438 0.854167 0.100781 0.830556
0 0.274219 0.793056 0.289844 0.811111 0.232031 0.961111 0.216406 0.943056
0 0.204687 0.780556 0.289844 0.820833 0.285156 0.854167 0.2 0.813889
0 0.282031 0.816667 0.16875 0.879167 0.163281 0.848611 0.276562 0.786111
0 0.15 0.629167 0.250781 0.665278 0.246875 0.7 0.146094 0.663889
0 0.273438 0.676389 0.36875 0.748611 0.361719 0.777778 0.266406 0.705556
0 0.424219 0.597222 0.376563 0.633333 0.369531 0.602778 0.417187 0.566667
0 0.295312 0.654167 0.379688 0.654167 0.379688 0.6875 0.295312 0.6875
