2 0.497656 0.243056 0.486719 0.245833 0.482031 0.206944 0.49375 0.202778
2 0.524219 0.216667 0.547656 0.225 0.545312 0.245833 0.521875 0.2375
2 0.539062 0.2625 0.550781 0.2625 0.550781 0.304167 0.539062 0.304167
0 0.5 0.2125 0.527344 0.276389 0.517188 0.290278 0.490625 0.225
2 0.555469 0.306944 0.58125 0.306944 0.58125 0.327778 0.555469 0.327778
2 0.553125 0.344444 0.578906 0.344444 0.578906 0.363889 0.553125 0.363889
2 0.571094 0.331944 0.595313 0.331944 0.595313 0.351389 0.571094 0.351389
2 0.596875 0.308333 0.608594 0.3125 0.603125 0.3625 0.591406 0.358333
0 0.591406 0.380556 0.530469 0.3875 0.530469 0.368056 0.591406 0.361111
0 0.597656 0.384722 0.532813 0.409722 0.530469 0.391667 0.595313 0.366667
0 0.585156 0.319444 0.6375 0.333333 0.635938 0.351389 0.583594 0.3375
2 0.678125 0.229167 0.708594 0.229167 0.708594 0.258333 0.678125 0.258333
3 0.666406 0.323611 0.692187 0.323611 0.692187 0.351389 0.666406 0.351389
3 0.683594 0.297222 0.714063 0.297222 0.714063 0.320833 0.683594 0.320833
2 0.571094 0.394444 0.578906 0.408333 0.558594 0.443056 0.550781 0.427778
1 0.614062 0.459722 0.532031 0.488889 0.527344 0.452778 0.610156 0.423611
3 0.984375 0.398611 0.939063 0.422222 0.932031 0.381944 0.977344 0.358333
3 0.791406 0.436111 0.777344 0.4625 0.749219 0.413889 0.764062 0.3875
2 0.78125 0.404167 0.814844 0.411111 0.813281 0.436111 0.779687 0.429167
3 0.796094 0.433333 0.828906 0.465278 0.820312 0.494444 0.786719 0.4625
3 0.844531 0.454167 0.835938 0.477778 0.80625 0.443056 0.814063 0.419444
2 0.800781 0.481944 0.817187 0.488889 0.807813 0.556944 0.791406 0.55
2 0.869531 0.690278 0.853906 0.701389 0.8375 0.631944 0.853125 0.620833
0 0.489063 0.720833 0.423438 0.725 0.422656 0.704167 0.488281 0.7
2 0.485938 0.669444 0.510156 0.698611 0.503125 0.718056 0.478125 0.688889
2 0.494531 0.741667 0.463281 0.758333 0.458594 0.731944 0.489844 0.713889
2 0.523438 0.697222 0.538281 0.697222 0.538281 0.755556 0.523438 0.755556
0 0.534375 0.775 0.458594 0.784722 0.457813 0.763889 0.533594 0.752778
0 0.5375 0.790278 0.465625 0.802778 0.464844 0.779167 0.536719 0.765278
3 0.490625 0.775 0.523438 0.7875 0.519531 0.822222 0.486719 0.809722
2 0.534375 0.886111 0.517969 0.888889 0.514062 0.818056 0.530469 0.815278
2 0.552344 0.872222 0.535937 0.879167 0.528906 0.815278 0.545312 0.808333
0 0.557031 0.820833 0.571094 0.830556 0.535156 0.981944 0.521094 0.970833
3 0.584375 0.805556 0.596875 0.829167 0.567969 0.879167 0.555469 0.854167
1 0.653906 0.875 0.549219 0.948611 0.539844 0.905556 0.644531 0.830556
0 0.585938 0.911111 0.598437 0.923611 0.576562 0.994444 0.564063 0.981944
3 0.592187 0.920833 0.607812 0.936111 0.589063 0.995833 0.573438 0.980556
3 0.596875 0.955556 0.617188 0.955556 0.617188 0.998611 0.596875 0.998611
1 0.6375 0.981944 0.611719 0.997222 0.594531 0.894444 0.620313 0.880556
3 0.654687 0.7625 0.639844 0.780556 0.620313 0.730556 0.635156 0.7125
1 0.813281 0.786111 0.840625 0.809722 0.790625 0.997222 0.763281 0.975
2 0.813281 0.968056 0.846094 0.968056 0.846094 1 0.813281 1
3 0.917188 0.945833 0.896094 0.961111 0.882812 0.898611 0.903906 0.884722
2 0.945312 0.938889 0.928906 0.955556 0.899219 0.865278 0.914844 0.848611
3 0.817187 0.713889 0.834375 0.723611 0.822656 0.788889 0.805469 0.779167
3 0.7875 0.694444 0.807813 0.702778 0.800781 0.763889 0.780469 0.755556
2 0.764062 0.856944 0.724219 0.8875 0.717187 0.856944 0.757031 0.826389
2 0.769531 0.786111 0.778125 0.811111 0.745313 0.847222 0.736719 0.823611
2 0.786719 0.701389 0.773438 0.720833 0.75 0.669444 0.7625 0.651389
2 0.773438 0.731944 0.729688 0.756944 0.725 0.726389 0.76875 0.702778
0 0.772656 0.755556 0.779687 0.780556 0.703125 0.852778 0.696094 0.826389
