2 0.261719 0.152778 0.252344 0.163889 0.238281 0.126389 0.246875 0.115278
2 0.34375 0.00138889 0.364063 0.00138889 0.364063 0.0472222 0.34375 0.0472222
0 0.278125 0.0666667 0.292969 0.0805556 0.264062 0.175 0.249219 0.161111
2 0.296875 0.104167 0.325 0.104167 0.325 0.130556 0.296875 0.130556
3 0.378906 0.0583333 0.397656 0.0861111 0.3875 0.105556 0.369531 0.0777778
2 0.514844 0.113889 0.532813 0.113889 0.532813 0.161111 0.514844 0.161111
2 0.464844 0.172222 0.476562 0.193056 0.453125 0.233333 0.441406 0.213889
2 0.40625 0.195833 0.421094 0.202778 0.413281 0.256944 0.398438 0.25
1 0.414844 0.105556 0.433594 0.120833 0.402344 0.238889 0.383594 0.223611
0 0.327344 0.104167 0.336719 0.116667 0.303906 0.201389 0.294531 0.188889
2 0.266406 0.272222 0.232031 0.284722 0.228906 0.258333 0.263281 0.245833
2 0.272656 0.252778 0.259375 0.258333 0.254688 0.216667 0.267969 0.211111
2 0.283594 0.222222 0.26875 0.236111 0.257031 0.195833 0.271094 0.181944
0 0.285938 0.186111 0.301563 0.197222 0.276562 0.3 0.261719 0.2875
2 0.334375 0.230556 0.350781 0.230556 0.350781 0.272222 0.334375 0.272222
2 0.339844 0.284722 0.3125 0.318056 0.303906 0.295833 0.33125 0.2625
0 0.357031 0.219444 0.369531 0.229167 0.346094 0.326389 0.333594 0.318056
2 0.353906 0.276389 0.365625 0.2875 0.349219 0.340278 0.338281 0.329167
3 0.390625 0.130556 0.407813 0.130556 0.407813 0.169444 0.390625 0.169444
3 0.359375 0.163889 0.375 0.172222 0.367969 0.211111 0.353125 0.201389
3 0.371875 0.220833 0.386719 0.229167 0.379688 0.270833 0.364844 0.2625
3 0.353125 0.202778 0.382031 0.202778 0.382031 0.226389 0.353125 0.226389
2 0.272656 0.7 0.313281 0.708333 0.311719 0.744444 0.271094 0.736111
2 0.365625 0.755556 0.35 0.773611 0.327344 0.713889 0.342187 0.695833
2 0.320312 0.702778 0.336719 0.723611 0.310937 0.791667 0.29375 0.770833
0 0.428125 0.956944 0.314844 0.959722 0.314844 0.923611 0.428125 0.920833
0 0.428906 0.840278 0.328125 0.918056 0.320312 0.884722 0.421094 0.806944
2 0.436719 0.706944 0.450781 0.715278 0.438281 0.7875 0.424219 0.780556
2 0.440625 0.736111 0.460156 0.75 0.440625 0.829167 0.421875 0.815278
2 0.53125 0.706944 0.545312 0.706944 0.545312 0.788889 0.53125 0.788889
0 0.546875 0.8625 0.525 0.870833 0.507031 0.713889 0.528906 0.705556
3 0.642969 0.591667 0.626563 0.611111 0.60625 0.558333 0.622656 0.538889
3 0.625781 0.615278 0.589063 0.627778 0.585156 0.595833 0.621875 0.581944
2 0.583594 0.566667 0.596094 0.590278 0.567187 0.640278 0.554688 0.616667
1 0.58125 0.945833 0.549219 0.951389 0.536719 0.723611 0.567969 0.718056
2 0.634375 0.704167 0.589844 0.713889 0.5875 0.679167 0.632031 0.668056
2 0.563281 0.711111 0.598437 0.723611 0.594531 0.756944 0.560156 0.744444
2 0.633594 0.693056 0.655469 0.697222 0.650781 0.770833 0.628906 0.766667
0 0.5875 0.856944 0.569531 0.859722 0.5625 0.738889 0.58125 0.736111
2 0.589844 0.819444 0.607031 0.840278 0.582812 0.904167 0.564844 0.883333
3 0.596875 0.793056 0.617969 0.793056 0.617969 0.859722 0.596875 0.859722
2 0.650781 0.883333 0.601562 0.901389 0.597656 0.865278 0.646875 0.847222
0 0.648438 0.802778 0.6375 0.822222 0.5625 0.691667 0.574219 0.670833
2 0.602344 0.7 0.61875 0.7 0.61875 0.786111 0.602344 0.786111
2 0.616406 0.726389 0.633594 0.729167 0.629687 0.811111 0.6125 0.808333
0 0.673438 0.941667 0.657813 0.95 0.626563 0.769444 0.642188 0.761111
0 0.689844 0.955556 0.671875 0.965278 0.639844 0.779167 0.657031 0.769444
0 0.677344 0.791667 0.657813 0.8 0.635938 0.6375 0.654687 0.629167
2 0.665625 0.6375 0.683594 0.6375 0.683594 0.726389 0.665625 0.726389
2 0.678125 0.663889 0.722656 0.663889 0.722656 0.695833 0.678125 0.695833
2 0.699219 0.633333 0.705469 0.661111 0.664062 0.690278 0.657813 0.6625
3 0.705469 0.761111 0.688281 0.7875 0.659375 0.727778 0.677344 0.701389
3 0.666406 0.829167 0.691406 0.829167 0.691406 0.901389 0.666406 0.901389
2 0.692187 0.922222 0.707812 0.922222 0.707812 0.995833 0.692187 0.995833
2 0.732812 0.9 0.685156 0.926389 0.678906 0.890278 0.726562 0.863889
3 0.709375 0.797222 0.729688 0.797222 0.729688 0.870833 0.709375 0.870833
1 0.754687 0.690278 0.728125 0.715278 0.674219 0.540278 0.700781 0.515278
1 0.858594 0.838889 0.835938 0.872222 0.748437 0.688889 0.771094 0.654167
0 0.80625 0.854167 0.790625 0.870833 0.734375 0.706944 0.75 0.690278
2 0.74375 0.825 0.7625 0.825 0.7625 0.905556 0.74375 0.905556
2 0.765625 0.833333 0.7875 0.843056 0.775781 0.926389 0.753906 0.916667
3 0.740625 0.561111 0.723437 0.581944 0.702344 0.526389 0.719531 0.505556
