2 0.492188 0.0583333 0.502344 0.0583333 0.502344 0.0902778 0.492188 0.0902778
2 0.588281 0.0819444 0.578906 0.0902778 0.571875 0.0583333 0.58125 0.0513889
0 0.530469 0.127778 0.521875 0.1375 0.5 0.0805556 0.508594 0.0708333
2 0.532031 0.0791667 0.550781 0.0986111 0.545312 0.115278 0.526563 0.0958333
2 0.542188 0.120833 0.550781 0.120833 0.550781 0.152778 0.542188 0.152778
2 0.541406 0.154167 0.558594 0.175 0.552344 0.190278 0.535156 0.170833
2 0.559375 0.15 0.579688 0.161111 0.575781 0.181944 0.55625 0.170833
2 0.654687 0.147222 0.673438 0.166667 0.667969 0.184722 0.648438 0.163889
0 0.5375 0.184722 0.584375 0.197222 0.582812 0.2125 0.535937 0.201389
0 0.5375 0.205556 0.590625 0.205556 0.590625 0.222222 0.5375 0.222222
0 0.651563 0.202778 0.601562 0.230556 0.599219 0.215278 0.649219 0.1875
3 0.652344 0.190278 0.674219 0.190278 0.674219 0.213889 0.652344 0.213889
2 0.577344 0.233333 0.558594 0.245833 0.554688 0.230556 0.573438 0.216667
1 0.540625 0.2375 0.601562 0.241667 0.600781 0.270833 0.539844 0.266667
0 0.548438 0.330556 0.500781 0.356944 0.496875 0.336111 0.545312 0.309722
0 0.455469 0.354167 0.505469 0.372222 0.503125 0.391667 0.453125 0.375
2 0.509375 0.356944 0.527344 0.386111 0.521094 0.4 0.502344 0.372222
2 0.510156 0.401389 0.485938 0.406944 0.484375 0.3875 0.509375 0.381944
0 0.486719 0.405556 0.539062 0.415278 0.5375 0.433333 0.485938 0.423611
0 0.489063 0.423611 0.549219 0.427778 0.548438 0.445833 0.488281 0.441667
3 0.507812 0.4375 0.534375 0.4375 0.534375 0.456944 0.507812 0.456944
2 0.546875 0.494444 0.534375 0.498611 0.530469 0.454167 0.542188 0.45
2 0.561719 0.491667 0.55 0.498611 0.542188 0.454167 0.553906 0.447222
2 0.661719 0.254167 0.682031 0.270833 0.677344 0.288889 0.657031 0.273611
3 0.692969 0.266667 0.713281 0.281944 0.707812 0.305556 0.6875 0.288889
2 0.769531 0.336111 0.778125 0.351389 0.759375 0.383333 0.750781 0.368056
2 0.7625 0.481944 0.789062 0.515278 0.782031 0.534722 0.754687 0.501389
2 0.810156 0.479167 0.821094 0.486111 0.811719 0.536111 0.800781 0.529167
0 0.754687 0.419444 0.8125 0.475 0.805469 0.495833 0.748437 0.440278
3 0.774219 0.472222 0.764062 0.480556 0.75625 0.444444 0.765625 0.4375
1 0.732812 0.383333 0.807031 0.430556 0.8 0.4625 0.725781 0.416667
2 0.614062 0.323611 0.640625 0.323611 0.640625 0.348611 0.614062 0.348611
2 0.61875 0.381944 0.642188 0.381944 0.642188 0.406944 0.61875 0.406944
2 0.696875 0.440278 0.669531 0.45 0.667969 0.430556 0.694531 0.420833
0 0.682031 0.433333 0.627344 0.4625 0.624219 0.447222 0.679688 0.416667
2 0.692187 0.388889 0.707812 0.426389 0.7 0.4375 0.684375 0.4
2 0.7 0.397222 0.71875 0.419444 0.711719 0.4375 0.69375 0.415278
3 0.7 0.375 0.71875 0.375 0.71875 0.398611 0.7 0.398611
2 0.639844 0.341667 0.661719 0.341667 0.661719 0.3625 0.639844 0.3625
2 0.639844 0.375 0.667969 0.375 0.667969 0.397222 0.639844 0.397222
0 0.697656 0.320833 0.655469 0.351389 0.651563 0.334722 0.69375 0.304167
2 0.705469 0.329167 0.682813 0.344444 0.679688 0.329167 0.702344 0.313889
3 0.813281 0.301389 0.839063 0.301389 0.839063 0.330556 0.813281 0.330556
2 0.619531 0.431944 0.630469 0.4375 0.623437 0.477778 0.6125 0.472222
3 0.655469 0.309722 0.676562 0.309722 0.676562 0.329167 0.655469 0.329167
3 0.661719 0.344444 0.673438 0.344444 0.673438 0.377778 0.661719 0.377778
2 0.692969 0.413889 0.685937 0.430556 0.667969 0.406944 0.675 0.390278
3 0.667969 0.395833 0.675781 0.409722 0.660937 0.436111 0.653125 0.422222
