1 0.572656 0.677778 0.535156 0.718056 0.451562 0.469444 0.489063 0.430556
0 0.610156 0.6375 0.59375 0.669444 0.510938 0.531944 0.527344 0.5
3 0.596094 0.520833 0.616406 0.536111 0.597656 0.613889 0.577344 0.598611
3 0.583594 0.472222 0.635938 0.501389 0.628906 0.540278 0.577344 0.511111
3 0.594531 0.4375 0.642188 0.445833 0.639844 0.490278 0.592187 0.481944
3 0.675 0.379167 0.701562 0.379167 0.701562 0.466667 0.675 0.466667
3 0.578125 0.368056 0.628906 0.395833 0.621094 0.438889 0.571094 0.411111
3 0.639844 0.344444 0.621094 0.368056 0.591406 0.291667 0.610938 0.268056
3 0.6125 0.345833 0.595313 0.366667 0.565625 0.290278 0.582812 0.269444
3 0.55 0.301389 0.571875 0.301389 0.571875 0.384722 0.55 0.384722
3 0.514062 0.226389 0.5625 0.226389 0.5625 0.275 0.514062 0.275
3 0.5625 0.204167 0.592969 0.259722 0.578125 0.286111 0.547656 0.230556
2 0.454688 0.456944 0.430469 0.476389 0.404687 0.369444 0.429688 0.351389
2 0.458594 0.356944 0.482812 0.370833 0.464844 0.473611 0.440625 0.459722
2 0.525781 0.426389 0.507812 0.447222 0.475781 0.3625 0.49375 0.340278
3 0.521875 0.3625 0.498437 0.366667 0.49375 0.273611 0.517188 0.269444
3 0.505469 0.266667 0.460938 0.322222 0.446875 0.284722 0.491406 0.230556
3 0.497656 0.219444 0.450781 0.254167 0.439844 0.209722 0.4875 0.173611
3 0.515625 0.0375 0.542188 0.0513889 0.528125 0.131944 0.501563 0.118056
0 0.701562 0.193056 0.797656 0.193056 0.797656 0.234722 0.701562 0.234722
0 0.749219 0.115278 0.825781 0.209722 0.814063 0.238889 0.7375 0.145833
2 0.844531 0.0972222 0.865625 0.101389 0.860938 0.181944 0.839844 0.177778
2 0.867969 0.148611 0.8875 0.148611 0.8875 0.223611 0.867969 0.223611
2 0.891406 0.113889 0.876563 0.127778 0.855469 0.0611111 0.871094 0.0458333
2 0.964063 0.608333 0.975781 0.631944 0.952344 0.672222 0.939844 0.65
2 0.985938 0.551389 0.969531 0.570833 0.947656 0.5125 0.963281 0.493056
