3 0.560156 0.0263889 0.582812 0.0680556 0.540625 0.141667 0.517969 0.1
3 0.529687 0.233333 0.499219 0.2625 0.464844 0.15 0.495312 0.120833
3 0.532813 0.134722 0.583594 0.197222 0.567969 0.238889 0.516406 0.176389
2 0.546875 0.201389 0.560937 0.251389 0.5 0.305556 0.485938 0.255556
0 0.602344 0.155556 0.614062 0.177778 0.525 0.331944 0.513281 0.309722
2 0.567969 0.508333 0.638281 0.508333 0.638281 0.556944 0.567969 0.556944
2 0.728906 0.481944 0.75625 0.516667 0.721094 0.606944 0.69375 0.573611
0 0.648438 0.1375 0.744531 0.3125 0.719531 0.355556 0.623437 0.180556
2 0.78125 0.354167 0.7625 0.376389 0.727344 0.284722 0.746094 0.2625
2 0.817969 0.509722 0.794531 0.533333 0.767969 0.445833 0.791406 0.423611
2 0.810156 0.422222 0.857031 0.479167 0.842969 0.515278 0.796094 0.458333
2 0.691406 0.838889 0.757031 0.838889 0.757031 0.890278 0.691406 0.890278
3 0.776563 0.898611 0.810937 0.898611 0.810937 0.981944 0.776563 0.981944
2 0.802344 0.891667 0.821094 0.891667 0.821094 0.998611 0.802344 0.998611
0 0.959375 0.616667 0.982031 0.638889 0.929688 0.809722 0.907031 0.7875
2 0.99375 0.8125 0.975781 0.825 0.954688 0.738889 0.972656 0.725
3 0.974219 0.677778 0.997656 0.677778 0.997656 0.761111 0.974219 0.761111
2 0.949219 0.586111 0.971094 0.606944 0.944531 0.693056 0.922656 0.672222
0 0.896875 0.527778 0.989062 0.527778 0.989062 0.5625 0.896875 0.5625
3 0.876563 0.451389 0.910937 0.502778 0.892188 0.543056 0.857812 0.491667
2 0.91875 0.531944 0.9 0.534722 0.894531 0.4375 0.913281 0.434722
2 0.884375 0.459722 0.840625 0.476389 0.836719 0.438889 0.880469 0.423611
2 0.871094 0.398611 0.903906 0.409722 0.899219 0.447222 0.867188 0.434722
2 0.826562 0.366667 0.872656 0.391667 0.867188 0.426389 0.820312 0.401389
3 0.827344 0.302778 0.860156 0.363889 0.845313 0.3875 0.8125 0.327778
0 0.816406 0.245833 0.89375 0.384722 0.879687 0.408333 0.802344 0.270833
3 0.885156 0.305556 0.9125 0.366667 0.896875 0.388889 0.869531 0.326389
2 0.857031 0.218056 0.88125 0.305556 0.864062 0.320833 0.839063 0.233333
2 0.848437 0.143056 0.899219 0.161111 0.895312 0.197222 0.844531 0.177778
2 0.817187 0.176389 0.8625 0.184722 0.860156 0.223611 0.814844 0.216667
1 0.764062 0.00416667 0.796094 0.0527778 0.773438 0.1 0.741406 0.0527778
2 0.782031 0.194444 0.734375 0.219444 0.728125 0.184722 0.775781 0.158333
0 0.823438 0.416667 0.802344 0.426389 0.771875 0.215278 0.792969 0.205556
