2 0.825781 0.611111 0.807031 0.625 0.792188 0.5625 0.810937 0.548611
2 0.642969 0.669444 0.626563 0.672222 0.622656 0.605556 0.639844 0.602778
2 0.535937 0.679167 0.575 0.716667 0.565625 0.747222 0.526563 0.709722
2 0.705469 0.398611 0.690625 0.406944 0.68125 0.351389 0.696094 0.343056
2 0.711719 0.3375 0.726562 0.343056 0.720313 0.397222 0.705469 0.391667
2 0.321094 0.288889 0.304688 0.308333 0.277344 0.2375 0.29375 0.218056
2 0.338281 0.286111 0.322656 0.298611 0.307031 0.230556 0.322656 0.219444
2 0.328906 0.248611 0.346094 0.248611 0.346094 0.323611 0.328906 0.323611
2 0.33125 0.319444 0.358594 0.380556 0.341406 0.405556 0.313281 0.345833
2 0.377344 0.427778 0.357031 0.438889 0.344531 0.369444 0.364844 0.358333
2 0.3625 0.456944 0.341406 0.472222 0.325 0.4 0.345313 0.384722
2 0.35625 0.493056 0.405469 0.502778 0.403125 0.538889 0.353906 0.529167
2 0.417969 0.515278 0.404687 0.536111 0.375 0.472222 0.389062 0.452778
2 0.433594 0.551389 0.453125 0.561111 0.439063 0.638889 0.419531 0.629167
2 0.425781 0.486111 0.449219 0.55 0.432031 0.570833 0.408594 0.505556
2 0.408594 0.345833 0.425 0.355556 0.4125 0.427778 0.396094 0.418056
2 0.739062 0.640278 0.726562 0.645833 0.719531 0.583333 0.732031 0.577778
2 0.728125 0.6125 0.714844 0.619444 0.705469 0.566667 0.719531 0.558333
2 0.708594 0.534722 0.735938 0.570833 0.729688 0.5875 0.701562 0.551389
2 0.549219 0.234722 0.532031 0.272222 0.520312 0.256944 0.5375 0.219444
2 0.571875 0.3875 0.544531 0.402778 0.540625 0.380556 0.567969 0.365278
2 0.614844 0.554167 0.602344 0.569444 0.582031 0.515278 0.59375 0.501389
2 0.590625 0.508333 0.557031 0.527778 0.553125 0.501389 0.585938 0.483333
2 0.577344 0.458333 0.610156 0.475 0.605469 0.502778 0.572656 0.484722
2 0.632812 0.501389 0.60625 0.511111 0.603906 0.488889 0.629687 0.479167
2 0.53125 0.527778 0.570312 0.548611 0.564844 0.577778 0.525781 0.556944
2 0.708594 0.504167 0.698438 0.516667 0.678906 0.466667 0.689844 0.454167
2 0.563281 0.309722 0.575 0.330556 0.549219 0.375 0.5375 0.352778
2 0.525781 0.268056 0.539844 0.275 0.530469 0.325 0.517188 0.318056
1 0.503906 0.276389 0.525 0.276389 0.525 0.426389 0.503906 0.426389
1 0.59375 0.165278 0.669531 0.197222 0.665625 0.230556 0.589063 0.198611
0 0.669531 0.234722 0.614844 0.275 0.610156 0.254167 0.664844 0.213889
1 0.639062 0.35 0.559375 0.363889 0.557813 0.329167 0.636719 0.315278
0 0.546875 0.297222 0.560156 0.309722 0.528125 0.4125 0.515625 0.401389
3 0.503906 0.234722 0.524219 0.234722 0.524219 0.280556 0.503906 0.280556
3 0.53125 0.293056 0.544531 0.293056 0.544531 0.336111 0.53125 0.336111
3 0.521875 0.322222 0.535937 0.322222 0.535937 0.368056 0.521875 0.368056
3 0.474219 0.391667 0.507031 0.391667 0.507031 0.425 0.474219 0.425
2 0.46875 0.418056 0.503906 0.4375 0.499219 0.463889 0.463281 0.444444
2 0.553125 0.420833 0.528125 0.451389 0.520312 0.433333 0.546094 0.401389
0 0.540625 0.375 0.551562 0.391667 0.50625 0.484722 0.496094 0.469444
2 0.582031 0.447222 0.555469 0.473611 0.549219 0.451389 0.575781 0.425
2 0.542188 0.431944 0.55625 0.454167 0.538281 0.493056 0.523438 0.470833
2 0.526563 0.444444 0.5375 0.463889 0.517969 0.497222 0.507031 0.477778
0 0.580469 0.484722 0.523438 0.548611 0.516406 0.527778 0.573438 0.463889
0 0.55625 0.516667 0.632812 0.579167 0.627344 0.601389 0.55 0.538889
1 0.598437 0.588889 0.510156 0.654167 0.5 0.6125 0.588281 0.545833
0 0.553906 0.602778 0.625781 0.6625 0.619531 0.688889 0.546875 0.629167
0 0.541406 0.613889 0.621094 0.688889 0.614062 0.713889 0.533594 0.638889
0 0.532031 0.627778 0.608594 0.695833 0.602344 0.720833 0.525 0.652778
0 0.485938 0.606944 0.571875 0.686111 0.563281 0.716667 0.477344 0.6375
0 0.639062 0.379167 0.646094 0.394444 0.6 0.461111 0.592187 0.445833
0 0.69375 0.583333 0.685156 0.595833 0.641406 0.502778 0.65 0.490278
0 0.682031 0.590278 0.673438 0.601389 0.628125 0.481944 0.635938 0.470833
2 0.594531 0.498611 0.611719 0.498611 0.611719 0.536111 0.594531 0.536111
3 0.633594 0.502778 0.64375 0.522222 0.628125 0.548611 0.617969 0.530556
3 0.638281 0.376389 0.6625 0.376389 0.6625 0.405556 0.638281 0.405556
3 0.644531 0.425 0.623437 0.455556 0.614062 0.436111 0.634375 0.405556
3 0.651563 0.4 0.665625 0.411111 0.65625 0.448611 0.642188 0.438889
3 0.66875 0.481944 0.682031 0.5 0.666406 0.533333 0.653906 0.513889
3 0.688281 0.476389 0.678125 0.491667 0.660156 0.455556 0.670312 0.438889
3 0.715625 0.515278 0.735938 0.551389 0.725781 0.569444 0.705469 0.533333
3 0.6 0.463889 0.628125 0.463889 0.628125 0.4875 0.6 0.4875
