3 0.475 0.0541667 0.420312 0.106944 0.403906 0.0527778 0.458594 0
3 0.582812 0.0722222 0.5375 0.140278 0.516406 0.0958333 0.561719 0.0277778
3 0.550781 0.109722 0.605469 0.1625 0.589844 0.215278 0.535156 0.1625
3 0.549219 0.183333 0.578906 0.211111 0.553125 0.294444 0.523438 0.265278
3 0.417969 0.223611 0.485938 0.223611 0.485938 0.279167 0.417969 0.279167
3 0.472656 0.430556 0.438281 0.463889 0.407031 0.3625 0.441406 0.329167
3 0.532813 0.369444 0.50625 0.401389 0.471094 0.309722 0.497656 0.277778
2 0.575 0.223611 0.590625 0.241667 0.560156 0.320833 0.544531 0.302778
2 0.557813 0.447222 0.482031 0.461111 0.478906 0.404167 0.554688 0.391667
3 0.508594 0.475 0.532813 0.519444 0.485156 0.602778 0.460156 0.556944
2 0.596094 0.495833 0.535156 0.555556 0.520312 0.508333 0.58125 0.448611
2 0.6375 0.388889 0.65625 0.418056 0.613281 0.509722 0.59375 0.480556
3 0.607031 0.534722 0.559375 0.580556 0.546094 0.538889 0.59375 0.491667
2 0.603906 0.494444 0.625 0.526389 0.586719 0.606944 0.565625 0.575
3 0.620313 0.647222 0.565625 0.666667 0.559375 0.615278 0.614844 0.595833
0 0.670312 0.368056 0.692969 0.395833 0.624219 0.581944 0.601562 0.555556
2 0.659375 0.55 0.6875 0.55 0.6875 0.670833 0.659375 0.670833
3 0.682813 0.531944 0.711719 0.531944 0.711719 0.633333 0.682813 0.633333
0 0.748437 0.413889 0.661719 0.572222 0.640625 0.536111 0.727344 0.377778
0 0.799219 0.480556 0.6875 0.541667 0.679688 0.497222 0.791406 0.436111
2 0.704688 0.354167 0.765625 0.354167 0.765625 0.401389 0.704688 0.401389
3 0.667969 0.294444 0.691406 0.318056 0.664844 0.405556 0.641406 0.381944
0 0.822656 0.352778 0.701562 0.375 0.699219 0.330556 0.820312 0.309722
0 0.745313 0.3125 0.722656 0.340278 0.642969 0.133333 0.665625 0.105556
2 0.834375 0.281944 0.784375 0.3 0.778906 0.255556 0.829688 0.2375
2 0.750781 0.122222 0.775781 0.130556 0.7625 0.247222 0.7375 0.2375
2 0.716406 0 0.754687 0.0569444 0.735156 0.0986111 0.696875 0.0402778
2 0.971094 0.0583333 0.995313 0.0583333 0.995313 0.143056 0.971094 0.143056
