3 0.388281 0.243056 0.3375 0.254167 0.334375 0.208333 0.385156 0.197222
3 0.464062 0.258333 0.439063 0.297222 0.407813 0.233333 0.432031 0.194444
3 0.846875 0.0777778 0.919531 0.122222 0.907031 0.184722 0.834375 0.141667
3 0.667188 0.452778 0.699219 0.461111 0.689844 0.573611 0.658594 0.565278
3 0.672656 0.572222 0.701562 0.5875 0.685937 0.686111 0.657031 0.670833
3 0.446875 0.622222 0.397656 0.658333 0.388281 0.615278 0.436719 0.579167
3 0.355469 0.554167 0.399219 0.554167 0.399219 0.601389 0.355469 0.601389
3 0.5 0.727778 0.44375 0.763889 0.435156 0.723611 0.491406 0.686111
3 0.484375 0.7875 0.430469 0.809722 0.425781 0.770833 0.479687 0.748611
3 0.6875 0.0888889 0.758594 0.113889 0.752344 0.170833 0.68125 0.144444
3 0.641406 0.183333 0.608594 0.201389 0.590625 0.0986111 0.623437 0.0805556
3 0.642969 0.140278 0.707031 0.140278 0.707031 0.2 0.642969 0.2
3 0.676562 0.0388889 0.698438 0.0888889 0.646875 0.161111 0.625 0.111111
1 0.641406 0.295833 0.471875 0.386111 0.459375 0.3125 0.629687 0.222222
1 0.49375 0.00416667 0.533594 0.025 0.485156 0.3375 0.445312 0.318056
1 0.553906 0.627778 0.416406 0.761111 0.397656 0.698611 0.534375 0.565278
0 0.932031 0.309722 0.914844 0.35 0.778125 0.169444 0.795312 0.129167
0 0.816406 0.113889 0.979688 0.213889 0.969531 0.265278 0.80625 0.165278
0 0.824219 0 0.846094 0.0319444 0.788281 0.154167 0.766406 0.120833
0 0.319531 0.358333 0.435156 0.433333 0.426563 0.475 0.310937 0.4
0 0.332813 0.35 0.450781 0.393056 0.446094 0.434722 0.327344 0.391667
0 0.398438 0.454167 0.528906 0.454167 0.528906 0.5 0.398438 0.5
0 0.614844 0.561111 0.638281 0.579167 0.585938 0.805556 0.5625 0.7875
0 0.65625 0.431944 0.683594 0.443056 0.654687 0.7 0.626563 0.690278
0 0.549219 0.695833 0.574219 0.715278 0.519531 0.945833 0.494531 0.926389
0 0.56875 0.629167 0.588281 0.661111 0.504687 0.825 0.485156 0.793056
0 0.583594 0.575 0.601562 0.608333 0.510156 0.7625 0.492188 0.729167
0 0.453906 0.743056 0.347656 0.834722 0.3375 0.798611 0.44375 0.706944
0 0.532813 0.570833 0.403906 0.594444 0.401562 0.552778 0.530469 0.530556
0 0.450781 0.0222222 0.373437 0.0972222 0.366406 0.075 0.44375 0
