0 0.585938 0.263889 0.697656 0.347222 0.688281 0.3875 0.576562 0.304167
0 0.449219 0.522222 0.335156 0.633333 0.321875 0.588889 0.435156 0.479167
0 0.528125 0.280556 0.546875 0.308333 0.459375 0.493056 0.440625 0.465278
0 0.684375 0.7125 0.828906 0.765278 0.823438 0.811111 0.678906 0.758333
0 0.700781 0.797222 0.579688 0.859722 0.573438 0.819444 0.694531 0.758333
0 0.528125 0.404167 0.558594 0.427778 0.507812 0.6375 0.477344 0.613889
0 0.545312 0.905556 0.428906 0.926389 0.426563 0.894444 0.542969 0.873611
0 0.564063 0.870833 0.704688 0.870833 0.704688 0.909722 0.564063 0.909722
1 0.453125 0.915278 0.610156 0.915278 0.610156 0.980556 0.453125 0.980556
0 0.70625 0.580556 0.728906 0.609722 0.677344 0.734722 0.655469 0.705556
1 0.644531 0.326389 0.673438 0.379167 0.552344 0.5875 0.523438 0.534722
1 0.675 0.263889 0.709375 0.297222 0.625 0.572222 0.590625 0.538889
1 0.534375 0.697222 0.383594 0.751389 0.375781 0.680556 0.526563 0.626389
