0 0.580469 0.527778 0.695312 0.695833 0.675 0.738889 0.560156 0.570833
0 0.592969 0.513889 0.733594 0.619444 0.721875 0.666667 0.58125 0.561111
0 0.491406 0.329167 0.471094 0.366667 0.372656 0.195833 0.392969 0.158333
0 0.363281 0.35 0.252344 0.433333 0.241406 0.386111 0.351562 0.302778
0 0.323437 0.415278 0.21875 0.493056 0.209375 0.454167 0.314063 0.375
0 0.190625 0.727778 0.292187 0.776389 0.2875 0.808333 0.185156 0.761111
0 0.177344 0.743056 0.286719 0.802778 0.279687 0.843056 0.170313 0.783333
0 0.246094 0.834722 0.371875 0.834722 0.371875 0.875 0.246094 0.875
0 0.375 0.941667 0.257031 0.965278 0.254688 0.929167 0.372656 0.905556
1 0.460938 0.691667 0.314844 0.770833 0.301563 0.694444 0.447656 0.613889
1 0.559375 0.206944 0.589063 0.273611 0.447656 0.472222 0.417969 0.405556
1 0.315625 0.4125 0.357812 0.427778 0.324219 0.719444 0.282031 0.704167
3 0.211719 0.927778 0.25625 0.927778 0.25625 0.970833 0.211719 0.970833
3 0.252344 0.965278 0.296875 0.965278 0.296875 0.997222 0.252344 0.997222
3 0.484375 0.830556 0.514062 0.830556 0.514062 0.940278 0.484375 0.940278
3 0.488281 0.944444 0.522656 0.944444 0.522656 0.998611 0.488281 0.998611
3 0.613281 0.4875 0.68125 0.530556 0.670312 0.584722 0.602344 0.541667
3 0.185938 0.586111 0.233594 0.586111 0.233594 0.643056 0.185938 0.643056
3 0.260937 0.581944 0.304688 0.581944 0.304688 0.665278 0.260937 0.665278
3 0.334375 0.333333 0.2875 0.368056 0.278125 0.326389 0.324219 0.290278
3 0.336719 0.380556 0.383594 0.380556 0.383594 0.441667 0.336719 0.441667
3 0.385156 0.347222 0.429688 0.347222 0.429688 0.452778 0.385156 0.452778
3 0.410938 0.490278 0.44375 0.490278 0.44375 0.584722 0.410938 0.584722
3 0.489063 0.494444 0.546094 0.515278 0.539062 0.573611 0.482031 0.552778
3 0.446094 0.538889 0.503906 0.538889 0.503906 0.597222 0.446094 0.597222
3 0.473438 0.451389 0.494531 0.491667 0.45 0.563889 0.429688 0.523611
0 0.623437 0.277778 0.649219 0.302778 0.570312 0.559722 0.544531 0.534722
