0 0.521875 0.766667 0.495312 0.798611 0.489063 0.780556 0.514844 0.748611
3 0.552344 0.779167 0.56875 0.779167 0.56875 0.841667 0.552344 0.841667
2 0.55 0.843056 0.577344 0.843056 0.577344 0.873611 0.55 0.873611
3 0.552344 0.861111 0.565625 0.883333 0.55 0.916667 0.535937 0.895833
2 0.532031 0.908333 0.5625 0.908333 0.5625 0.933333 0.532031 0.933333
2 0.552344 0.973611 0.584375 0.973611 0.584375 0.994444 0.552344 0.994444
2 0.546094 0.873611 0.523438 0.881944 0.521094 0.859722 0.54375 0.851389
2 0.520312 0.816667 0.549219 0.816667 0.549219 0.836111 0.520312 0.836111
0 0.552344 0.843056 0.514062 0.863889 0.510938 0.845833 0.549219 0.823611
0 0.500781 0.855556 0.510938 0.856944 0.50625 0.958333 0.496094 0.956944
0 0.55 0.976389 0.539844 0.993056 0.500781 0.908333 0.510938 0.893056
2 0.524219 0.972222 0.496094 0.9875 0.492969 0.972222 0.521875 0.955556
2 0.519531 0.954167 0.529687 0.966667 0.517188 0.998611 0.507031 0.984722
2 0.494531 0.875 0.50625 0.881944 0.495312 0.940278 0.484375 0.934722
1 0.494531 0.918056 0.478906 0.922222 0.474219 0.866667 0.490625 0.8625
3 0.810937 0.452778 0.764062 0.498611 0.750781 0.454167 0.797656 0.408333
3 0.788281 0.427778 0.742969 0.4625 0.733594 0.422222 0.778125 0.3875
0 0.739062 0.180556 0.835938 0.3 0.822656 0.334722 0.725781 0.215278
2 0.886719 0.104167 0.8375 0.193056 0.821094 0.1625 0.870313 0.0736111
2 0.736719 0.0597222 0.698438 0.115278 0.683594 0.0833333 0.721094 0.0277778
3 0.728125 0 0.76875 0 0.76875 0.05 0.728125 0.05
3 0.572656 0.5125 0.557813 0.565278 0.540625 0.548611 0.55625 0.495833
2 0.664062 0.401389 0.678906 0.419444 0.653125 0.4875 0.638281 0.469444
2 0.6875 0.336111 0.730469 0.359722 0.724219 0.394444 0.68125 0.370833
2 0.477344 0.373611 0.499219 0.380556 0.496094 0.405556 0.474219 0.398611
2 0.539844 0.351389 0.565625 0.380556 0.557031 0.404167 0.53125 0.375
2 0.538281 0.311111 0.561719 0.325 0.557813 0.35 0.533594 0.336111
0 0.658594 0.359722 0.642188 0.363889 0.632031 0.188889 0.649219 0.186111
1 0.625 0.222222 0.607812 0.252778 0.578125 0.201389 0.595313 0.170833
3 0.591406 0.308333 0.569531 0.319444 0.564844 0.291667 0.586719 0.280556
3 0.573438 0.281944 0.560156 0.329167 0.544531 0.315278 0.557813 0.268056
3 0.5625 0.222222 0.578125 0.222222 0.578125 0.256944 0.5625 0.256944
2 0.572656 0.155556 0.585938 0.155556 0.585938 0.2 0.572656 0.2
2 0.6125 0.126389 0.584375 0.148611 0.578125 0.122222 0.607031 0.101389
2 0.521094 0.170833 0.546094 0.170833 0.546094 0.194444 0.521094 0.194444
0 0.522656 0.129167 0.533594 0.133333 0.520312 0.254167 0.508594 0.251389
2 0.509375 0.190278 0.497656 0.195833 0.489063 0.145833 0.5 0.138889
0 0.499219 0.0861111 0.534375 0.120833 0.528125 0.140278 0.492969 0.105556
1 0.525 0.0972222 0.505469 0.111111 0.485156 0.0125 0.503906 0
1 0.509375 0 0.533594 0 0.533594 0.0611111 0.509375 0.0611111
