3 0.570312 0.0486111 0.596875 0.0680556 0.571875 0.173611 0.545312 0.154167
2 0.669531 0.122222 0.617969 0.180556 0.603125 0.1375 0.653906 0.0791667
0 0.767969 0.230556 0.880469 0.230556 0.880469 0.272222 0.767969 0.272222
0 0.826562 0.1375 0.910156 0.248611 0.897656 0.279167 0.814063 0.168056
2 0.930469 0.116667 0.958594 0.122222 0.952344 0.215278 0.924219 0.209722
2 0.977344 0.263889 0.955469 0.265278 0.953125 0.173611 0.975 0.170833
2 0.986719 0.138889 0.9625 0.156944 0.942187 0.0708333 0.966406 0.0527778
3 0.738281 0.45 0.767969 0.45 0.767969 0.55 0.738281 0.55
3 0.644531 0.625 0.670312 0.643056 0.649219 0.731944 0.623437 0.7125
3 0.640625 0.573611 0.689063 0.6 0.68125 0.644444 0.632812 0.618056
3 0.646094 0.527778 0.701562 0.5375 0.699219 0.583333 0.642969 0.573611
3 0.632031 0.452778 0.686719 0.472222 0.68125 0.523611 0.625781 0.504167
3 0.705469 0.405556 0.680469 0.443056 0.64375 0.365278 0.66875 0.327778
3 0.669531 0.423611 0.64375 0.448611 0.615625 0.358333 0.641406 0.333333
3 0.650781 0.304167 0.630469 0.340278 0.589063 0.269444 0.609375 0.231944
3 0.542188 0.280556 0.485156 0.3125 0.475781 0.258333 0.532813 0.227778
3 0.53125 0.284722 0.55 0.327778 0.499219 0.398611 0.480469 0.355556
3 0.5625 0.294444 0.614844 0.294444 0.614844 0.347222 0.5625 0.347222
3 0.536719 0.3375 0.566406 0.3375 0.566406 0.45 0.536719 0.45
3 0.632031 0.468056 0.603125 0.479167 0.589844 0.3625 0.61875 0.351389
0 0.660156 0.765278 0.64375 0.794444 0.552344 0.636111 0.567969 0.606944
2 0.572656 0.522222 0.55 0.55 0.511719 0.45 0.534375 0.423611
2 0.491406 0.566667 0.459375 0.590278 0.428906 0.461111 0.460156 0.4375
2 0.489844 0.438889 0.521094 0.456944 0.499219 0.583333 0.467969 0.566667
1 0.621875 0.816667 0.582812 0.858333 0.4875 0.569444 0.527344 0.527778
