1 0.757031 0.341667 0.674219 0.375 0.66875 0.331944 0.751563 0.298611
1 0.653906 0.276389 0.71875 0.276389 0.71875 0.322222 0.653906 0.322222
1 0.627344 0.323611 0.609375 0.368056 0.521094 0.254167 0.539062 0.209722
1 0.607031 0.538889 0.591406 0.573611 0.496094 0.440278 0.511719 0.405556
0 0.555469 0.0861111 0.604688 0.159722 0.592969 0.184722 0.54375 0.111111
0 0.642188 0.163889 0.691406 0.163889 0.691406 0.197222 0.642188 0.197222
0 0.710938 0.254167 0.648438 0.288889 0.642969 0.255556 0.705469 0.220833
0 0.790625 0.629167 0.723437 0.652778 0.720313 0.619444 0.786719 0.597222
0 0.715625 0.884722 0.641406 0.911111 0.6375 0.877778 0.711719 0.851389
0 0.592969 0.613889 0.5375 0.727778 0.523438 0.705556 0.578125 0.591667
0 0.59375 0.643056 0.585156 0.6625 0.516406 0.565278 0.525 0.547222
0 0.492969 0.688889 0.471875 0.704167 0.435156 0.55 0.45625 0.534722
0 0.584375 0.601389 0.492188 0.618056 0.490625 0.591667 0.582812 0.575
0 0.674219 0.454167 0.711719 0.454167 0.711719 0.486111 0.674219 0.486111
0 0.575781 0.466667 0.564844 0.493056 0.485156 0.388889 0.496094 0.3625
