2 0.517188 0.163889 0.526563 0.176389 0.513281 0.211111 0.503906 0.198611
2 0.611719 0.319444 0.621094 0.336111 0.603125 0.366667 0.59375 0.348611
2 0.563281 0.329167 0.574219 0.334722 0.567187 0.377778 0.557031 0.373611
3 0.529687 0.220833 0.551562 0.220833 0.551562 0.251389 0.529687 0.251389
2 0.440625 0.280556 0.432031 0.2875 0.422656 0.256944 0.430469 0.248611
2 0.471875 0.243056 0.496094 0.247222 0.494531 0.266667 0.471094 0.2625
0 0.498437 0.247222 0.50625 0.258333 0.476562 0.319444 0.469531 0.309722
1 0.56875 0.259722 0.583594 0.270833 0.560937 0.365278 0.546094 0.355556
2 0.571094 0.276389 0.552344 0.283333 0.55 0.268056 0.569531 0.261111
3 0.546875 0.279167 0.5625 0.279167 0.5625 0.308333 0.546875 0.308333
0 0.455469 0.216667 0.465625 0.226389 0.447656 0.293056 0.4375 0.284722
2 0.448437 0.370833 0.422656 0.380556 0.420312 0.361111 0.446875 0.351389
2 0.4625 0.340278 0.452344 0.347222 0.442969 0.309722 0.453906 0.302778
2 0.457813 0.363889 0.446094 0.370833 0.439844 0.330556 0.450781 0.323611
0 0.464844 0.308333 0.476562 0.316667 0.454688 0.398611 0.44375 0.390278
2 0.519531 0.377778 0.509375 0.384722 0.501563 0.352778 0.511719 0.344444
2 0.524219 0.379167 0.534375 0.388889 0.522656 0.425 0.513281 0.416667
2 0.503125 0.372222 0.508594 0.390278 0.486719 0.413889 0.48125 0.397222
2 0.470313 0.406944 0.49375 0.406944 0.49375 0.431944 0.470313 0.431944
2 0.523438 0.302778 0.535156 0.306944 0.532031 0.333333 0.520312 0.329167
2 0.542188 0.348611 0.519531 0.356944 0.517188 0.336111 0.539844 0.327778
2 0.534375 0.345833 0.546875 0.351389 0.542969 0.384722 0.530469 0.380556
0 0.523438 0.343056 0.533594 0.354167 0.513281 0.420833 0.502344 0.409722
2 0.4375 0.497222 0.427344 0.509722 0.411719 0.466667 0.421094 0.455556
2 0.360938 0.591667 0.35 0.602778 0.335938 0.556944 0.347656 0.547222
2 0.341406 0.595833 0.332031 0.611111 0.310156 0.573611 0.319531 0.558333
2 0.360156 0.606944 0.35 0.622222 0.33125 0.580556 0.340625 0.565278
2 0.399219 0.576389 0.375781 0.611111 0.367969 0.595833 0.391406 0.559722
0 0.36875 0.591667 0.375781 0.609722 0.314844 0.688889 0.307812 0.670833
0 0.374219 0.675 0.296875 0.706944 0.292969 0.680556 0.371094 0.647222
0 0.467969 0.552778 0.407031 0.590278 0.403906 0.575 0.464844 0.536111
2 0.557813 0.533333 0.528125 0.544444 0.525 0.516667 0.554688 0.505556
2 0.46875 0.538889 0.478125 0.556944 0.457813 0.591667 0.447656 0.573611
1 0.497656 0.581944 0.423438 0.644444 0.414844 0.611111 0.488281 0.548611
0 0.467969 0.5875 0.482812 0.595833 0.464844 0.698611 0.45 0.691667
0 0.507812 0.623611 0.514062 0.65 0.455469 0.695833 0.449219 0.669444
2 0.477344 0.690278 0.44375 0.702778 0.441406 0.681944 0.475 0.670833
2 0.534375 0.670833 0.521875 0.680556 0.510156 0.630556 0.522656 0.622222
2 0.479687 0.723611 0.446094 0.734722 0.442969 0.708333 0.476562 0.695833
3 0.489063 0.647222 0.502344 0.651389 0.496875 0.698611 0.483594 0.693056
0 0.509375 0.652778 0.517969 0.665278 0.472656 0.759722 0.464062 0.747222
0 0.514844 0.663889 0.527344 0.679167 0.4875 0.790278 0.474219 0.776389
3 0.50625 0.720833 0.521094 0.720833 0.521094 0.776389 0.50625 0.776389
2 0.572656 0.629167 0.601562 0.65 0.596094 0.670833 0.567969 0.65
3 0.611719 0.561111 0.63125 0.575 0.625 0.6 0.605469 0.586111
0 0.632031 0.5625 0.642188 0.575 0.603906 0.673611 0.594531 0.661111
2 0.682813 0.616667 0.694531 0.634722 0.673438 0.676389 0.661719 0.658333
2 0.664844 0.773611 0.650781 0.790278 0.630469 0.7375 0.644531 0.719444
2 0.675781 0.758333 0.664062 0.775 0.640625 0.725 0.652344 0.706944
2 0.659375 0.770833 0.675781 0.770833 0.675781 0.8375 0.659375 0.8375
3 0.716406 0.626389 0.734375 0.626389 0.734375 0.675 0.716406 0.675
2 0.753906 0.690278 0.740625 0.695833 0.732031 0.6375 0.744531 0.631944
2 0.757031 0.65 0.742969 0.659722 0.730469 0.606944 0.744531 0.597222
3 0.842969 0.648611 0.83125 0.665278 0.8125 0.625 0.824219 0.608333
3 0.815625 0.698611 0.800781 0.706944 0.792969 0.661111 0.807813 0.652778
3 0.749219 0.983333 0.710938 0.990278 0.708594 0.955556 0.747656 0.947222
0 0.745313 0.8375 0.733594 0.856944 0.682031 0.755556 0.69375 0.736111
2 0.802344 0.702778 0.811719 0.729167 0.782813 0.761111 0.772656 0.736111
2 0.824219 0.758333 0.785937 0.772222 0.782813 0.744444 0.821094 0.730556
1 0.849219 0.770833 0.826562 0.784722 0.797656 0.629167 0.820312 0.616667
1 0.91875 0.916667 0.897656 0.936111 0.844531 0.7625 0.864844 0.743056
0 0.890625 0.906944 0.878906 0.918056 0.835938 0.777778 0.846875 0.768056
3 0.789844 0.772222 0.823438 0.783333 0.821094 0.806944 0.786719 0.795833
2 0.767969 0.9125 0.785937 0.9125 0.785937 0.984722 0.767969 0.984722
2 0.803906 0.940278 0.789844 0.95 0.776563 0.884722 0.790625 0.875
3 0.819531 0.840278 0.835156 0.851389 0.822656 0.904167 0.807813 0.891667
2 0.849219 0.856944 0.8625 0.868056 0.846094 0.929167 0.832812 0.918056
2 0.865625 0.875 0.878125 0.897222 0.850781 0.944444 0.838281 0.920833
