2 0.742188 0.0111111 0.782031 0.0638889 0.767969 0.0972222 0.728125 0.0444444
2 0.234375 0.2875 0.26875 0.329167 0.257031 0.359722 0.222656 0.318056
2 0.283594 0.326389 0.267969 0.341667 0.248438 0.279167 0.264062 0.263889
2 0.355469 0.325 0.373437 0.325 0.373437 0.402778 0.355469 0.402778
2 0.274219 0.279167 0.292187 0.279167 0.292187 0.35 0.274219 0.35
2 0.26875 0.361111 0.305469 0.395833 0.296094 0.426389 0.259375 0.391667
2 0.327344 0.438889 0.305469 0.45 0.294531 0.388889 0.317188 0.377778
2 0.317188 0.480556 0.302344 0.498611 0.278125 0.434722 0.292969 0.416667
2 0.364844 0.538889 0.314063 0.556944 0.310156 0.520833 0.360938 0.501389
2 0.340625 0.451389 0.378906 0.498611 0.366406 0.530556 0.328125 0.483333
2 0.400781 0.529167 0.421094 0.540278 0.407031 0.622222 0.386719 0.611111
2 0.4125 0.520833 0.398438 0.541667 0.373437 0.488889 0.3875 0.468056
0 0.3875 0.501389 0.375781 0.520833 0.314063 0.405556 0.325781 0.386111
0 0.459375 0.552778 0.575781 0.588889 0.572656 0.623611 0.45625 0.5875
2 0.529687 0.602778 0.585156 0.622222 0.580469 0.659722 0.525781 0.640278
0 0.51875 0.543056 0.638281 0.565278 0.635938 0.601389 0.516406 0.580556
0 0.5375 0.516667 0.649219 0.547222 0.646094 0.586111 0.534375 0.556944
0 0.551562 0.495833 0.654687 0.513889 0.652344 0.554167 0.549219 0.536111
1 0.590625 0.3875 0.610938 0.433333 0.505469 0.581944 0.485156 0.536111
2 0.660156 0.426389 0.686719 0.426389 0.686719 0.515278 0.660156 0.515278
2 0.517188 0.425 0.565625 0.425 0.565625 0.458333 0.517188 0.458333
2 0.426563 0.341667 0.471875 0.35 0.469531 0.381944 0.425 0.373611
0 0.421875 0.352778 0.505469 0.401389 0.499219 0.433333 0.416406 0.384722
0 0.547656 0.383333 0.659375 0.391667 0.657813 0.427778 0.546875 0.419444
2 0.597656 0.3375 0.635938 0.384722 0.625 0.413889 0.585938 0.366667
2 0.583594 0.320833 0.596875 0.345833 0.561719 0.401389 0.548438 0.375
2 0.496875 0.326389 0.515625 0.344444 0.496094 0.406944 0.478125 0.388889
2 0.524219 0.294444 0.540625 0.311111 0.51875 0.381944 0.502344 0.365278
2 0.5625 0.259722 0.577344 0.286111 0.542969 0.345833 0.528125 0.319444
2 0.566406 0.298611 0.613281 0.298611 0.613281 0.331944 0.566406 0.331944
2 0.652344 0.270833 0.660937 0.301389 0.619531 0.338889 0.610938 0.308333
2 0.525781 0.258333 0.541406 0.281944 0.513281 0.340278 0.497656 0.316667
0 0.514062 0.234722 0.53125 0.251389 0.485156 0.402778 0.46875 0.386111
2 0.628906 0.354167 0.610938 0.370833 0.599219 0.333333 0.617188 0.316667
2 0.570312 0.218056 0.528125 0.269444 0.516406 0.240278 0.558594 0.188889
2 0.534375 0.136111 0.552344 0.15 0.535156 0.225 0.517188 0.211111
1 0.5 0.322222 0.471875 0.327778 0.460938 0.140278 0.489844 0.134722
3 0.435156 0.301389 0.478906 0.301389 0.478906 0.3375 0.435156 0.3375
3 0.489844 0.186111 0.507812 0.186111 0.507812 0.243056 0.489844 0.243056
3 0.500781 0.140278 0.517188 0.140278 0.517188 0.195833 0.500781 0.195833
0 0.489844 0.116667 0.504687 0.116667 0.504687 0.186111 0.489844 0.186111
0 0.521094 0.134722 0.532031 0.141667 0.505469 0.295833 0.49375 0.288889
3 0.467187 0.0833333 0.491406 0.0833333 0.491406 0.141667 0.467187 0.141667
1 0.639062 0.0555556 0.653906 0.0986111 0.553125 0.208333 0.538281 0.165278
3 0.653906 0.286111 0.676562 0.302778 0.661719 0.365278 0.639062 0.348611
2 0.678125 0.301389 0.699219 0.326389 0.678125 0.380556 0.657813 0.355556
3 0.646094 0.290278 0.603906 0.313889 0.599219 0.283333 0.640625 0.259722
3 0.603125 0.211111 0.61875 0.238889 0.590625 0.2875 0.575 0.259722
0 0.659375 0.130556 0.671094 0.148611 0.614062 0.269444 0.602344 0.251389
3 0.654687 0.172222 0.670312 0.195833 0.646094 0.245833 0.630469 0.222222
3 0.658594 0.111111 0.692969 0.111111 0.692969 0.148611 0.658594 0.148611
3 0.683594 0.138889 0.702344 0.152778 0.689063 0.208333 0.670312 0.194444
2 0.700781 0.154167 0.71875 0.172222 0.699219 0.236111 0.68125 0.218056
2 0.7375 0.172222 0.78125 0.215278 0.772656 0.244444 0.728906 0.201389
3 0.678906 0.213889 0.707031 0.256944 0.692969 0.2875 0.664062 0.244444
3 0.717187 0.227778 0.734375 0.244444 0.715625 0.304167 0.698438 0.2875
3 0.717969 0.176389 0.741406 0.219444 0.725781 0.245833 0.702344 0.202778
0 0.75 0.355556 0.741406 0.380556 0.646875 0.272222 0.65625 0.248611
0 0.765625 0.340278 0.757812 0.366667 0.659375 0.277778 0.667188 0.251389
0 0.826562 0.368056 0.808594 0.394444 0.759375 0.290278 0.777344 0.263889
3 0.795312 0.220833 0.839063 0.254167 0.829688 0.291667 0.786719 0.259722
2 0.853125 0.380556 0.834375 0.394444 0.814063 0.309722 0.832812 0.294444
2 0.835156 0.277778 0.829688 0.316667 0.78125 0.294444 0.786719 0.256944
2 0.835156 0.358333 0.817187 0.379167 0.789062 0.298611 0.807031 0.279167
