2 0.084375 0.834722 0.15625 0.873611 0.146875 0.926389 0.075 0.886111
2 0.150781 0.875 0.171875 0.906944 0.128125 0.997222 0.107813 0.966667
2 0.195312 0.873611 0.265625 0.9125 0.257031 0.961111 0.186719 0.922222
3 0.33125 0.944444 0.311719 0.988889 0.271875 0.933333 0.292187 0.888889
2 0.294531 0.740278 0.330469 0.740278 0.330469 0.801389 0.294531 0.801389
3 0.401562 0.773611 0.339062 0.808333 0.330469 0.759722 0.392969 0.726389
0 0.255469 0.458333 0.0992187 0.515278 0.0929688 0.465278 0.25 0.408333
0 0.282813 0.384722 0.297656 0.436111 0.163281 0.558333 0.148438 0.506944
2 0.215625 0.4 0.1875 0.433333 0.144531 0.322222 0.172656 0.288889
2 0.241406 0.241667 0.310156 0.293056 0.299219 0.340278 0.230469 0.288889
2 0.229687 0.148611 0.175 0.230556 0.153125 0.183333 0.207813 0.102778
1 0.176563 0.436111 0.128125 0.458333 0.0828125 0.143056 0.132031 0.120833
3 0.297656 0.493056 0.239063 0.55 0.222656 0.494444 0.280469 0.4375
2 0.376563 0.641667 0.352344 0.670833 0.311719 0.565278 0.335938 0.536111
2 0.292969 0.552778 0.355469 0.622222 0.339062 0.666667 0.277344 0.597222
2 0.45625 0.361111 0.390625 0.409722 0.378125 0.356944 0.44375 0.308333
0 0.56875 0.575 0.504687 0.765278 0.479687 0.738889 0.544531 0.548611
3 0.558594 0.793056 0.623437 0.793056 0.623437 0.847222 0.558594 0.847222
2 0.590625 0.711111 0.65625 0.790278 0.640625 0.831944 0.575 0.751389
1 0.514844 0.447222 0.692187 0.619444 0.669531 0.693056 0.491406 0.520833
2 0.573438 0.102778 0.596875 0.125 0.563281 0.233333 0.539844 0.211111
3 0.65 0.129167 0.717187 0.141667 0.714063 0.197222 0.646875 0.184722
0 0.803125 0.0458333 0.671875 0.0972222 0.666406 0.0527778 0.797656 0
2 0.732031 0.0458333 0.672656 0.0513889 0.671094 0.00416667 0.730469 0
0 0.757812 0.404167 0.726562 0.409722 0.710938 0.131944 0.742188 0.126389
2 0.745313 0.316667 0.775 0.316667 0.775 0.444444 0.745313 0.444444
2 0.767188 0.356944 0.798438 0.356944 0.798438 0.486111 0.767188 0.486111
2 0.745313 0.1875 0.815625 0.1875 0.815625 0.240278 0.745313 0.240278
2 0.849219 0.1875 0.824219 0.225 0.78125 0.133333 0.80625 0.0958333
2 0.863281 0.334722 0.830469 0.352778 0.809375 0.227778 0.841406 0.211111
0 0.886719 0.351389 0.857031 0.3625 0.825781 0.0847222 0.855469 0.0736111
0 0.964063 0.265278 0.982031 0.3125 0.844531 0.469444 0.827344 0.422222
2 0.900781 0.593056 0.864844 0.6125 0.842969 0.483333 0.878906 0.463889
2 0.808594 0.534722 0.839844 0.565278 0.803125 0.684722 0.771875 0.654167
3 0.872656 0.715278 0.8375 0.741667 0.808594 0.622222 0.844531 0.595833
