3 0.523438 0.00138889 0.572656 0.00138889 0.572656 0.0472222 0.523438 0.0472222
3 0.594531 0.075 0.628125 0.075 0.628125 0.166667 0.594531 0.166667
3 0.720313 0.0319444 0.757031 0.0319444 0.757031 0.1125 0.720313 0.1125
3 0.7625 0.0791667 0.794531 0.0791667 0.794531 0.165278 0.7625 0.165278
3 0.758594 0.188889 0.783594 0.188889 0.783594 0.279167 0.758594 0.279167
3 0.942969 0.438889 0.91875 0.475 0.889062 0.4125 0.913281 0.376389
3 0.785156 0.215278 0.829688 0.215278 0.829688 0.269444 0.785156 0.269444
3 0.8625 0.327778 0.844531 0.359722 0.807031 0.294444 0.824219 0.2625
3 0.799219 0.244444 0.829688 0.313889 0.803125 0.351389 0.772656 0.281944
3 0.463281 0.523611 0.523438 0.556944 0.514844 0.606944 0.454688 0.573611
3 0.492188 0.508333 0.545312 0.508333 0.545312 0.556944 0.492188 0.556944
3 0.759375 0.480556 0.78125 0.508333 0.75 0.590278 0.727344 0.5625
3 0.738281 0.569444 0.761719 0.611111 0.721875 0.679167 0.699219 0.6375
3 0.439844 0.241667 0.498437 0.297222 0.48125 0.352778 0.423438 0.295833
3 0.460156 0.352778 0.520312 0.352778 0.520312 0.4125 0.460156 0.4125
1 0.449219 0.443056 0.633594 0.443056 0.633594 0.518056 0.449219 0.518056
1 0.623437 0.205556 0.777344 0.290278 0.765625 0.358333 0.611719 0.273611
1 0.789844 0.158333 0.935937 0.170833 0.934375 0.230556 0.788281 0.218056
1 0.735938 0.0847222 0.635156 0.236111 0.607812 0.177778 0.708594 0.0277778
0 0.338281 0.465278 0.4875 0.465278 0.4875 0.518056 0.338281 0.518056
0 0.692187 0.519444 0.710156 0.561111 0.610156 0.702778 0.591406 0.661111
0 0.622656 0.618056 0.510938 0.784722 0.490625 0.741667 0.602344 0.575
0 0.651563 0.5875 0.532031 0.654167 0.523438 0.601389 0.642969 0.536111
0 0.671094 0.55 0.552344 0.593056 0.546875 0.545833 0.665625 0.504167
0 0.498437 0.306944 0.633594 0.408333 0.623437 0.45 0.489063 0.348611
0 0.55625 0.252778 0.540625 0.275 0.448437 0.0763889 0.464062 0.0541667
0 0.480469 0.0694444 0.590625 0.2375 0.573438 0.270833 0.464062 0.104167
0 0.525 0.216667 0.642969 0.359722 0.627344 0.401389 0.509375 0.256944
0 0.925 0.565278 0.903125 0.581944 0.854688 0.386111 0.877344 0.369444
0 0.739844 0.452778 0.766406 0.486111 0.698438 0.6625 0.671875 0.630556
0 0.955469 0.543056 0.938281 0.565278 0.872656 0.401389 0.889844 0.379167
0 0.951562 0.305556 0.867188 0.3875 0.852344 0.338889 0.936719 0.256944
