2 0.1375 0.413889 0.117969 0.420833 0.108594 0.340278 0.128125 0.333333
1 0.292187 0.5 0.15 0.605556 0.135156 0.544444 0.277344 0.438889
2 0.228906 0.629167 0.279687 0.656944 0.273438 0.691667 0.222656 0.663889
2 0.292969 0.693056 0.250781 0.755556 0.236719 0.726389 0.278906 0.663889
2 0.3125 0.652778 0.364844 0.681944 0.358594 0.719444 0.30625 0.690278
0 0.355469 0.736111 0.380469 0.740278 0.36875 0.947222 0.34375 0.943056
2 0.425 0.875 0.403125 0.895833 0.374219 0.801389 0.396094 0.780556
3 0.413281 0.708333 0.392969 0.738889 0.369531 0.688889 0.389844 0.658333
2 0.385156 0.559722 0.410938 0.559722 0.410938 0.591667 0.385156 0.591667
3 0.461719 0.5875 0.41875 0.602778 0.414844 0.565278 0.457813 0.55
3 0.427344 0.833333 0.404687 0.841667 0.394531 0.747222 0.416406 0.738889
3 0.457813 0.729167 0.472656 0.7625 0.432812 0.819444 0.417969 0.786111
0 0.503906 0.765278 0.479687 0.783333 0.44375 0.634722 0.46875 0.616667
3 0.385937 0.955556 0.417187 0.955556 0.417187 0.998611 0.385937 0.998611
2 0.428906 0.883333 0.453125 0.891667 0.441406 0.998611 0.416406 0.988889
2 0.601562 0.976389 0.582031 0.995833 0.554688 0.905556 0.574219 0.886111
1 0.300781 0.347222 0.264844 0.3625 0.234375 0.138889 0.270313 0.123611
3 0.24375 0.334722 0.222656 0.361111 0.199219 0.301389 0.221094 0.275
2 0.254688 0.198611 0.239844 0.226389 0.207813 0.170833 0.222656 0.143056
0 0.359375 0.369444 0.2375 0.404167 0.233594 0.368056 0.35625 0.333333
2 0.340625 0.161111 0.291406 0.208333 0.280469 0.172222 0.329688 0.125
2 0.34375 0.215278 0.396875 0.244444 0.390625 0.281944 0.3375 0.252778
2 0.291406 0.248611 0.328906 0.318056 0.314063 0.344444 0.276562 0.275
0 0.3875 0.359722 0.2875 0.434722 0.278906 0.397222 0.378906 0.322222
3 0.3875 0.383333 0.344531 0.430556 0.332031 0.395833 0.375781 0.348611
2 0.503906 0.309722 0.453906 0.3375 0.446875 0.295833 0.496875 0.268056
2 0.446875 0.490278 0.43125 0.513889 0.396875 0.441667 0.4125 0.418056
2 0.430469 0.479167 0.419531 0.508333 0.375781 0.456944 0.386719 0.427778
1 0.427344 0.00138889 0.497656 0.0875 0.478906 0.136111 0.408594 0.05
2 0.585938 0.119444 0.60625 0.138889 0.579688 0.225 0.559375 0.205556
3 0.582812 0.579167 0.630469 0.605556 0.622656 0.648611 0.575 0.622222
2 0.599219 0.5375 0.652344 0.588889 0.641406 0.623611 0.588281 0.572222
0 0.571875 0.422222 0.590625 0.444444 0.535937 0.586111 0.517188 0.563889
1 0.54375 0.347222 0.672656 0.481944 0.653906 0.538889 0.525 0.404167
2 0.697656 0.0416667 0.651563 0.0486111 0.649219 0.00694444 0.695312 0
0 0.692187 0.0166667 0.703125 0.0472222 0.608594 0.155556 0.597656 0.125
2 0.7125 0.0833333 0.664844 0.118056 0.65625 0.0819444 0.703906 0.0458333
0 0.654687 0.106944 0.775 0.106944 0.775 0.145833 0.654687 0.145833
3 0.639062 0.138889 0.685937 0.147222 0.683594 0.194444 0.636719 0.186111
0 0.732812 0.343056 0.709375 0.355556 0.677344 0.158333 0.700781 0.145833
2 0.714063 0.181944 0.761719 0.218056 0.752344 0.258333 0.704688 0.222222
2 0.7875 0.322222 0.767188 0.333333 0.751563 0.244444 0.771875 0.233333
2 0.777344 0.216667 0.7625 0.244444 0.726562 0.181944 0.741406 0.155556
0 0.802344 0.333333 0.780469 0.341667 0.757812 0.147222 0.780469 0.140278
2 0.760938 0.376389 0.739062 0.393056 0.719531 0.309722 0.741406 0.294444
2 0.828906 0.416667 0.773438 0.458333 0.764062 0.418056 0.819531 0.376389
0 0.835938 0.25 0.863281 0.255556 0.851562 0.456944 0.824219 0.451389
0 0.884375 0.406944 0.861719 0.415278 0.841406 0.236111 0.864062 0.227778
2 0.982031 0.626389 0.963281 0.661111 0.91875 0.584722 0.9375 0.55
3 0.976562 0.590278 0.999219 0.590278 0.999219 0.686111 0.976562 0.686111
3 0.907031 0.0333333 0.953906 0.0333333 0.953906 0.0847222 0.907031 0.0847222
3 0.897656 0 0.950781 0 0.950781 0.0388889 0.897656 0.0388889
2 0.957812 0.0486111 0.974219 0.0736111 0.94375 0.138889 0.926562 0.113889
2 0.946875 0.170833 0.997656 0.209722 0.989062 0.245833 0.938281 0.208333
2 0.954688 0.206944 0.999219 0.241667 0.990625 0.279167 0.945312 0.245833
3 0.934375 0.234722 0.982031 0.252778 0.977344 0.294444 0.929688 0.277778
