1 0.332813 0.276389 0.586719 0.420833 0.570312 0.5125 0.316406 0.368056
1 0.783594 0.876389 0.964063 0.893056 0.9625 0.956944 0.782031 0.940278
2 0.711719 0.520833 0.678125 0.536111 0.658594 0.408333 0.692187 0.391667
2 0.867188 0.393056 0.884375 0.440278 0.801562 0.534722 0.784375 0.4875
2 0.875 0.420833 0.952344 0.495833 0.935156 0.55 0.857812 0.475
2 0.899219 0.6 0.971875 0.613889 0.96875 0.666667 0.896094 0.652778
2 0.899219 0.638889 0.867188 0.65 0.851562 0.518056 0.884375 0.505556
2 0.816406 0.631944 0.867188 0.631944 0.867188 0.675 0.816406 0.675
2 0.7875 0.7375 0.822656 0.7375 0.822656 0.818056 0.7875 0.818056
0 0.71875 0.00138889 0.747656 0.0458333 0.607031 0.343056 0.577344 0.3
0 0.660937 0.236111 0.694531 0.254167 0.641406 0.561111 0.607031 0.541667
0 0.789062 0.663889 0.750781 0.677778 0.719531 0.402778 0.757812 0.388889
0 0.957031 0.00833333 0.989062 0.0527778 0.848437 0.381944 0.816406 0.3375
0 0.969531 0.868056 0.796094 0.898611 0.79375 0.854167 0.967187 0.823611
0 0.964844 0.591667 0.999219 0.591667 0.997656 0.826389 0.963281 0.826389
0 0.826562 0.776389 0.955469 0.776389 0.955469 0.823611 0.826562 0.823611
3 0.725781 0.761111 0.789062 0.761111 0.789062 0.804167 0.725781 0.804167
3 0.715625 0.725 0.784375 0.725 0.784375 0.761111 0.715625 0.761111
3 0.828125 0.743056 0.860156 0.743056 0.860156 0.788889 0.828125 0.788889
3 0.6875 0.581944 0.657813 0.598611 0.640625 0.498611 0.670312 0.483333
3 0.703125 0.526389 0.758594 0.580556 0.741406 0.636111 0.685937 0.581944
3 0.714844 0.620833 0.648438 0.670833 0.635156 0.613889 0.701562 0.563889
3 0.863281 0.588889 0.834375 0.623611 0.800781 0.536111 0.829688 0.501389
3 0.938281 0.608333 0.903906 0.633333 0.879687 0.530556 0.913281 0.505556
3 0.966406 0.297222 0.876563 0.384722 0.854688 0.313889 0.944531 0.226389
3 0.974219 0.363889 0.99375 0.431944 0.919531 0.5 0.9 0.431944
0 0.738281 0.552778 0.701562 0.559722 0.684375 0.252778 0.721094 0.245833
