1 0.569531 0.431944 0.496094 0.444444 0.492969 0.401389 0.567187 0.3875
1 0.607812 0.429167 0.521094 0.494444 0.510938 0.45 0.597656 0.384722
1 0.349219 0.579167 0.459375 0.6625 0.45 0.704167 0.339062 0.620833
1 0.357812 0.384722 0.464062 0.4625 0.454688 0.504167 0.348438 0.426389
0 0.363281 0.270833 0.432031 0.308333 0.426563 0.341667 0.357031 0.304167
0 0.522656 0.318056 0.465625 0.331944 0.463281 0.298611 0.520312 0.284722
0 0.53125 0.341667 0.539844 0.370833 0.478906 0.426389 0.470313 0.397222
0 0.330469 0.541667 0.422656 0.602778 0.416406 0.630556 0.325 0.569444
0 0.516406 0.706944 0.507812 0.730556 0.432812 0.644444 0.441406 0.620833
0 0.569531 0.575 0.529687 0.597222 0.525 0.572222 0.564844 0.55
0 0.346875 0.855556 0.33125 0.879167 0.269531 0.748611 0.285156 0.725
0 0.667969 0.695833 0.595313 0.751389 0.5875 0.716667 0.660156 0.6625
0 0.458594 0.602778 0.53125 0.629167 0.528125 0.658333 0.455469 0.631944
0 0.430469 0.734722 0.446094 0.754167 0.396094 0.884722 0.380469 0.865278
0 0.438281 0.752778 0.344531 0.786111 0.340625 0.752778 0.434375 0.718056
0 0.374219 0.706944 0.453125 0.766667 0.446875 0.793056 0.367969 0.733333
