0 0.746094 0.229167 0.724219 0.2625 0.642188 0.0902778 0.664062 0.0569444
0 0.675781 0.0527778 0.786719 0.179167 0.774219 0.215278 0.663281 0.0888889
0 0.520312 0.241667 0.545312 0.259722 0.494531 0.473611 0.469531 0.454167
0 0.397656 0.452778 0.416406 0.481944 0.31875 0.6875 0.3 0.659722
0 0.470313 0.341667 0.49375 0.373611 0.411719 0.5625 0.388281 0.529167
0 0.457031 0.375 0.342969 0.498611 0.326562 0.451389 0.439844 0.326389
0 0.429688 0.377778 0.446875 0.425 0.328125 0.561111 0.310937 0.513889
0 0.267969 0.473611 0.134375 0.534722 0.126562 0.483333 0.260937 0.423611
0 0.246094 0.241667 0.39375 0.268056 0.390625 0.327778 0.242188 0.301389
0 0.257031 0.156944 0.400781 0.216667 0.395313 0.255556 0.251563 0.195833
0 0.184375 0.0305556 0.303906 0.159722 0.292969 0.191667 0.173437 0.0611111
0 0.198437 0.0236111 0.325 0.119444 0.315625 0.158333 0.189062 0.0638889
1 0.407031 0.383333 0.235156 0.475 0.221875 0.397222 0.39375 0.305556
1 0.53125 0.122222 0.357031 0.1375 0.354687 0.0652778 0.528906 0.05
1 0.348438 0 0.39375 0 0.39375 0.0791667 0.348438 0.0791667
3 0.245312 0.473611 0.304688 0.473611 0.304688 0.530556 0.245312 0.530556
3 0.321094 0.480556 0.269531 0.486111 0.267969 0.425 0.319531 0.419444
3 0.538281 0.259722 0.564063 0.279167 0.540625 0.376389 0.514062 0.355556
3 0.526563 0.363889 0.550781 0.3875 0.522656 0.477778 0.498437 0.454167
3 0.707812 0.025 0.755469 0.0833333 0.736719 0.131944 0.689063 0.0736111
3 0.185938 0.2375 0.242969 0.2375 0.242969 0.302778 0.185938 0.302778
3 0.220312 0.304167 0.289844 0.304167 0.289844 0.361111 0.220312 0.361111
3 0.546875 0.00277778 0.595313 0.00277778 0.595313 0.0611111 0.546875 0.0611111
3 0.589844 0.00138889 0.633594 0.00138889 0.633594 0.0625 0.589844 0.0625
