2 0.371875 0.354167 0.360938 0.365278 0.347656 0.319444 0.357812 0.309722
1 0.464062 0.476389 0.446875 0.493056 0.407813 0.366667 0.425781 0.348611
2 0.520312 0.530556 0.507812 0.541667 0.491406 0.488889 0.503906 0.476389
0 0.551562 0.622222 0.567187 0.627778 0.550781 0.766667 0.535156 0.761111
2 0.45 0.940278 0.467969 0.940278 0.467969 0.998611 0.45 0.998611
2 0.521875 0.880556 0.482031 0.902778 0.477344 0.875 0.517188 0.854167
2 0.528906 0.9125 0.4875 0.936111 0.482812 0.905556 0.524219 0.881944
2 0.590625 0.891667 0.609375 0.911111 0.588281 0.979167 0.569531 0.961111
2 0.646875 0.827778 0.664844 0.829167 0.6625 0.9125 0.644531 0.911111
3 0.609375 0.736111 0.647656 0.736111 0.647656 0.769444 0.609375 0.769444
2 0.659375 0.722222 0.703906 0.736111 0.700781 0.765278 0.65625 0.752778
1 0.584375 0.641667 0.696875 0.694444 0.689844 0.738889 0.577344 0.686111
2 0.71875 0.733333 0.760156 0.772222 0.751563 0.8 0.710156 0.759722
0 0.752344 0.976389 0.739844 0.998611 0.661719 0.863889 0.675 0.841667
3 0.711719 0.304167 0.74375 0.315278 0.740625 0.341667 0.708594 0.330556
2 0.795312 0.304167 0.808594 0.320833 0.786719 0.376389 0.774219 0.361111
2 0.775 0.293056 0.789844 0.3 0.779687 0.366667 0.764844 0.359722
2 0.772656 0.329167 0.746094 0.376389 0.734375 0.355556 0.760156 0.308333
2 0.725 0.368056 0.739844 0.376389 0.729688 0.431944 0.715625 0.423611
3 0.747656 0.369444 0.764062 0.375 0.757812 0.429167 0.741406 0.423611
3 0.653906 0.4625 0.671094 0.472222 0.661719 0.526389 0.644531 0.516667
3 0.701562 0.448611 0.717187 0.466667 0.697656 0.519444 0.682031 0.5
2 0.635938 0.508333 0.653125 0.511111 0.649219 0.572222 0.632031 0.568056
0 0.7125 0.401389 0.724219 0.419444 0.670312 0.530556 0.658594 0.513889
2 0.710938 0.327778 0.723437 0.345833 0.697656 0.4 0.685937 0.380556
2 0.754687 0.419444 0.766406 0.444444 0.735156 0.4875 0.724219 0.4625
2 0.772656 0.397222 0.788281 0.397222 0.788281 0.465278 0.772656 0.465278
0 0.7125 0.455556 0.728906 0.4625 0.713281 0.595833 0.697656 0.588889
0 0.778906 0.65 0.765625 0.666667 0.713281 0.529167 0.725781 0.5125
0 0.780469 0.618056 0.766406 0.634722 0.717187 0.506944 0.732031 0.490278
2 0.807813 0.452778 0.779687 0.494444 0.770312 0.473611 0.798438 0.431944
2 0.829688 0.479167 0.873437 0.5125 0.867969 0.5375 0.823438 0.504167
0 0.825 0.586111 0.814844 0.588889 0.800781 0.466667 0.810937 0.4625
0 0.844531 0.594444 0.832031 0.604167 0.803906 0.504167 0.816406 0.493056
2 0.857812 0.523611 0.895312 0.569444 0.886719 0.591667 0.849219 0.545833
2 0.879687 0.602778 0.865625 0.622222 0.84375 0.570833 0.857812 0.551389
0 0.916406 0.7375 0.901563 0.756944 0.841406 0.601389 0.857031 0.581944
1 0.920312 0.772222 0.904687 0.815278 0.785937 0.679167 0.801562 0.634722
0 0.975781 0.780556 0.964063 0.798611 0.888281 0.638889 0.9 0.619444
3 0.898438 0.876389 0.95 0.915278 0.942187 0.947222 0.890625 0.909722
3 0.946094 0.879167 0.994531 0.926389 0.982812 0.963889 0.935156 0.916667
2 0.807031 0.838889 0.860156 0.841667 0.859375 0.879167 0.80625 0.875
2 0.8125 0.809722 0.759375 0.819444 0.757031 0.780556 0.810156 0.772222
1 0.771875 0.736111 0.752344 0.766667 0.678125 0.608333 0.697656 0.579167
3 0.783594 0.794444 0.832812 0.8125 0.828906 0.85 0.778906 0.831944
0 0.852344 0.806944 0.95625 0.818056 0.954688 0.85 0.851562 0.838889
0 0.907031 0.738889 0.878125 0.818056 0.864844 0.804167 0.89375 0.725
2 0.914062 0.926389 0.948438 0.979167 0.939063 0.998611 0.903906 0.945833
3 0.999219 0.819444 0.970313 0.847222 0.960156 0.815278 0.989844 0.786111
0 0.858594 0.904167 0.759375 0.940278 0.75625 0.911111 0.855469 0.875
2 0.858594 0.905556 0.901563 0.970833 0.889844 0.994444 0.846875 0.929167
3 0.857812 0.963889 0.822656 0.997222 0.810937 0.959722 0.846094 0.925
2 0.913281 0.741667 0.927344 0.769444 0.894531 0.820833 0.879687 0.793056
2 0.939063 0.755556 0.953906 0.7875 0.915625 0.841667 0.900781 0.809722
