2 0.163281 0.00555556 0.188281 0.0361111 0.175781 0.0680556 0.150781 0.0361111
2 0.1875 0 0.23125 0 0.23125 0.0180556 0.1875 0.0180556
2 0.202344 0.0263889 0.242969 0.0263889 0.242969 0.0541667 0.202344 0.0541667
2 0.185938 0.0402778 0.221875 0.0597222 0.217188 0.0861111 0.182031 0.0652778
2 0.236719 0 0.251563 0.00277778 0.24375 0.0722222 0.228906 0.0666667
0 0.225781 0.00555556 0.289062 0.0277778 0.286719 0.05 0.222656 0.0263889
3 0.326562 0.0152778 0.369531 0.0152778 0.369531 0.0472222 0.326562 0.0472222
0 0.228125 0.104167 0.149219 0.119444 0.147656 0.0875 0.226562 0.0736111
0 0.235937 0.1125 0.153906 0.159722 0.147656 0.127778 0.230469 0.0805556
2 0.196875 0.127778 0.214062 0.154167 0.186719 0.211111 0.170313 0.184722
0 0.244531 0.204167 0.151562 0.227778 0.149219 0.2 0.242969 0.176389
1 0.261719 0.236111 0.1375 0.281944 0.13125 0.227778 0.25625 0.183333
3 0.489844 0.193056 0.470313 0.222222 0.438281 0.152778 0.457813 0.125
3 0.767969 0.0972222 0.701562 0.147222 0.6875 0.0888889 0.754687 0.0388889
2 0.478906 0.129167 0.540625 0.151389 0.535156 0.193056 0.474219 0.172222
3 0.519531 0.159722 0.564844 0.213889 0.549219 0.254167 0.503906 0.2
3 0.496875 0.1875 0.540625 0.248611 0.525781 0.283333 0.48125 0.223611
2 0.496875 0.263889 0.517969 0.270833 0.505469 0.380556 0.484375 0.373611
0 0.0640625 0.555556 0.144531 0.6 0.1375 0.636111 0.0578125 0.591667
2 0.104688 0.643056 0.0914062 0.672222 0.0539063 0.619444 0.0671875 0.588889
2 0.114844 0.629167 0.140625 0.6375 0.13125 0.736111 0.104688 0.727778
2 0.0734375 0.702778 0.0328125 0.725 0.0265625 0.6875 0.0671875 0.665278
0 0.111719 0.765278 0.0195312 0.777778 0.0179687 0.741667 0.110937 0.730556
0 0.128906 0.784722 0.0304687 0.801389 0.0289063 0.765278 0.127344 0.747222
3 0.0921875 0.808333 0.0523438 0.8125 0.0515625 0.780556 0.0914062 0.776389
3 0.107031 0.823611 0.0664062 0.838889 0.0625 0.804167 0.103125 0.788889
2 0.115625 0.95 0.0914062 0.955556 0.0851563 0.841667 0.109375 0.8375
2 0.142969 0.929167 0.114844 0.936111 0.105469 0.827778 0.133594 0.819444
0 0.140625 0.844444 0.157031 0.856944 0.125781 0.990278 0.108594 0.977778
3 0.2 0.863889 0.153125 0.933333 0.133594 0.891667 0.180469 0.822222
2 0.198437 0.938889 0.1375 0.973611 0.129688 0.933333 0.191406 0.897222
3 0.280469 0.744444 0.257031 0.766667 0.230469 0.681944 0.254688 0.659722
2 0.582812 0.625 0.557813 0.6375 0.535937 0.511111 0.560937 0.497222
2 0.46875 0.645833 0.442969 0.670833 0.4125 0.570833 0.438281 0.545833
2 0.440625 0.6875 0.38125 0.716667 0.374219 0.668056 0.433594 0.638889
3 0.466406 0.611111 0.49375 0.626389 0.474219 0.736111 0.446875 0.722222
3 0.504687 0.647222 0.53125 0.665278 0.508594 0.772222 0.482031 0.754167
0 0.50625 0.5375 0.532813 0.555556 0.478906 0.8 0.453125 0.781944
2 0.471094 0.830556 0.44375 0.834722 0.436719 0.706944 0.464062 0.701389
0 0.430469 0.730556 0.442969 0.763889 0.329688 0.891667 0.317969 0.858333
2 0.430469 0.775 0.44375 0.813889 0.388281 0.876389 0.375 0.838889
2 0.422656 0.891667 0.355469 0.945833 0.34375 0.897222 0.410938 0.843056
1 0.488281 0.788889 0.53125 0.820833 0.489063 0.998611 0.446094 0.966667
2 0.654687 0.973611 0.629687 0.998611 0.605469 0.920833 0.63125 0.897222
3 0.613281 0.984722 0.586719 0.998611 0.575781 0.9375 0.603125 0.923611
