2 0.782813 0.718056 0.76875 0.7375 0.742969 0.672222 0.757031 0.654167
2 0.647656 0.619444 0.685156 0.633333 0.682031 0.661111 0.644531 0.647222
2 0.563281 0.575 0.596094 0.611111 0.588281 0.634722 0.554688 0.6
2 0.569531 0.55 0.595313 0.594444 0.584375 0.6125 0.559375 0.568056
2 0.673438 0.211111 0.698438 0.240278 0.691406 0.256944 0.667188 0.227778
2 0.710938 0.565278 0.721094 0.579167 0.699219 0.625 0.689063 0.611111
2 0.715625 0.515278 0.730469 0.526389 0.717187 0.579167 0.702344 0.568056
2 0.697656 0.598611 0.671094 0.640278 0.660156 0.618056 0.6875 0.576389
2 0.683594 0.605556 0.65 0.626389 0.644531 0.598611 0.678125 0.577778
2 0.48125 0.436111 0.510156 0.472222 0.502344 0.493056 0.473438 0.456944
2 0.691406 0.515278 0.70625 0.525 0.696094 0.575 0.680469 0.565278
2 0.675781 0.586111 0.638281 0.6125 0.632812 0.5875 0.671094 0.561111
2 0.683594 0.520833 0.69375 0.534722 0.675 0.576389 0.664844 0.561111
2 0.655469 0.576389 0.642969 0.590278 0.625781 0.544444 0.6375 0.530556
2 0.647656 0.516667 0.6625 0.516667 0.6625 0.569444 0.647656 0.569444
2 0.653125 0.544444 0.642188 0.561111 0.620313 0.515278 0.632031 0.498611
2 0.622656 0.558333 0.607812 0.563889 0.6 0.504167 0.615625 0.498611
2 0.686719 0.419444 0.699219 0.422222 0.69375 0.480556 0.68125 0.477778
2 0.685937 0.398611 0.699219 0.398611 0.699219 0.425 0.685937 0.425
2 0.675781 0.411111 0.689063 0.411111 0.689063 0.461111 0.675781 0.461111
2 0.690625 0.354167 0.703906 0.354167 0.703906 0.405556 0.690625 0.405556
2 0.622656 0.466667 0.657813 0.486111 0.653125 0.509722 0.61875 0.490278
2 0.663281 0.491667 0.649219 0.502778 0.638281 0.456944 0.652344 0.445833
2 0.625781 0.479167 0.610938 0.488889 0.600781 0.4375 0.615625 0.427778
2 0.660156 0.443056 0.628906 0.468056 0.622656 0.443056 0.654687 0.419444
2 0.6 0.486111 0.566406 0.490278 0.565625 0.468056 0.599219 0.4625
2 0.721094 0.308333 0.688281 0.326389 0.684375 0.302778 0.717187 0.284722
2 0.683594 0.276389 0.694531 0.284722 0.682813 0.334722 0.671875 0.325
2 0.6625 0.308333 0.652344 0.320833 0.639062 0.283333 0.648438 0.272222
2 0.600781 0.283333 0.592187 0.301389 0.571094 0.263889 0.579688 0.247222
2 0.573438 0.277778 0.607812 0.284722 0.60625 0.311111 0.572656 0.304167
2 0.574219 0.318056 0.604688 0.329167 0.601562 0.354167 0.571875 0.344444
2 0.577344 0.35 0.589063 0.354167 0.582812 0.405556 0.571875 0.401389
2 0.580469 0.381944 0.59375 0.3875 0.5875 0.438889 0.575 0.433333
2 0.633594 0.469444 0.621094 0.476389 0.611719 0.422222 0.624219 0.415278
0 0.695312 0.408333 0.626563 0.445833 0.622656 0.420833 0.691406 0.383333
0 0.667969 0.433333 0.680469 0.433333 0.680469 0.554167 0.667969 0.554167
0 0.658594 0.448611 0.670312 0.448611 0.670312 0.5625 0.658594 0.5625
0 0.64375 0.579167 0.632812 0.590278 0.597656 0.473611 0.608594 0.4625
0 0.629687 0.356944 0.640625 0.370833 0.602344 0.465278 0.592187 0.451389
0 0.616406 0.320833 0.629687 0.336111 0.604688 0.401389 0.591406 0.386111
0 0.735938 0.380556 0.752344 0.390278 0.732812 0.502778 0.716406 0.493056
0 0.757812 0.611111 0.682813 0.65 0.678125 0.619444 0.752344 0.581944
0 0.744531 0.338889 0.680469 0.3625 0.678125 0.344444 0.742969 0.320833
0 0.700781 0.301389 0.709375 0.316667 0.667188 0.384722 0.659375 0.368056
0 0.723437 0.281944 0.733594 0.298611 0.708594 0.351389 0.698438 0.334722
0 0.675781 0.3875 0.666406 0.408333 0.614062 0.340278 0.622656 0.319444
0 0.564063 0.366667 0.577344 0.377778 0.55625 0.455556 0.542969 0.444444
0 0.490625 0.547222 0.477344 0.552778 0.464062 0.447222 0.477344 0.441667
0 0.439844 0.352778 0.509375 0.352778 0.509375 0.373611 0.439063 0.373611
3 0.657031 0.409722 0.632812 0.427778 0.627344 0.404167 0.651563 0.386111
3 0.603125 0.381944 0.614844 0.395833 0.601562 0.431944 0.589844 0.416667
3 0.590625 0.409722 0.6 0.427778 0.582031 0.458333 0.572656 0.440278
3 0.604688 0.463889 0.574219 0.468056 0.573438 0.444444 0.603125 0.440278
3 0.741406 0.283333 0.7125 0.2875 0.711719 0.265278 0.740625 0.261111
3 0.451562 0.483333 0.466406 0.483333 0.466406 0.531944 0.451562 0.531944
3 0.461719 0.488889 0.448437 0.498611 0.439063 0.458333 0.452344 0.448611
3 0.474219 0.484722 0.460938 0.494444 0.448437 0.443056 0.4625 0.433333
3 0.510156 0.420833 0.499219 0.444444 0.48125 0.418056 0.492188 0.394444
3 0.5375 0.361111 0.542969 0.386111 0.515625 0.405556 0.510156 0.379167
3 0.5625 0.398611 0.548438 0.408333 0.538281 0.363889 0.552344 0.354167
3 0.519531 0.386111 0.544531 0.4 0.540625 0.420833 0.515625 0.408333
3 0.550781 0.334722 0.577344 0.334722 0.577344 0.361111 0.550781 0.361111
3 0.489063 0.3375 0.517969 0.3375 0.517969 0.3625 0.489063 0.3625
3 0.492188 0.386111 0.471875 0.405556 0.465625 0.383333 0.485156 0.3625
1 0.464062 0.554167 0.439844 0.565278 0.417969 0.430556 0.442188 0.418056
1 0.478906 0.398611 0.539844 0.490278 0.526563 0.518056 0.466406 0.426389
1 0.529687 0.380556 0.454688 0.443056 0.446094 0.409722 0.520312 0.347222
1 0.669531 0.344444 0.658594 0.372222 0.6 0.298611 0.611719 0.270833
