2 0.524219 0.302778 0.499219 0.333333 0.490625 0.311111 0.516406 0.280556
3 0.571875 0.515278 0.557813 0.563889 0.542969 0.55 0.557031 0.501389
2 0.7125 0.441667 0.730469 0.458333 0.70625 0.538889 0.688281 0.522222
2 0.660156 0.505556 0.64375 0.515278 0.632031 0.447222 0.648438 0.438889
0 0.617969 0.466667 0.602344 0.475 0.583594 0.366667 0.599219 0.358333
2 0.55 0.422222 0.577344 0.4375 0.573438 0.4625 0.546094 0.447222
2 0.53125 0.404167 0.557031 0.4125 0.554688 0.434722 0.528125 0.426389
2 0.565625 0.423611 0.555469 0.433333 0.539844 0.384722 0.55 0.375
3 0.55625 0.366667 0.574219 0.394444 0.565625 0.4125 0.547656 0.386111
3 0.589844 0.365278 0.575 0.4 0.561719 0.381944 0.577344 0.347222
2 0.585938 0.331944 0.61875 0.344444 0.614844 0.375 0.582812 0.3625
1 0.565625 0.188889 0.585156 0.197222 0.564844 0.375 0.545312 0.366667
1 0.65625 0.379167 0.639844 0.408333 0.578125 0.302778 0.595313 0.272222
3 0.578125 0.297222 0.589844 0.302778 0.58125 0.352778 0.569531 0.347222
2 0.580469 0.258333 0.609375 0.2625 0.607812 0.290278 0.578906 0.286111
2 0.589063 0.231944 0.620313 0.248611 0.614844 0.276389 0.584375 0.259722
0 0.634375 0.251389 0.625781 0.273611 0.582031 0.223611 0.590625 0.201389
2 0.558594 0.291667 0.549219 0.302778 0.532031 0.258333 0.542188 0.247222
0 0.5625 0.279167 0.55 0.286111 0.532813 0.193056 0.545312 0.186111
2 0.557031 0.209722 0.547656 0.213889 0.538281 0.163889 0.548438 0.159722
0 0.561719 0.226389 0.551562 0.229167 0.539062 0.120833 0.55 0.118056
1 0.575 0.240278 0.553125 0.243056 0.54375 0.0861111 0.566406 0.0819444
2 0.677344 0.316667 0.660937 0.319444 0.65625 0.231944 0.672656 0.229167
2 0.657813 0.168056 0.640625 0.177778 0.628906 0.111111 0.646094 0.101389
0 0.669531 0.35 0.652344 0.352778 0.642969 0.177778 0.660156 0.175
3 0.788281 0.426389 0.744531 0.459722 0.735156 0.423611 0.779687 0.390278
3 0.796875 0.409722 0.810156 0.455556 0.764062 0.497222 0.750781 0.451389
2 0.852344 0.190278 0.878906 0.206944 0.85625 0.319444 0.829688 0.302778
3 0.726562 0.0416667 0.759375 0.0666667 0.75 0.105556 0.717187 0.0805556
