2 0.283594 0.259722 0.271094 0.286111 0.232031 0.230556 0.244531 0.202778
2 0.315625 0.2 0.338281 0.2 0.338281 0.290278 0.315625 0.290278
2 0.345313 0.1 0.364844 0.131944 0.330469 0.2 0.310937 0.168056
0 0.370312 0.316667 0.346875 0.319444 0.339844 0.155556 0.364063 0.152778
2 0.360156 0.0513889 0.346094 0.0777778 0.315625 0.025 0.329688 0
1 0.382812 0.222222 0.354687 0.225 0.35 0 0.378125 0
3 0.35 0.311111 0.373437 0.319444 0.364063 0.4 0.341406 0.391667
2 0.226562 0.620833 0.279687 0.640278 0.274219 0.6875 0.221094 0.669444
2 0.313281 0.644444 0.369531 0.675 0.361719 0.719444 0.305469 0.688889
2 0.280469 0.65 0.297656 0.681944 0.253906 0.756944 0.236719 0.726389
0 0.358594 0.727778 0.383594 0.733333 0.369531 0.945833 0.34375 0.940278
2 0.422656 0.880556 0.404687 0.890278 0.3875 0.7875 0.404687 0.777778
3 0.432031 0.838889 0.408594 0.841667 0.405469 0.7375 0.428906 0.736111
3 0.496875 0.958333 0.445312 0.966667 0.442188 0.9125 0.49375 0.904167
2 0.451562 0.598611 0.475 0.616667 0.452344 0.711111 0.428906 0.693056
2 0.482812 0.563889 0.504687 0.563889 0.504687 0.663889 0.482812 0.663889
2 0.545312 0.906944 0.582812 0.9625 0.565625 0.998611 0.528125 0.943056
2 0.653906 0.915278 0.598437 0.925 0.596094 0.879167 0.651563 0.869444
0 0.646094 0.634722 0.667188 0.6375 0.659375 0.848611 0.638281 0.845833
3 0.585156 0.858333 0.567969 0.890278 0.530469 0.825 0.547656 0.793056
3 0.554688 0.708333 0.577344 0.722222 0.560937 0.809722 0.538281 0.797222
3 0.594531 0.661111 0.619531 0.670833 0.609375 0.761111 0.584375 0.751389
0 0.553906 0.3875 0.575781 0.398611 0.540625 0.601389 0.51875 0.588889
2 0.578125 0.622222 0.632031 0.641667 0.626563 0.691667 0.572656 0.672222
2 0.597656 0.590278 0.647656 0.638889 0.636719 0.673611 0.586719 0.626389
2 0.547656 0.427778 0.526563 0.452778 0.494531 0.369444 0.515625 0.344444
2 0.721875 0.665278 0.696875 0.683333 0.675 0.593056 0.7 0.573611
3 0.741406 0.618056 0.763281 0.652778 0.728906 0.720833 0.707031 0.686111
0 0.686719 0.6375 0.661719 0.65 0.634375 0.483333 0.659375 0.470833
2 0.627344 0.406944 0.648438 0.413889 0.6375 0.506944 0.617188 0.5
1 0.609375 0.4125 0.752344 0.454167 0.746875 0.515278 0.603906 0.473611
0 0.55 0.136111 0.440625 0.175 0.435937 0.1375 0.545312 0.0972222
0 0.579688 0.154167 0.603906 0.1625 0.578906 0.383333 0.554688 0.375
2 0.624219 0.254167 0.644531 0.259722 0.636719 0.340278 0.617188 0.333333
2 0.633594 0.301389 0.591406 0.352778 0.578906 0.319444 0.621094 0.268056
2 0.655469 0.3 0.674219 0.322222 0.646875 0.394444 0.628125 0.370833
0 0.690625 0.169444 0.707812 0.190278 0.639844 0.366667 0.622656 0.345833
2 0.677344 0.222222 0.627344 0.25 0.621094 0.213889 0.671094 0.186111
2 0.757031 0.295833 0.779687 0.295833 0.779687 0.381944 0.757031 0.381944
2 0.858594 0.333333 0.844531 0.358333 0.801562 0.283333 0.814844 0.258333
2 0.867969 0.293056 0.844531 0.297222 0.839063 0.204167 0.863281 0.2
0 0.725 0.1375 0.746875 0.15 0.714063 0.336111 0.692187 0.323611
0 0.746875 0.152778 0.76875 0.156944 0.758594 0.35 0.736719 0.345833
3 0.725781 0.230556 0.751563 0.234722 0.746875 0.318056 0.721094 0.313889
3 0.801562 0.0611111 0.827344 0.0611111 0.827344 0.147222 0.801562 0.147222
3 0.767969 0.025 0.790625 0.0291667 0.785937 0.113889 0.763281 0.109722
0 0.544531 0.0125 0.645312 0.0875 0.635938 0.125 0.535937 0.05
2 0.602344 0.0263889 0.636719 0.0680556 0.624219 0.1 0.589844 0.0583333
0 0.621094 0.0236111 0.698438 0.141667 0.682031 0.175 0.604688 0.0569444
2 0.5875 0 0.623437 0 0.623437 0.0347222 0.5875 0.0347222
3 0.639062 0 0.667188 0.0236111 0.653125 0.0611111 0.625 0.0263889
2 0.671094 0.00972222 0.700781 0.0652778 0.680469 0.1 0.650781 0.0430556
3 0.682031 0.0152778 0.722656 0.0236111 0.720313 0.0583333 0.679688 0.0513889
3 0.721875 0.0236111 0.736719 0.0555556 0.70625 0.0986111 0.692187 0.0666667
2 0.754687 0.0375 0.742188 0.0722222 0.709375 0.0347222 0.721875 0
2 0.75625 0.0222222 0.771875 0.0527778 0.732812 0.115278 0.717969 0.0847222
