0 0.521875 0.0652778 0.514844 0.0736111 0.492188 0.00694444 0.499219 0
2 0.521094 0.00833333 0.541406 0.00833333 0.541406 0.0347222 0.521094 0.0347222
2 0.534375 0.0472222 0.54375 0.0472222 0.54375 0.0847222 0.534375 0.0847222
2 0.657813 0.075 0.678906 0.0958333 0.672656 0.115278 0.651563 0.0944444
2 0.551562 0.1125 0.54375 0.129167 0.527344 0.105556 0.535156 0.0888889
2 0.575781 0.0958333 0.572656 0.116667 0.55 0.104167 0.553125 0.0847222
2 0.575 0.123611 0.571094 0.144444 0.547656 0.127778 0.551562 0.106944
2 0.585938 0.0944444 0.608594 0.108333 0.605469 0.125 0.582812 0.1125
2 0.600781 0.111111 0.621094 0.118056 0.619531 0.136111 0.598437 0.129167
0 0.576562 0.109722 0.61875 0.131944 0.616406 0.145833 0.574219 0.123611
2 0.589844 0.0986111 0.6 0.105556 0.589844 0.148611 0.579688 0.140278
0 0.528906 0.120833 0.582031 0.130556 0.580469 0.151389 0.528125 0.141667
0 0.528125 0.144444 0.586719 0.144444 0.586719 0.1625 0.528125 0.1625
3 0.65625 0.122222 0.678125 0.126389 0.676562 0.15 0.654687 0.145833
3 0.641406 0.140278 0.661719 0.140278 0.661719 0.1625 0.641406 0.1625
2 0.567187 0.151389 0.573438 0.173611 0.555469 0.188889 0.55 0.168056
0 0.540625 0.175 0.590625 0.183333 0.589844 0.197222 0.539844 0.1875
1 0.532031 0.179167 0.601562 0.184722 0.600781 0.213889 0.53125 0.208333
0 0.540625 0.2875 0.4875 0.315278 0.483594 0.293056 0.536719 0.263889
0 0.439844 0.315278 0.495312 0.336111 0.492969 0.354167 0.4375 0.334722
2 0.517188 0.351389 0.508594 0.366667 0.488281 0.330556 0.496875 0.315278
2 0.498437 0.3625 0.471094 0.372222 0.46875 0.351389 0.496094 0.341667
2 0.525 0.425 0.5375 0.425 0.5375 0.476389 0.525 0.476389
2 0.554688 0.465278 0.539844 0.470833 0.534375 0.423611 0.549219 0.419444
3 0.503906 0.3625 0.528906 0.370833 0.525781 0.391667 0.500781 0.383333
3 0.528906 0.347222 0.540625 0.347222 0.540625 0.393056 0.528906 0.393056
0 0.471875 0.376389 0.528906 0.380556 0.528125 0.398611 0.471094 0.393056
0 0.473438 0.391667 0.541406 0.391667 0.541406 0.411111 0.473438 0.411111
2 0.663281 0.193056 0.689844 0.213889 0.684375 0.236111 0.657813 0.215278
3 0.697656 0.208333 0.720313 0.225 0.714844 0.247222 0.692187 0.230556
2 0.725781 0.218056 0.750781 0.241667 0.744531 0.261111 0.720313 0.236111
3 0.68125 0.280556 0.655469 0.284722 0.654687 0.261111 0.679688 0.256944
2 0.639844 0.298611 0.611719 0.308333 0.608594 0.286111 0.6375 0.275
2 0.6375 0.263889 0.664062 0.273611 0.660937 0.295833 0.634375 0.2875
0 0.7 0.251389 0.705469 0.268056 0.661719 0.306944 0.657031 0.290278
3 0.732812 0.255556 0.7125 0.270833 0.707812 0.25 0.728125 0.236111
3 0.746094 0.268056 0.722656 0.281944 0.719531 0.261111 0.742969 0.248611
2 0.714844 0.277778 0.689063 0.302778 0.683594 0.284722 0.709375 0.259722
1 0.735938 0.261111 0.746094 0.2875 0.688281 0.3625 0.677344 0.336111
1 0.757031 0.284722 0.770312 0.306944 0.728125 0.386111 0.714844 0.363889
1 0.741406 0.338889 0.821875 0.391667 0.814844 0.422222 0.734375 0.370833
3 0.710156 0.320833 0.729688 0.344444 0.721094 0.366667 0.702344 0.343056
2 0.639062 0.3 0.664062 0.3 0.664062 0.319444 0.639062 0.319444
2 0.642969 0.327778 0.671875 0.334722 0.670312 0.355556 0.642188 0.348611
3 0.663281 0.306944 0.675781 0.306944 0.675781 0.334722 0.663281 0.334722
2 0.621094 0.3375 0.642969 0.358333 0.6375 0.377778 0.615625 0.356944
0 0.660156 0.326389 0.605469 0.345833 0.603906 0.331944 0.657813 0.3125
3 0.586719 0.3375 0.609375 0.345833 0.60625 0.369444 0.584375 0.361111
2 0.621094 0.393056 0.629687 0.398611 0.621875 0.443056 0.613281 0.4375
0 0.686719 0.398611 0.625 0.431944 0.621875 0.415278 0.684375 0.381944
3 0.679688 0.376389 0.6625 0.393056 0.657813 0.376389 0.674219 0.359722
3 0.660937 0.398611 0.639062 0.411111 0.635938 0.395833 0.657813 0.384722
2 0.675 0.343056 0.7 0.373611 0.692969 0.391667 0.667969 0.359722
2 0.715625 0.384722 0.720313 0.405556 0.695312 0.423611 0.690625 0.402778
2 0.714844 0.386111 0.705469 0.397222 0.689844 0.359722 0.698438 0.347222
2 0.708594 0.351389 0.728125 0.381944 0.719531 0.4 0.7 0.369444
3 0.786719 0.434722 0.773438 0.448611 0.760156 0.402778 0.772656 0.388889
2 0.780469 0.280556 0.792969 0.298611 0.774219 0.3375 0.7625 0.319444
0 0.767969 0.375 0.828906 0.444444 0.820312 0.466667 0.759375 0.398611
2 0.774219 0.45 0.803125 0.480556 0.79375 0.506944 0.765625 0.476389
2 0.825 0.447222 0.841406 0.456944 0.832031 0.509722 0.815625 0.5
2 0.801562 0.445833 0.825781 0.488889 0.816406 0.505556 0.792188 0.461111
