3 0.534375 0.65 0.592187 0.680556 0.582031 0.740278 0.524219 0.709722
3 0.419531 0.666667 0.471094 0.675 0.467969 0.740278 0.416406 0.733333
3 0.361719 0.606944 0.3375 0.630556 0.3125 0.547222 0.335938 0.525
3 0.389844 0.748611 0.366406 0.770833 0.340625 0.681944 0.364063 0.661111
3 0.403125 0.623611 0.427344 0.665278 0.389062 0.736111 0.364844 0.693056
3 0.385156 0.715278 0.433594 0.715278 0.433594 0.768056 0.385156 0.768056
3 0.225781 0.777778 0.259375 0.777778 0.259375 0.856944 0.225781 0.856944
3 0.164844 0.776389 0.208594 0.776389 0.208594 0.833333 0.164844 0.833333
3 0.279687 0.552778 0.325781 0.5875 0.313281 0.640278 0.267188 0.605556
3 0.274219 0.534722 0.227344 0.569444 0.216406 0.522222 0.263281 0.4875
0 0.178125 0.919444 0.267969 0.951389 0.264062 0.983333 0.174219 0.951389
0 0.167187 0.925 0.244531 0.9625 0.239063 0.998611 0.161719 0.961111
0 0.413281 0.504167 0.395313 0.543056 0.292187 0.394444 0.310156 0.355556
0 0.278906 0.495833 0.294531 0.531944 0.215625 0.643056 0.199219 0.608333
0 0.253125 0.565278 0.266406 0.602778 0.186719 0.693056 0.173437 0.655556
0 0.513281 0.684722 0.648438 0.758333 0.639844 0.808333 0.504687 0.733333
1 0.461719 0.380556 0.492969 0.434722 0.377344 0.645833 0.346094 0.591667
1 0.255469 0.615278 0.289844 0.615278 0.289844 0.895833 0.255469 0.895833
1 0.409375 0.848611 0.283594 0.948611 0.265625 0.877778 0.391406 0.779167
