2 0.498437 0.276389 0.478906 0.295833 0.471094 0.272222 0.491406 0.252778
2 0.511719 0.344444 0.498437 0.347222 0.495312 0.290278 0.508594 0.288889
2 0.539062 0.352778 0.5625 0.376389 0.555469 0.398611 0.53125 0.376389
2 0.564844 0.325 0.539844 0.333333 0.536719 0.308333 0.561719 0.298611
3 0.597656 0.294444 0.571875 0.326389 0.560156 0.294444 0.585938 0.263889
3 0.575781 0.261111 0.565625 0.306944 0.552344 0.297222 0.561719 0.252778
3 0.572656 0.206944 0.592969 0.226389 0.582031 0.259722 0.5625 0.241667
2 0.521875 0.0902778 0.500781 0.122222 0.490625 0.102778 0.511719 0.0694444
2 0.56875 0.126389 0.549219 0.130556 0.545312 0.0666667 0.564844 0.0625
0 0.511719 0.0805556 0.527344 0.0833333 0.520312 0.198611 0.504687 0.194444
0 0.525781 0.0680556 0.516406 0.0847222 0.486719 0.0333333 0.496094 0.0152778
2 0.49375 0 0.51875 0 0.51875 0.0305556 0.49375 0.0305556
2 0.589063 0.215278 0.575781 0.216667 0.571875 0.156944 0.585938 0.154167
2 0.611719 0.131944 0.582031 0.148611 0.576562 0.119444 0.607031 0.102778
0 0.626563 0.319444 0.610938 0.338889 0.583594 0.269444 0.599219 0.25
2 0.592969 0.229167 0.617188 0.252778 0.608594 0.279167 0.585156 0.256944
1 0.65 0.290278 0.630469 0.318056 0.577344 0.198611 0.596875 0.170833
0 0.6625 0.354167 0.641406 0.358333 0.63125 0.183333 0.652344 0.179167
2 0.738281 0.0930556 0.695312 0.125 0.685937 0.0861111 0.728906 0.0541667
3 0.728906 0 0.767969 0 0.767969 0.0541667 0.728906 0.0541667
2 0.667969 0.234722 0.685156 0.234722 0.685156 0.284722 0.667969 0.284722
2 0.685156 0.3375 0.735156 0.3375 0.735156 0.380556 0.685156 0.380556
0 0.834375 0.286111 0.819531 0.326389 0.727344 0.219444 0.741406 0.180556
2 0.871875 0.0708333 0.89375 0.111111 0.841406 0.201389 0.819531 0.161111
2 0.658594 0.4125 0.675 0.422222 0.661719 0.498611 0.645312 0.488889
3 0.585156 0.480556 0.605469 0.480556 0.605469 0.55 0.585156 0.55
2 0.542188 0.559722 0.56875 0.559722 0.56875 0.5875 0.542188 0.5875
2 0.616406 0.690278 0.638281 0.690278 0.638281 0.769444 0.616406 0.769444
3 0.60625 0.684722 0.620313 0.684722 0.620313 0.761111 0.60625 0.761111
2 0.586719 0.930556 0.626563 0.930556 0.626563 0.969444 0.586719 0.969444
3 0.759375 0.409722 0.804688 0.409722 0.804688 0.456944 0.759375 0.456944
3 0.810156 0.393056 0.835156 0.398611 0.828906 0.497222 0.804688 0.493056
3 0.803125 0.486111 0.857031 0.505556 0.851562 0.552778 0.797656 0.531944
2 0.900781 0.486111 0.829688 0.498611 0.827344 0.45 0.897656 0.4375
3 0.839844 0.576389 0.790625 0.586111 0.788281 0.540278 0.8375 0.531944
0 0.703906 0.513889 0.795312 0.581944 0.785937 0.619444 0.695312 0.551389
2 0.751563 0.6 0.707031 0.633333 0.699219 0.601389 0.744531 0.568056
0 0.744531 0.588889 0.758594 0.627778 0.685156 0.709722 0.671875 0.672222
2 0.764062 0.659722 0.719531 0.704167 0.708594 0.668056 0.753906 0.625
0 0.803906 0.611111 0.814844 0.65 0.721094 0.733333 0.710156 0.695833
2 0.707812 0.781944 0.6875 0.801389 0.6625 0.719444 0.682813 0.7
2 0.782031 0.731944 0.73125 0.751389 0.726562 0.708333 0.777344 0.690278
2 0.81875 0.752778 0.799219 0.772222 0.769531 0.676389 0.789844 0.656944
2 0.78125 0.738889 0.803906 0.755556 0.783594 0.841667 0.760938 0.825
0 0.711719 0.970833 0.689844 0.994444 0.661719 0.9125 0.683594 0.8875
3 0.719531 0.820833 0.696875 0.884722 0.673438 0.858333 0.696875 0.794444
0 0.766406 0.970833 0.747656 0.980556 0.711719 0.775 0.73125 0.763889
2 0.771094 0.929167 0.751563 0.938889 0.735156 0.844444 0.754687 0.833333
2 0.8625 0.640278 0.889844 0.661111 0.860156 0.783333 0.832812 0.763889
2 0.888281 0.698611 0.914062 0.7125 0.89375 0.830556 0.867969 0.816667
2 0.895312 0.819444 0.914844 0.8625 0.864062 0.933333 0.844531 0.890278
0 0.8375 0.688889 0.857031 0.719444 0.775 0.891667 0.754687 0.8625
0 0.823438 0.773611 0.841406 0.795833 0.767188 0.9875 0.749219 0.965278
0 0.832812 0.773611 0.857812 0.8 0.797656 0.977778 0.772656 0.951389
3 0.8625 0.958333 0.838281 0.995833 0.8 0.913889 0.824219 0.877778
