2 0.478906 0.372222 0.499219 0.384722 0.496094 0.405556 0.475 0.394444
2 0.538281 0.352778 0.561719 0.375 0.554688 0.398611 0.53125 0.376389
3 0.574219 0.513889 0.558594 0.565278 0.542188 0.548611 0.557813 0.498611
2 0.664062 0.406944 0.680469 0.426389 0.655469 0.491667 0.639062 0.470833
2 0.686719 0.338889 0.730469 0.3625 0.725 0.395833 0.68125 0.372222
2 0.666406 0.313889 0.65 0.316667 0.645312 0.236111 0.6625 0.233333
0 0.657031 0.319444 0.639062 0.322222 0.633594 0.186111 0.650781 0.184722
1 0.622656 0.220833 0.600781 0.251389 0.577344 0.198611 0.6 0.168056
2 0.589844 0.193056 0.575781 0.198611 0.570312 0.155556 0.585156 0.15
2 0.613281 0.130556 0.58125 0.148611 0.576562 0.120833 0.608594 0.102778
3 0.584375 0.2375 0.569531 0.263889 0.557813 0.243056 0.572656 0.216667
3 0.592969 0.3125 0.56875 0.320833 0.565625 0.291667 0.589844 0.281944
2 0.538281 0.311111 0.566406 0.322222 0.563281 0.347222 0.535156 0.336111
3 0.572656 0.284722 0.560156 0.327778 0.546094 0.315278 0.557813 0.270833
2 0.521094 0.170833 0.547656 0.170833 0.547656 0.198611 0.521094 0.198611
2 0.510938 0.188889 0.496094 0.197222 0.4875 0.145833 0.502344 0.1375
2 0.50625 0.123611 0.525 0.123611 0.525 0.151389 0.50625 0.151389
0 0.499219 0.0861111 0.532031 0.119444 0.526563 0.1375 0.492969 0.104167
1 0.508594 0.00138889 0.53125 0.00138889 0.53125 0.0611111 0.508594 0.0611111
1 0.521094 0.0958333 0.499219 0.102778 0.488281 0.00694444 0.510156 0
3 0.788281 0.430556 0.74375 0.463889 0.734375 0.420833 0.778125 0.3875
3 0.808594 0.445833 0.766406 0.497222 0.750781 0.455556 0.792969 0.405556
2 0.889062 0.1 0.838281 0.191667 0.821875 0.163889 0.872656 0.0708333
2 0.736719 0.0583333 0.7 0.1125 0.686719 0.0833333 0.723437 0.0291667
3 0.729688 0 0.766406 0 0.766406 0.0444444 0.729688 0.0444444
