2 0.394531 0.0458333 0.385937 0.0611111 0.367969 0.0305556 0.376563 0.0152778
3 0.376563 0.0458333 0.407031 0.0625 0.401562 0.0916667 0.371094 0.075
3 0.432031 0.1125 0.420312 0.123611 0.407031 0.0791667 0.417969 0.0680556
3 0.427344 0.165278 0.413281 0.169444 0.40625 0.1125 0.420312 0.108333
3 0.448437 0.127778 0.429688 0.15 0.421875 0.130556 0.441406 0.106944
3 0.434375 0.147222 0.446094 0.166667 0.428125 0.204167 0.415625 0.186111
0 0.426563 0.231944 0.413281 0.2375 0.390625 0.0972222 0.403906 0.0902778
3 0.369531 0.202778 0.355469 0.220833 0.334375 0.168056 0.349219 0.15
3 0.352344 0.213889 0.364844 0.241667 0.336719 0.280556 0.325 0.252778
3 0.35625 0.252778 0.389844 0.252778 0.389844 0.284722 0.35625 0.284722
1 0.380469 0.459722 0.360156 0.468056 0.339062 0.279167 0.359375 0.272222
0 0.392188 0.465278 0.378906 0.470833 0.363281 0.333333 0.376563 0.327778
3 0.389062 0.384722 0.407031 0.384722 0.407031 0.443056 0.389062 0.443056
2 0.56875 0.209722 0.582812 0.227778 0.539062 0.340278 0.525 0.323611
2 0.555469 0.169444 0.570312 0.175 0.564063 0.223611 0.55 0.219444
2 0.588281 0.111111 0.597656 0.1125 0.594531 0.165278 0.585938 0.163889
2 0.59375 0.123611 0.604688 0.125 0.601562 0.183333 0.589844 0.181944
0 0.621875 0.152778 0.632031 0.161111 0.609375 0.252778 0.6 0.245833
2 0.657813 0.169444 0.670312 0.169444 0.670312 0.222222 0.657813 0.222222
0 0.650781 0.2375 0.707812 0.2375 0.707812 0.259722 0.650781 0.259722
3 0.66875 0.193056 0.683594 0.193056 0.683594 0.238889 0.66875 0.238889
2 0.64375 0.0819444 0.671094 0.0916667 0.667969 0.1125 0.641406 0.104167
2 0.66875 0.0444444 0.678906 0.0444444 0.678906 0.0902778 0.66875 0.0902778
3 0.628906 0.0583333 0.64375 0.0583333 0.64375 0.101389 0.628906 0.101389
3 0.684375 0.0625 0.697656 0.0625 0.697656 0.104167 0.684375 0.104167
2 0.692969 0.0513889 0.685156 0.0638889 0.666406 0.025 0.675 0.0125
3 0.628906 0 0.646094 0 0.646094 0.0277778 0.628906 0.0277778
0 0.724219 0.00833333 0.733594 0.0152778 0.715625 0.0902778 0.70625 0.0819444
2 0.744531 0.0694444 0.736719 0.0819444 0.719531 0.0527778 0.727344 0.0402778
2 0.734375 0.0138889 0.745313 0.0138889 0.745313 0.0569444 0.734375 0.0569444
0 0.761719 0.105556 0.799219 0.105556 0.799219 0.126389 0.761719 0.126389
2 0.803906 0.194444 0.813281 0.194444 0.813281 0.241667 0.803906 0.241667
2 0.770312 0.172222 0.780469 0.181944 0.766406 0.226389 0.757031 0.216667
2 0.775781 0.2125 0.782031 0.226389 0.763281 0.252778 0.757031 0.2375
0 0.810937 0.256944 0.804688 0.269444 0.771094 0.211111 0.777344 0.2
3 0.790625 0.204167 0.805469 0.204167 0.805469 0.241667 0.790625 0.241667
3 0.805469 0.25 0.817969 0.25 0.817969 0.286111 0.805469 0.286111
2 0.747656 0.411111 0.738281 0.425 0.720313 0.386111 0.728906 0.372222
2 0.925 0.804167 0.932813 0.806944 0.927344 0.852778 0.919531 0.85
2 0.873437 0.633333 0.880469 0.652778 0.858594 0.677778 0.851562 0.658333
2 0.873437 0.508333 0.896094 0.508333 0.896094 0.529167 0.873437 0.529167
2 0.746094 0.466667 0.723437 0.488889 0.717187 0.468056 0.739844 0.445833
0 0.858594 0.670833 0.871094 0.672222 0.864844 0.781944 0.852344 0.780556
