2 0.425781 0.336111 0.448437 0.348611 0.444531 0.368056 0.422656 0.355556
2 0.417969 0.340278 0.426563 0.351389 0.414062 0.383333 0.405469 0.372222
3 0.477344 0.359722 0.489063 0.359722 0.489063 0.386111 0.477344 0.386111
0 0.501563 0.381944 0.552344 0.390278 0.550781 0.409722 0.500781 0.4
0 0.551562 0.397222 0.542188 0.411111 0.522656 0.370833 0.532031 0.356944
3 0.570312 0.3625 0.561719 0.379167 0.550781 0.359722 0.559375 0.344444
2 0.560937 0.363889 0.573438 0.363889 0.573438 0.3875 0.560937 0.3875
2 0.644531 0.398611 0.632812 0.409722 0.614062 0.348611 0.626563 0.3375
1 0.600781 0.3 0.65 0.340278 0.645312 0.361111 0.595313 0.320833
0 0.582812 0.519444 0.592969 0.530556 0.563281 0.616667 0.552344 0.605556
1 0.579688 0.597222 0.594531 0.6125 0.580469 0.659722 0.565625 0.644444
0 0.635156 0.568056 0.642969 0.584722 0.604688 0.651389 0.596094 0.636111
2 0.676562 0.659722 0.666406 0.670833 0.653906 0.630556 0.664844 0.620833
2 0.627344 0.651389 0.653906 0.684722 0.646875 0.702778 0.620313 0.669444
0 0.596875 0.65 0.638281 0.708333 0.630469 0.723611 0.589844 0.666667
2 0.497656 0.919444 0.483594 0.926389 0.472656 0.866667 0.4875 0.858333
0 0.471875 0.813889 0.486719 0.818056 0.471094 0.951389 0.457031 0.945833
0 0.465625 0.927778 0.446875 0.934722 0.433594 0.815278 0.452344 0.808333
0 0.442188 0.797222 0.430469 0.808333 0.399219 0.716667 0.410938 0.704167
2 0.508594 0.776389 0.494531 0.783333 0.484375 0.729167 0.499219 0.720833
3 0.46875 0.741667 0.489844 0.779167 0.478906 0.798611 0.457813 0.759722
3 0.451562 0.743056 0.471875 0.780556 0.460156 0.801389 0.439844 0.763889
3 0.455469 0.794444 0.439844 0.811111 0.425781 0.766667 0.442188 0.75
3 0.382031 0.65 0.398438 0.656944 0.392969 0.7 0.376563 0.694444
3 0.764844 0.390278 0.789844 0.390278 0.789844 0.418056 0.764844 0.418056
2 0.821094 0.481944 0.810937 0.498611 0.79375 0.461111 0.803906 0.445833
2 0.7625 0.459722 0.753125 0.466667 0.74375 0.427778 0.753906 0.420833
2 0.758594 0.475 0.748437 0.481944 0.740625 0.441667 0.75 0.434722
3 0.753906 0.470833 0.767188 0.475 0.7625 0.509722 0.75 0.505556
2 0.735156 0.459722 0.745313 0.469444 0.733594 0.506944 0.724219 0.497222
0 0.669531 0.447222 0.720313 0.490278 0.714844 0.506944 0.664844 0.465278
2 0.667188 0.401389 0.676562 0.401389 0.676562 0.434722 0.667188 0.434722
2 0.708594 0.419444 0.728125 0.434722 0.723437 0.454167 0.703125 0.438889
2 0.71875 0.438889 0.742188 0.438889 0.742188 0.461111 0.71875 0.461111
3 0.709375 0.406944 0.735938 0.420833 0.732812 0.4375 0.70625 0.423611
3 0.730469 0.386111 0.740625 0.398611 0.729688 0.426389 0.719531 0.415278
2 0.711719 0.363889 0.73125 0.393056 0.724219 0.406944 0.705469 0.379167
2 0.698438 0.3875 0.709375 0.3875 0.709375 0.422222 0.698438 0.422222
2 0.688281 0.380556 0.699219 0.380556 0.699219 0.4125 0.688281 0.4125
3 0.695312 0.348611 0.707812 0.379167 0.7 0.390278 0.686719 0.361111
3 0.670312 0.366667 0.690625 0.366667 0.690625 0.383333 0.670312 0.383333
2 0.676562 0.373611 0.692969 0.398611 0.686719 0.409722 0.670312 0.386111
0 0.667188 0.380556 0.708594 0.420833 0.703125 0.4375 0.6625 0.397222
