0 0.783594 0.731944 0.802344 0.743056 0.776563 0.890278 0.757812 0.879167
2 0.788281 0.811111 0.803125 0.826389 0.783594 0.890278 0.76875 0.875
3 0.838281 0.7375 0.855469 0.755556 0.838281 0.809722 0.821094 0.791667
2 0.850781 0.765278 0.885938 0.806944 0.875 0.834722 0.840625 0.791667
2 0.876563 0.7125 0.892969 0.725 0.879687 0.779167 0.864062 0.768056
2 0.859375 0.665278 0.886719 0.715278 0.873437 0.7375 0.846094 0.6875
2 0.867969 0.75 0.857031 0.765278 0.829688 0.708333 0.840625 0.691667
0 0.867188 0.738889 0.855469 0.747222 0.829688 0.613889 0.842187 0.606944
2 0.846875 0.680556 0.834375 0.693056 0.815625 0.630556 0.827344 0.619444
1 0.897656 0.670833 0.99375 0.723611 0.985156 0.769444 0.889844 0.718056
3 0.848437 0.598611 0.865625 0.604167 0.859375 0.652778 0.842969 0.647222
3 0.869531 0.640278 0.883594 0.654167 0.870313 0.698611 0.85625 0.684722
2 0.925 0.580556 0.957031 0.629167 0.946875 0.651389 0.914062 0.602778
2 0.995313 0.559722 0.98125 0.573611 0.964063 0.518056 0.978125 0.504167
2 0.792188 0.561111 0.799219 0.583333 0.766406 0.619444 0.758594 0.595833
3 0.610938 0.479167 0.651563 0.479167 0.651563 0.511111 0.610938 0.511111
3 0.632812 0.440278 0.664844 0.440278 0.664844 0.469444 0.632812 0.469444
3 0.64375 0.393056 0.673438 0.427778 0.664844 0.45 0.635156 0.415278
2 0.760938 0.470833 0.775 0.481944 0.761719 0.5375 0.747656 0.526389
0 0.776563 0.4375 0.789062 0.438889 0.782813 0.547222 0.770312 0.544444
1 0.690625 0.372222 0.784375 0.423611 0.778906 0.454167 0.685156 0.401389
2 0.763281 0.441667 0.75 0.501389 0.7375 0.491667 0.750781 0.431944
2 0.771094 0.366667 0.786719 0.366667 0.786719 0.418056 0.771094 0.418056
2 0.757812 0.383333 0.775781 0.411111 0.765625 0.433333 0.746875 0.405556
2 0.800781 0.305556 0.810937 0.320833 0.79375 0.356944 0.783594 0.341667
2 0.782031 0.301389 0.794531 0.311111 0.783594 0.355556 0.771094 0.347222
3 0.7875 0.379167 0.80625 0.379167 0.80625 0.430556 0.7875 0.430556
3 0.7375 0.276389 0.761719 0.305556 0.753906 0.325 0.730469 0.294444
2 0.761719 0.290278 0.753906 0.305556 0.735156 0.273611 0.742969 0.258333
0 0.780469 0.338889 0.775781 0.361111 0.703125 0.309722 0.708594 0.2875
2 0.746875 0.194444 0.760938 0.202778 0.751563 0.254167 0.738281 0.245833
2 0.698438 0.25 0.73125 0.2625 0.728125 0.286111 0.695312 0.273611
0 0.760156 0.2125 0.704688 0.255556 0.7 0.238889 0.75625 0.195833
2 0.725 0.241667 0.714844 0.256944 0.699219 0.222222 0.708594 0.208333
2 0.730469 0.194444 0.738281 0.2125 0.717969 0.241667 0.710156 0.223611
0 0.742188 0.194444 0.696875 0.218056 0.694531 0.202778 0.739062 0.179167
3 0.700781 0.119444 0.726562 0.119444 0.726562 0.148611 0.700781 0.148611
2 0.705469 0.131944 0.695312 0.147222 0.675781 0.104167 0.685156 0.0902778
3 0.653906 0.0708333 0.682813 0.0708333 0.682813 0.0958333 0.653906 0.0958333
3 0.680469 0.118056 0.657031 0.131944 0.652344 0.105556 0.675781 0.0916667
2 0.678125 0.141667 0.646875 0.152778 0.644531 0.131944 0.675 0.120833
2 0.669531 0.181944 0.696875 0.197222 0.692969 0.223611 0.664844 0.208333
2 0.717187 0.194444 0.696875 0.205556 0.692969 0.180556 0.713281 0.169444
0 0.650781 0.195833 0.707031 0.226389 0.703906 0.244444 0.647656 0.213889
2 0.664844 0.295833 0.695312 0.295833 0.695312 0.319444 0.664844 0.319444
0 0.622656 0.272222 0.688281 0.283333 0.686719 0.302778 0.621875 0.291667
2 0.630469 0.25 0.660937 0.266667 0.65625 0.290278 0.626563 0.273611
1 0.682031 0.261111 0.667969 0.286111 0.60625 0.180556 0.621094 0.154167
3 0.667969 0.179167 0.651563 0.204167 0.642188 0.184722 0.659375 0.159722
0 0.641406 0.186111 0.652344 0.198611 0.617188 0.288889 0.60625 0.276389
3 0.592187 0.208333 0.571094 0.229167 0.563281 0.204167 0.584375 0.183333
1 0.585938 0.161111 0.576562 0.188889 0.503906 0.105556 0.514062 0.0791667
2 0.566406 0.1375 0.557031 0.148611 0.542188 0.109722 0.551562 0.0986111
2 0.563281 0.1125 0.582812 0.141667 0.573438 0.161111 0.554688 0.131944
2 0.580469 0.129167 0.571875 0.144444 0.552344 0.109722 0.560937 0.0944444
2 0.567187 0.0583333 0.578906 0.0708333 0.56875 0.104167 0.55625 0.0930556
0 0.5875 0.0361111 0.597656 0.0472222 0.575781 0.119444 0.565625 0.109722
0 0.525 0.0138889 0.535156 0.025 0.507812 0.1125 0.497656 0.102778
