2 0.442188 0.347222 0.459375 0.351389 0.458594 0.363889 0.441406 0.359722
2 0.4375 0.352778 0.445312 0.356944 0.440625 0.380556 0.433594 0.375
3 0.494531 0.361111 0.488281 0.368056 0.482031 0.35 0.489063 0.343056
0 0.532031 0.363889 0.504687 0.366667 0.503906 0.355556 0.53125 0.351389
3 0.535156 0.319444 0.550781 0.330556 0.546875 0.343056 0.532031 0.331944
3 0.469531 0.527778 0.480469 0.527778 0.480469 0.555556 0.469531 0.555556
0 0.49375 0.548611 0.528125 0.584722 0.522656 0.6 0.489063 0.5625
3 0.517969 0.561111 0.535156 0.577778 0.530469 0.591667 0.513281 0.575
3 0.527344 0.554167 0.542969 0.566667 0.538281 0.581944 0.523438 0.569444
3 0.5375 0.548611 0.552344 0.563889 0.548438 0.577778 0.533594 0.561111
2 0.564844 0.556944 0.558594 0.568056 0.544531 0.544444 0.550781 0.533333
0 0.532031 0.5875 0.558594 0.636111 0.550781 0.648611 0.525 0.6
0 0.563281 0.644444 0.555469 0.647222 0.547656 0.580556 0.55625 0.577778
2 0.560156 0.602778 0.576562 0.622222 0.571875 0.634722 0.555469 0.613889
2 0.577344 0.411111 0.585938 0.411111 0.585938 0.434722 0.577344 0.434722
0 0.617969 0.423611 0.624219 0.431944 0.6125 0.4625 0.60625 0.454167
2 0.639844 0.443056 0.652344 0.456944 0.649219 0.468056 0.635938 0.454167
2 0.70625 0.318056 0.720313 0.334722 0.715625 0.347222 0.702344 0.330556
3 0.679688 0.345833 0.689063 0.345833 0.689063 0.363889 0.679688 0.363889
3 0.69375 0.306944 0.678125 0.315278 0.675781 0.3 0.691406 0.290278
2 0.682813 0.334722 0.678906 0.343056 0.667188 0.323611 0.671875 0.315278
2 0.671875 0.326389 0.683594 0.345833 0.679688 0.352778 0.667969 0.334722
1 0.566406 0.283333 0.596094 0.294444 0.59375 0.309722 0.564844 0.298611
2 0.641406 0.297222 0.655469 0.305556 0.653125 0.316667 0.639062 0.308333
3 0.655469 0.304167 0.661719 0.3125 0.657031 0.326389 0.650781 0.318056
3 0.64375 0.323611 0.6625 0.323611 0.6625 0.334722 0.64375 0.334722
2 0.64375 0.330556 0.638281 0.333333 0.633594 0.309722 0.639062 0.306944
2 0.6375 0.323611 0.633594 0.329167 0.628125 0.311111 0.632031 0.305556
0 0.611719 0.3125 0.638281 0.326389 0.636719 0.334722 0.610938 0.320833
2 0.666406 0.343056 0.672656 0.343056 0.672656 0.359722 0.666406 0.359722
2 0.659375 0.333333 0.671094 0.333333 0.671094 0.344444 0.659375 0.344444
3 0.626563 0.290278 0.638281 0.301389 0.635156 0.311111 0.624219 0.301389
3 0.623437 0.304167 0.630469 0.304167 0.630469 0.323611 0.623437 0.323611
