2 0.25 0.198611 0.26875 0.201389 0.265625 0.2625 0.246094 0.258333
3 0.346875 0.188889 0.316406 0.225 0.303906 0.191667 0.333594 0.155556
3 0.435937 0.0263889 0.4625 0.0666667 0.450781 0.0902778 0.424219 0.05
3 0.514844 0.0347222 0.482812 0.0652778 0.474219 0.0388889 0.50625 0.00694444
2 0.542969 0.130556 0.525 0.133333 0.521094 0.0625 0.538281 0.0597222
3 0.430469 0.197222 0.409375 0.204167 0.403125 0.148611 0.424219 0.140278
3 0.432031 0.169444 0.45 0.176389 0.44375 0.229167 0.426563 0.223611
3 0.423438 0.122222 0.455469 0.145833 0.449219 0.172222 0.417187 0.148611
2 0.41875 0.229167 0.434375 0.229167 0.434375 0.286111 0.41875 0.286111
3 0.369531 0.308333 0.403125 0.308333 0.403125 0.344444 0.369531 0.344444
2 0.367969 0.336111 0.411719 0.336111 0.411719 0.373611 0.367969 0.373611
0 0.370312 0.363889 0.446094 0.393056 0.442188 0.426389 0.366406 0.395833
0 0.333594 0.3875 0.426563 0.420833 0.422656 0.451389 0.330469 0.418056
3 0.307812 0.327778 0.341406 0.333333 0.339844 0.363889 0.30625 0.358333
3 0.33125 0.398611 0.291406 0.4125 0.286719 0.369444 0.326562 0.354167
2 0.283594 0.415278 0.261719 0.423611 0.253906 0.355556 0.275781 0.347222
2 0.302344 0.447222 0.28125 0.458333 0.269531 0.391667 0.290625 0.380556
2 0.471094 0.426389 0.516406 0.426389 0.516406 0.468056 0.471094 0.468056
2 0.576562 0.336111 0.592969 0.359722 0.563281 0.422222 0.547656 0.398611
2 0.597656 0.411111 0.554688 0.443056 0.546094 0.406944 0.589063 0.375
0 0.600781 0.233333 0.622656 0.233333 0.622656 0.404167 0.600781 0.404167
2 0.708594 0.347222 0.767969 0.347222 0.767969 0.394444 0.708594 0.394444
2 0.573438 0.513889 0.522656 0.541667 0.515625 0.504167 0.567187 0.476389
1 0.346875 0.509722 0.463281 0.573611 0.453125 0.629167 0.3375 0.565278
3 0.589844 0.620833 0.634375 0.620833 0.634375 0.666667 0.589844 0.666667
3 0.6625 0.626389 0.705469 0.658333 0.696094 0.698611 0.653125 0.666667
3 0.701562 0.601389 0.749219 0.647222 0.739062 0.679167 0.692187 0.633333
0 0.585938 0.681944 0.705469 0.759722 0.697656 0.798611 0.578125 0.720833
1 0.583594 0.733333 0.625781 0.733333 0.625781 0.998611 0.583594 0.998611
1 0.548438 0.891667 0.591406 0.891667 0.591406 0.998611 0.548438 0.998611
1 0.540625 0.976389 0.507031 0.986111 0.485156 0.744444 0.51875 0.734722
3 0.548438 0.694444 0.586719 0.740278 0.573438 0.773611 0.535937 0.727778
3 0.550781 0.744444 0.594531 0.7875 0.58125 0.830556 0.5375 0.7875
0 0.519531 0.675 0.535937 0.711111 0.436719 0.85 0.421094 0.813889
2 0.496875 0.908333 0.457813 0.995833 0.4375 0.968056 0.476562 0.880556
3 0.423438 0.1875 0.434375 0.202778 0.4125 0.248611 0.401562 0.233333
