3 0.0296875 0.168056 0.071875 0.173611 0.0703125 0.216667 0.028125 0.211111
3 0.0335937 0.00416667 0.071875 0.00416667 0.071875 0.0486111 0.0335937 0.0486111
3 0.0078125 0.218056 0.0539063 0.218056 0.0539063 0.2625 0.0078125 0.2625
2 0.102344 0.1875 0.155469 0.1875 0.155469 0.227778 0.102344 0.227778
0 0.0570312 0.256944 0.170313 0.2875 0.167187 0.327778 0.0539063 0.297222
0 0.107031 0.213889 0.200781 0.247222 0.196094 0.2875 0.102344 0.254167
2 0.221875 0.297222 0.274219 0.297222 0.274219 0.338889 0.221875 0.338889
2 0.341406 0.211111 0.35625 0.2375 0.321875 0.295833 0.307031 0.269444
2 0.359375 0.286111 0.315625 0.319444 0.30625 0.280556 0.350781 0.247222
0 0.359375 0.111111 0.385156 0.111111 0.385156 0.280556 0.359375 0.280556
2 0.467187 0.230556 0.521094 0.230556 0.521094 0.279167 0.467187 0.279167
2 0.330469 0.384722 0.276562 0.413889 0.270313 0.379167 0.324219 0.35
1 0.0757812 0.370833 0.210938 0.445833 0.2 0.508333 0.0648438 0.433333
0 0.271094 0.548611 0.286719 0.584722 0.176563 0.740278 0.160938 0.704167
1 0.2875 0.893056 0.250781 0.902778 0.228906 0.623611 0.265625 0.613889
0 0.340625 0.561111 0.453125 0.623611 0.446094 0.663889 0.333594 0.601389
3 0.344531 0.498611 0.389844 0.498611 0.389844 0.541667 0.344531 0.541667
3 0.409375 0.497222 0.459375 0.523611 0.453125 0.561111 0.403125 0.533333
3 0.450781 0.466667 0.496875 0.511111 0.485156 0.548611 0.439063 0.504167
1 0.332813 0.594444 0.375 0.594444 0.375 0.872222 0.332813 0.872222
3 0.303906 0.566667 0.338281 0.618056 0.320312 0.655556 0.286719 0.604167
3 0.301563 0.616667 0.34375 0.658333 0.33125 0.7 0.289062 0.658333
1 0.29375 0.759722 0.339844 0.759722 0.339844 0.990278 0.29375 0.990278
2 0.252344 0.954167 0.225 0.958333 0.219531 0.861111 0.246875 0.856944
2 0.186719 0.933333 0.229687 0.951389 0.222656 0.998611 0.180469 0.980556
2 0.16875 0.876389 0.226562 0.915278 0.216406 0.9625 0.158594 0.922222
2 0.21875 0.795833 0.246875 0.822222 0.216406 0.920833 0.189062 0.894444
2 0.240625 0.791667 0.2 0.883333 0.177344 0.851389 0.21875 0.759722
