1 0.377344 0.340278 0.402344 0.343056 0.39375 0.552778 0.369531 0.55
0 0.277344 0.45 0.376563 0.468056 0.374219 0.505556 0.275 0.4875
2 0.525 0.251389 0.540625 0.254167 0.536719 0.329167 0.521094 0.326389
0 0.494531 0.401389 0.588281 0.434722 0.585156 0.4625 0.491406 0.429167
3 0.564063 0.413889 0.547656 0.434722 0.528906 0.384722 0.545312 0.365278
0 0.646094 0.538889 0.632031 0.551389 0.591406 0.405556 0.60625 0.393056
3 0.55 0.495833 0.580469 0.526389 0.570312 0.559722 0.539844 0.530556
2 0.315625 0.6 0.297656 0.6125 0.28125 0.530556 0.299219 0.518056
3 0.367188 0.644444 0.346094 0.647222 0.342187 0.570833 0.363281 0.566667
3 0.354687 0.548611 0.339844 0.576389 0.311719 0.527778 0.327344 0.5
3 0.314063 0.529167 0.346875 0.577778 0.332813 0.606944 0.3 0.558333
3 0.325 0.643056 0.338281 0.672222 0.302344 0.722222 0.289062 0.693056
2 0.353906 0.659722 0.4 0.694444 0.392188 0.726389 0.346094 0.693056
3 0.367969 0.715278 0.397656 0.769444 0.380469 0.798611 0.350781 0.744444
0 0.389062 0.711111 0.475781 0.794444 0.466406 0.823611 0.380469 0.738889
0 0.397656 0.769444 0.49375 0.855556 0.485156 0.886111 0.389062 0.8
2 0.517969 0.786111 0.564063 0.8125 0.557813 0.845833 0.511719 0.820833
1 0.439063 0.697222 0.563281 0.765278 0.554688 0.8125 0.430469 0.743056
2 0.414062 0.593056 0.45625 0.6125 0.451562 0.644444 0.409375 0.623611
2 0.597656 0.755556 0.610156 0.755556 0.610156 0.838889 0.597656 0.838889
1 0.461719 0.55 0.570312 0.655556 0.557813 0.694444 0.45 0.590278
1 0.414844 0.476389 0.529687 0.5625 0.520312 0.601389 0.405469 0.515278
0 0.664062 0.633333 0.683594 0.641667 0.664062 0.798611 0.644531 0.790278
0 0.736719 0.841667 0.645312 0.847222 0.644531 0.815278 0.735938 0.808333
2 0.695312 0.976389 0.674219 0.9875 0.660156 0.904167 0.68125 0.891667
2 0.741406 0.929167 0.780469 0.958333 0.771875 0.991667 0.733594 0.963889
