2 0.419531 0.336111 0.429688 0.343056 0.422656 0.380556 0.4125 0.375
2 0.4375 0.401389 0.449219 0.405556 0.444531 0.444444 0.433594 0.440278
2 0.547656 0.261111 0.538281 0.268056 0.529687 0.230556 0.539062 0.222222
2 0.540625 0.291667 0.533594 0.302778 0.520312 0.279167 0.526563 0.268056
2 0.539844 0.275 0.548438 0.284722 0.533594 0.325 0.525 0.315278
3 0.542969 0.273611 0.532813 0.284722 0.525 0.259722 0.535937 0.25
3 0.53125 0.247222 0.528906 0.270833 0.520312 0.269444 0.522656 0.245833
3 0.513281 0.266667 0.524219 0.266667 0.524219 0.294444 0.513281 0.294444
2 0.507031 0.281944 0.523438 0.294444 0.520312 0.308333 0.503906 0.295833
2 0.515625 0.315278 0.533594 0.322222 0.53125 0.3375 0.514062 0.331944
3 0.505469 0.297222 0.519531 0.305556 0.516406 0.323611 0.503125 0.315278
3 0.519531 0.3375 0.5125 0.351389 0.501563 0.334722 0.509375 0.320833
3 0.51875 0.375 0.509375 0.384722 0.500781 0.355556 0.510156 0.345833
2 0.51875 0.334722 0.532031 0.336111 0.528906 0.381944 0.516406 0.380556
2 0.50625 0.377778 0.517188 0.379167 0.514844 0.427778 0.503906 0.425
2 0.478125 0.425 0.494531 0.444444 0.488281 0.461111 0.471875 0.440278
0 0.480469 0.461111 0.490625 0.4625 0.489063 0.561111 0.479687 0.559722
0 0.49375 0.419444 0.50625 0.423611 0.494531 0.522222 0.482812 0.516667
2 0.5375 0.576389 0.510938 0.588889 0.508594 0.569444 0.535156 0.556944
2 0.553906 0.541667 0.573438 0.572222 0.564063 0.590278 0.545312 0.561111
2 0.56875 0.505556 0.58125 0.518056 0.565625 0.563889 0.553125 0.551389
3 0.592969 0.523611 0.577344 0.526389 0.574219 0.477778 0.590625 0.475
0 0.56875 0.483333 0.578906 0.495833 0.544531 0.576389 0.535156 0.563889
2 0.342187 0.747222 0.360156 0.747222 0.360156 0.770833 0.342187 0.770833
0 0.4625 0.904167 0.453125 0.908333 0.44375 0.826389 0.453125 0.822222
1 0.496875 0.977778 0.477344 0.988889 0.460156 0.905556 0.479687 0.893056
2 0.471875 0.956944 0.482812 0.956944 0.482812 0.995833 0.471875 0.995833
0 0.500781 0.888889 0.4875 0.894444 0.475781 0.786111 0.488281 0.781944
0 0.515625 0.923611 0.497656 0.933333 0.49375 0.908333 0.510938 0.898611
2 0.390625 0.690278 0.380469 0.695833 0.375 0.665278 0.385156 0.659722
