1 0.661719 0 0.739062 0 0.739062 0.118056 0.661719 0.118056
1 0.628906 0 0.680469 0 0.680469 0.0916667 0.628906 0.0916667
2 0.251563 0.251389 0.270313 0.251389 0.270313 0.269444 0.251563 0.269444
2 0.283594 0.269444 0.300781 0.269444 0.300781 0.288889 0.283594 0.288889
2 0.272656 0.304167 0.28125 0.304167 0.28125 0.340278 0.272656 0.340278
2 0.260937 0.291667 0.283594 0.291667 0.283594 0.308333 0.260937 0.308333
0 0.276562 0.266667 0.297656 0.3 0.291406 0.311111 0.270313 0.279167
2 0.310156 0.297222 0.320312 0.297222 0.320312 0.327778 0.310156 0.327778
2 0.286719 0.341667 0.303125 0.341667 0.303125 0.359722 0.286719 0.359722
0 0.336719 0.334722 0.304688 0.343056 0.303125 0.327778 0.335156 0.318056
2 0.359375 0.298611 0.371875 0.302778 0.366406 0.35 0.353906 0.345833
2 0.429688 0.272222 0.405469 0.280556 0.403125 0.258333 0.426563 0.25
2 0.3875 0.408333 0.403125 0.408333 0.403125 0.434722 0.3875 0.434722
2 0.411719 0.473611 0.384375 0.477778 0.383594 0.456944 0.410938 0.452778
2 0.433594 0.383333 0.448437 0.383333 0.448437 0.433333 0.433594 0.433333
2 0.417969 0.423611 0.440625 0.423611 0.440625 0.448611 0.417969 0.448611
2 0.419531 0.470833 0.430469 0.483333 0.414062 0.523611 0.403906 0.511111
0 0.444531 0.416667 0.457031 0.429167 0.425 0.536111 0.411719 0.523611
2 0.371875 0.525 0.394531 0.541667 0.389844 0.559722 0.367188 0.543056
2 0.36875 0.545833 0.385937 0.558333 0.38125 0.575 0.364063 0.5625
0 0.409375 0.509722 0.417969 0.522222 0.382812 0.597222 0.374219 0.583333
0 0.508594 0.218056 0.524219 0.225 0.504687 0.361111 0.489844 0.355556
2 0.5 0.376389 0.489063 0.383333 0.476562 0.331944 0.4875 0.323611
2 0.526563 0.156944 0.536719 0.176389 0.514062 0.216667 0.503125 0.197222
2 0.475781 0.205556 0.489844 0.216667 0.484375 0.238889 0.470313 0.227778
0 0.510156 0.190278 0.497656 0.194444 0.4875 0.105556 0.499219 0.1
3 0.510938 0.109722 0.533594 0.126389 0.526563 0.152778 0.504687 0.136111
2 0.56875 0.129167 0.583594 0.143056 0.565625 0.2 0.551562 0.186111
2 0.5625 0.0263889 0.577344 0.0263889 0.577344 0.0958333 0.5625 0.0958333
3 0.505469 0.4875 0.534375 0.4875 0.534375 0.516667 0.505469 0.516667
2 0.545312 0.447222 0.582812 0.459722 0.579688 0.490278 0.542188 0.477778
2 0.58125 0.440278 0.5625 0.451389 0.551562 0.3875 0.570312 0.376389
2 0.542969 0.491667 0.526563 0.501389 0.515625 0.440278 0.532813 0.430556
2 0.589844 0.476389 0.627344 0.490278 0.623437 0.525 0.585938 0.511111
3 0.664062 0.579167 0.628125 0.580556 0.627344 0.544444 0.664062 0.543056
1 0.492969 0.563889 0.585156 0.580556 0.582812 0.623611 0.490625 0.608333
1 0.600781 0.523611 0.521094 0.620833 0.509375 0.5875 0.588281 0.491667
2 0.953125 0.656944 0.997656 0.656944 0.997656 0.747222 0.953125 0.747222
0 0.729688 0.565278 0.634375 0.616667 0.629687 0.5875 0.725 0.534722
3 0.639844 0.629167 0.603906 0.65 0.598437 0.615278 0.634375 0.594444
2 0.569531 0.630556 0.607812 0.630556 0.607812 0.659722 0.569531 0.659722
3 0.569531 0.661111 0.601562 0.684722 0.592969 0.720833 0.560937 0.697222
2 0.56875 0.7 0.607031 0.720833 0.603125 0.741667 0.564844 0.720833
2 0.585156 0.758333 0.573438 0.772222 0.550781 0.711111 0.561719 0.697222
2 0.474219 0.581944 0.483594 0.594444 0.464844 0.641667 0.455469 0.630556
0 0.492969 0.534722 0.507031 0.55 0.471875 0.666667 0.457031 0.651389
2 0.389062 0.647222 0.413281 0.666667 0.407813 0.6875 0.383594 0.669444
0 0.420312 0.5875 0.466406 0.631944 0.460156 0.651389 0.414062 0.606944
0 0.352344 0.586111 0.364063 0.594444 0.339844 0.694444 0.328906 0.686111
3 0.471094 0.654167 0.485938 0.668056 0.470313 0.716667 0.45625 0.702778
3 0.402344 0.795833 0.389062 0.808333 0.375781 0.765278 0.389844 0.752778
3 0.46875 0.793056 0.450781 0.802778 0.441406 0.748611 0.460156 0.738889
2 0.519531 0.779167 0.536719 0.779167 0.536719 0.851389 0.519531 0.851389
0 0.578906 0.758333 0.590625 0.776389 0.534375 0.891667 0.521875 0.872222
2 0.55 0.902778 0.569531 0.902778 0.569531 0.984722 0.55 0.984722
0 0.486719 0.894444 0.475781 0.905556 0.442188 0.795833 0.453125 0.784722
2 0.460938 0.859722 0.474219 0.873611 0.459375 0.918056 0.446875 0.904167
3 0.429688 0.836111 0.453125 0.85 0.447656 0.883333 0.423438 0.869444
2 0.43125 0.865278 0.455469 0.8875 0.448437 0.909722 0.425 0.886111
3 0.417969 0.9 0.436719 0.9 0.436719 0.951389 0.417969 0.951389
3 0.428125 0.925 0.44375 0.925 0.44375 0.984722 0.428125 0.984722
2 0.371875 0.969444 0.357031 0.973611 0.350781 0.918056 0.365625 0.9125
2 0.35625 0.966667 0.342187 0.977778 0.330469 0.927778 0.344531 0.916667
2 0.270313 0.872222 0.291406 0.872222 0.291406 0.893056 0.270313 0.893056
