3 0.594531 0.144444 0.551562 0.186111 0.534375 0.131944 0.578125 0.0902778
0 0.610938 0.0555556 0.635156 0.075 0.585938 0.265278 0.561719 0.245833
0 0.652344 0.370833 0.628125 0.384722 0.59375 0.1875 0.617969 0.175
0 0.677344 0.368056 0.65 0.388889 0.600781 0.179167 0.627344 0.158333
2 0.688281 0.326389 0.659375 0.3375 0.647656 0.238889 0.677344 0.229167
2 0.614062 0.386111 0.586719 0.401389 0.567969 0.293056 0.594531 0.277778
0 0.460938 0.306944 0.575 0.369444 0.56875 0.406944 0.454688 0.344444
0 0.472656 0.3625 0.567187 0.395833 0.563281 0.431944 0.46875 0.397222
0 0.474219 0.3875 0.567969 0.438889 0.563281 0.466667 0.469531 0.415278
0 0.496094 0.443056 0.595313 0.497222 0.589844 0.530556 0.490625 0.476389
0 0.548438 0.468056 0.652344 0.547222 0.646094 0.572222 0.542188 0.494444
0 0.55 0.458333 0.661719 0.533333 0.657031 0.555556 0.545312 0.480556
3 0.597656 0.468056 0.6375 0.493056 0.632031 0.520833 0.592187 0.497222
1 0.533594 0.525 0.616406 0.625 0.601562 0.663889 0.51875 0.5625
0 0.652344 0.608333 0.746094 0.608333 0.746094 0.641667 0.652344 0.641667
2 0.667969 0.586111 0.717969 0.586111 0.717969 0.615278 0.667969 0.615278
2 0.6875 0.548611 0.729688 0.570833 0.724219 0.602778 0.682031 0.580556
0 0.644531 0.4125 0.750781 0.533333 0.738281 0.566667 0.632031 0.445833
0 0.770312 0.502778 0.742188 0.515278 0.710156 0.306944 0.738281 0.293056
3 0.746875 0.3375 0.776563 0.3375 0.776563 0.440278 0.746875 0.440278
2 0.795312 0.468056 0.810937 0.504167 0.76875 0.563889 0.752344 0.527778
3 0.779687 0.561111 0.804688 0.561111 0.804688 0.636111 0.779687 0.636111
2 0.792188 0.633333 0.771875 0.643056 0.757812 0.559722 0.777344 0.548611
3 0.789062 0.631944 0.814063 0.631944 0.814063 0.695833 0.789062 0.695833
3 0.748437 0.626389 0.795312 0.672222 0.785156 0.705556 0.738281 0.659722
0 0.708594 0.665278 0.827344 0.744444 0.819531 0.779167 0.700781 0.7
2 0.811719 0.6875 0.832031 0.706944 0.816406 0.758333 0.796875 0.7375
1 0.869531 0.781944 0.836719 0.801389 0.801562 0.597222 0.834375 0.577778
0 0.938281 0.794444 0.910156 0.805556 0.892188 0.65 0.921094 0.640278
0 0.79375 0.513889 0.891406 0.665278 0.879687 0.688889 0.782031 0.5375
0 0.808594 0.488889 0.90625 0.636111 0.892188 0.663889 0.795312 0.518056
0 0.830469 0.456944 0.914062 0.609722 0.896875 0.640278 0.813281 0.4875
1 0.932031 0.572222 0.898438 0.623611 0.786719 0.3875 0.821094 0.3375
1 0.926562 0.443056 0.885156 0.501389 0.763281 0.233333 0.804688 0.173611
2 0.779687 0 0.860938 0 0.860938 0.0666667 0.779687 0.0666667
