3 0.0296875 0.265278 0.0015625 0.266667 0.00078125 0.197222 0.0289063 0.195833
2 0.107031 0.679167 0.0882813 0.697222 0.0617188 0.611111 0.0804688 0.593056
0 0.130469 0.834722 0.244531 0.897222 0.2375 0.940278 0.122656 0.877778
2 0.292969 0.9125 0.275781 0.951389 0.225 0.880556 0.242188 0.841667
2 0.280469 0.529167 0.301563 0.536111 0.289062 0.644444 0.267969 0.6375
2 0.30625 0.531944 0.329688 0.544444 0.314063 0.634722 0.290625 0.622222
2 0.39375 0.508333 0.342969 0.526389 0.338281 0.484722 0.389062 0.465278
2 0.266406 0.3625 0.320312 0.391667 0.314844 0.425 0.260937 0.394444
1 0.214062 0.293056 0.354687 0.343056 0.347656 0.406944 0.207031 0.355556
1 0.438281 0.35 0.414844 0.393056 0.317188 0.225 0.340625 0.180556
3 0.391406 0.247222 0.375781 0.266667 0.351562 0.202778 0.367188 0.183333
3 0.505469 0.2 0.525 0.225 0.5 0.290278 0.479687 0.265278
2 0.600781 0.101389 0.588281 0.130556 0.55 0.0763889 0.5625 0.0472222
3 0.633594 0.527778 0.682031 0.527778 0.682031 0.575 0.633594 0.575
3 0.71875 0.568056 0.694531 0.580556 0.679688 0.491667 0.703125 0.479167
2 0.760938 0.568056 0.734375 0.573611 0.729688 0.483333 0.75625 0.477778
2 0.666406 0.319444 0.614062 0.338889 0.608594 0.293056 0.660937 0.273611
2 0.751563 0.216667 0.811719 0.216667 0.811719 0.263889 0.751563 0.263889
2 0.630469 0.0375 0.675781 0.0458333 0.672656 0.0902778 0.628125 0.0819444
2 0.700781 0.05 0.75 0.05 0.75 0.0930556 0.700781 0.0930556
2 0.816406 0.116667 0.774219 0.158333 0.761719 0.119444 0.804688 0.0777778
1 0.639062 0.581944 0.802344 0.593056 0.800781 0.652778 0.6375 0.641667
0 0.635938 0.5625 0.773438 0.5625 0.773438 0.601389 0.635938 0.601389
