0 0.282813 0.309722 0.299219 0.3125 0.291406 0.452778 0.274219 0.45
2 0.334375 0.391667 0.35 0.4 0.338281 0.468056 0.322656 0.459722
2 0.423438 0.290278 0.457031 0.302778 0.453906 0.331944 0.420312 0.319444
0 0.429688 0.156944 0.444531 0.1625 0.432031 0.272222 0.417187 0.268056
0 0.453906 0.375 0.367969 0.388889 0.367188 0.365278 0.452344 0.351389
2 0.369531 0.381944 0.382031 0.404167 0.353906 0.452778 0.341406 0.430556
0 0.426563 0.393056 0.357812 0.45 0.352344 0.429167 0.421094 0.372222
3 0.389844 0.406944 0.403906 0.425 0.3875 0.466667 0.374219 0.448611
2 0.432812 0.372222 0.44375 0.386111 0.428125 0.425 0.417187 0.4125
2 0.466406 0.320833 0.478906 0.334722 0.460938 0.380556 0.449219 0.366667
2 0.496094 0.347222 0.522656 0.3875 0.513281 0.406944 0.486719 0.366667
3 0.392969 0.465278 0.420312 0.498611 0.410938 0.522222 0.383594 0.488889
3 0.480469 0.3625 0.49375 0.381944 0.474219 0.422222 0.460938 0.402778
2 0.516406 0.475 0.501563 0.484722 0.490625 0.423611 0.50625 0.415278
3 0.4625 0.458333 0.478906 0.465278 0.471875 0.525 0.455469 0.518056
3 0.346875 0.481944 0.364844 0.491667 0.353906 0.552778 0.335938 0.543056
0 0.359375 0.459722 0.430469 0.545833 0.423438 0.5625 0.353125 0.476389
2 0.399219 0.540278 0.438281 0.554167 0.435156 0.583333 0.395313 0.569444
3 0.392188 0.541667 0.363281 0.584722 0.35 0.556944 0.378906 0.513889
2 0.376563 0.563889 0.417969 0.579167 0.414844 0.606944 0.373437 0.591667
2 0.419531 0.5625 0.449219 0.598611 0.438281 0.626389 0.409375 0.590278
3 0.314844 0.790278 0.333594 0.804167 0.315625 0.877778 0.297656 0.863889
3 0.36875 0.7375 0.3375 0.784722 0.324219 0.756944 0.35625 0.709722
0 0.549219 0.763889 0.564844 0.779167 0.521094 0.920833 0.505469 0.904167
2 0.578125 0.913889 0.561719 0.922222 0.547656 0.841667 0.564063 0.831944
2 0.557813 0.918056 0.571094 0.926389 0.558594 0.998611 0.545312 0.991667
2 0.567187 0.944444 0.580469 0.944444 0.580469 0.997222 0.567187 0.997222
2 0.659375 0.884722 0.677344 0.891667 0.667188 0.979167 0.65 0.972222
3 0.617188 0.8625 0.651563 0.8875 0.64375 0.920833 0.609375 0.895833
3 0.625 0.831944 0.608594 0.851389 0.585156 0.788889 0.601562 0.769444
3 0.564844 0.733333 0.6 0.733333 0.6 0.772222 0.564844 0.772222
3 0.622656 0.702778 0.596094 0.734722 0.585938 0.706944 0.6125 0.675
2 0.574219 0.666667 0.590625 0.666667 0.590625 0.734722 0.574219 0.734722
2 0.745313 0.715278 0.729688 0.727778 0.713281 0.658333 0.728906 0.645833
2 0.748437 0.629167 0.7875 0.658333 0.780469 0.6875 0.741406 0.658333
1 0.622656 0.569444 0.647656 0.575 0.6375 0.763889 0.611719 0.759722
3 0.6375 0.670833 0.652344 0.676389 0.646094 0.731944 0.63125 0.726389
0 0.660156 0.613889 0.675781 0.620833 0.655469 0.755556 0.640625 0.748611
0 0.521094 0.0402778 0.533594 0.05 0.513281 0.133333 0.501563 0.125
2 0.563281 0.0777778 0.553906 0.0861111 0.539844 0.0430556 0.55 0.0333333
2 0.567187 0.125 0.578125 0.125 0.578125 0.177778 0.567187 0.177778
2 0.563281 0.184722 0.575781 0.188889 0.569531 0.244444 0.557031 0.238889
0 0.596875 0.184722 0.607812 0.195833 0.576562 0.290278 0.565625 0.279167
2 0.614062 0.134722 0.624219 0.141667 0.6125 0.188889 0.603125 0.181944
2 0.646094 0.190278 0.615625 0.218056 0.609375 0.197222 0.639062 0.169444
2 0.625 0.209722 0.65625 0.209722 0.65625 0.234722 0.625 0.234722
2 0.669531 0.284722 0.6375 0.290278 0.635938 0.266667 0.667969 0.261111
2 0.677344 0.263889 0.669531 0.270833 0.654687 0.225 0.663281 0.216667
2 0.753125 0.138889 0.739844 0.145833 0.73125 0.0986111 0.744531 0.0916667
3 0.754687 0.145833 0.779687 0.159722 0.774219 0.188889 0.75 0.175
3 0.757031 0.233333 0.779687 0.266667 0.767969 0.290278 0.745313 0.256944
0 0.746875 0.252778 0.798438 0.344444 0.785937 0.368056 0.734375 0.275
2 0.928906 0.379167 0.899219 0.390278 0.896094 0.3625 0.925781 0.352778
2 0.75625 0.354167 0.766406 0.366667 0.749219 0.4125 0.738281 0.4
2 0.685937 0.406944 0.673438 0.416667 0.661719 0.368056 0.674219 0.356944
2 0.672656 0.411111 0.707031 0.418056 0.705469 0.444444 0.671875 0.4375
2 0.697656 0.456944 0.708594 0.469444 0.694531 0.515278 0.682813 0.502778
1 0.641406 0.461111 0.735156 0.541667 0.725 0.576389 0.63125 0.497222
0 0.816406 0.613889 0.800781 0.616667 0.794531 0.501389 0.810156 0.498611
2 0.81875 0.465278 0.830469 0.477778 0.815625 0.526389 0.803906 0.513889
2 0.875781 0.529167 0.861719 0.531944 0.858594 0.470833 0.872656 0.468056
0 0.934375 0.669444 0.919531 0.672222 0.909375 0.540278 0.924219 0.5375
1 0.971875 0.686111 0.875781 0.719444 0.871875 0.681944 0.967969 0.647222
