2 0.407031 0.234722 0.421094 0.236111 0.420312 0.251389 0.40625 0.25
2 0.459375 0.2625 0.44375 0.266667 0.442969 0.251389 0.458594 0.248611
2 0.429688 0.272222 0.436719 0.275 0.43125 0.304167 0.425 0.301389
0 0.433594 0.247222 0.451562 0.269444 0.448437 0.279167 0.430469 0.255556
0 0.440625 0.276389 0.414062 0.277778 0.413281 0.268056 0.439844 0.265278
2 0.444531 0.298611 0.461719 0.308333 0.458594 0.323611 0.442188 0.313889
2 0.471094 0.268056 0.48125 0.268056 0.48125 0.290278 0.471094 0.290278
0 0.5 0.301389 0.467969 0.305556 0.467187 0.2875 0.499219 0.281944
2 0.533594 0.263889 0.544531 0.269444 0.538281 0.305556 0.527344 0.3
2 0.585938 0.230556 0.608594 0.230556 0.608594 0.25 0.585938 0.25
2 0.563281 0.341667 0.578906 0.352778 0.575 0.369444 0.559375 0.356944
2 0.55625 0.377778 0.574219 0.377778 0.574219 0.395833 0.55625 0.395833
2 0.614844 0.319444 0.625781 0.319444 0.625781 0.359722 0.614844 0.359722
2 0.599219 0.348611 0.619531 0.359722 0.616406 0.376389 0.596094 0.365278
2 0.596875 0.384722 0.603906 0.4 0.583594 0.429167 0.576562 0.413889
0 0.625781 0.343056 0.634375 0.355556 0.596094 0.438889 0.586719 0.425
0 0.585938 0.434722 0.544531 0.4875 0.538281 0.473611 0.579688 0.419444
2 0.536719 0.431944 0.557031 0.444444 0.554688 0.461111 0.533594 0.45
2 0.529687 0.45 0.548438 0.456944 0.546875 0.473611 0.527344 0.466667
2 0.764844 0.0722222 0.776563 0.0736111 0.773438 0.122222 0.7625 0.119444
2 0.766406 0.1375 0.777344 0.15 0.760156 0.194444 0.749219 0.181944
2 0.732031 0.176389 0.707031 0.201389 0.701562 0.184722 0.726562 0.159722
3 0.707031 0.123611 0.727344 0.138889 0.722656 0.158333 0.702344 0.143056
0 0.702344 0.180556 0.692969 0.184722 0.685156 0.125 0.69375 0.120833
2 0.68125 0.202778 0.678125 0.219444 0.660156 0.206944 0.664062 0.190278
0 0.703125 0.197222 0.714844 0.208333 0.6875 0.305556 0.675 0.294444
2 0.686719 0.313889 0.677344 0.323611 0.664844 0.281944 0.674219 0.273611
1 0.882812 0.105556 0.86875 0.133333 0.814844 0.0458333 0.829688 0.0180556
1 0.865625 0.0305556 0.926562 0.116667 0.911719 0.148611 0.850781 0.0638889
2 0.767188 0.355556 0.754687 0.363889 0.745313 0.316667 0.757812 0.308333
2 0.727344 0.390278 0.717187 0.401389 0.704688 0.359722 0.714844 0.35
2 0.747656 0.344444 0.76875 0.375 0.759375 0.394444 0.738281 0.363889
2 0.814844 0.394444 0.803125 0.4125 0.785937 0.373611 0.796875 0.356944
3 0.692187 0.388889 0.716406 0.388889 0.716406 0.415278 0.692187 0.415278
1 0.786719 0.413889 0.704688 0.486111 0.695312 0.452778 0.778125 0.379167
1 0.723437 0.380556 0.770312 0.465278 0.755469 0.491667 0.708594 0.406944
2 0.772656 0.463889 0.792188 0.493056 0.783594 0.5125 0.764062 0.481944
3 0.822656 0.480556 0.789844 0.491667 0.786719 0.463889 0.819531 0.451389
3 0.852344 0.441667 0.817969 0.443056 0.817187 0.415278 0.851562 0.413889
0 0.910937 0.433333 0.824219 0.469444 0.821094 0.444444 0.907031 0.406944
0 0.588281 0.473611 0.636719 0.501389 0.633594 0.518056 0.585156 0.488889
2 0.650781 0.458333 0.657813 0.469444 0.639062 0.509722 0.63125 0.498611
0 0.676562 0.425 0.685156 0.4375 0.64375 0.526389 0.634375 0.5125
0 0.510938 0.483333 0.520312 0.495833 0.4875 0.572222 0.478125 0.559722
2 0.551562 0.522222 0.574219 0.538889 0.570312 0.555556 0.547656 0.538889
3 0.558594 0.626389 0.55 0.644444 0.535156 0.623611 0.542969 0.605556
2 0.398438 0.718056 0.41875 0.718056 0.41875 0.736111 0.398438 0.736111
2 0.49375 0.777778 0.484375 0.7875 0.472656 0.748611 0.482031 0.740278
2 0.513281 0.777778 0.500781 0.779167 0.498437 0.731944 0.510938 0.730556
3 0.530469 0.784722 0.542969 0.791667 0.535156 0.838889 0.521875 0.831944
3 0.582031 0.706944 0.592187 0.706944 0.592187 0.748611 0.582031 0.748611
3 0.590625 0.722222 0.602344 0.722222 0.602344 0.765278 0.590625 0.765278
3 0.592187 0.655556 0.614062 0.668056 0.610156 0.691667 0.588281 0.679167
2 0.595313 0.680556 0.617188 0.691667 0.613281 0.711111 0.592187 0.7
2 0.628125 0.669444 0.6375 0.683333 0.622656 0.713889 0.614062 0.7
3 0.646875 0.795833 0.670312 0.830556 0.659375 0.854167 0.635938 0.819444
3 0.560937 0.976389 0.546875 0.9875 0.535937 0.943056 0.550781 0.931944
0 0.521094 0.915278 0.553906 0.975 0.54375 0.991667 0.510938 0.933333
0 0.740625 0.8875 0.817969 0.972222 0.808594 0.998611 0.730469 0.915278
2 0.728906 0.680556 0.74375 0.686111 0.7375 0.743056 0.721875 0.7375
2 0.697656 0.595833 0.710938 0.598611 0.707812 0.651389 0.694531 0.648611
0 0.650781 0.693056 0.641406 0.704167 0.610156 0.622222 0.619531 0.611111
3 0.635156 0.619444 0.623437 0.630556 0.611719 0.593056 0.624219 0.580556
3 0.649219 0.511111 0.660156 0.527778 0.641406 0.566667 0.630469 0.55
0 0.757812 0.575 0.766406 0.595833 0.705469 0.681944 0.696875 0.661111
2 0.751563 0.534722 0.788281 0.548611 0.785937 0.566667 0.749219 0.554167
2 0.765625 0.573611 0.757031 0.588889 0.733594 0.548611 0.742188 0.533333
3 0.750781 0.505556 0.78125 0.522222 0.776563 0.548611 0.746094 0.530556
