1 0.522656 0.726389 0.546094 0.768056 0.492188 0.861111 0.469531 0.819444
2 0.492969 0.922222 0.514844 0.922222 0.514844 0.993056 0.492969 0.993056
2 0.322656 0.820833 0.371875 0.820833 0.371875 0.856944 0.322656 0.856944
2 0.308594 0.848611 0.288281 0.868056 0.267188 0.798611 0.286719 0.779167
3 0.139063 0.65 0.165625 0.65 0.165625 0.730556 0.139063 0.730556
0 0.201563 0.852778 0.300781 0.927778 0.292969 0.959722 0.19375 0.884722
0 0.314844 0.615278 0.327344 0.630556 0.269531 0.781944 0.25625 0.766667
2 0.315625 0.555556 0.292969 0.563889 0.284375 0.490278 0.307031 0.483333
2 0.382812 0.611111 0.365625 0.620833 0.353906 0.554167 0.371094 0.544444
3 0.554688 0.863889 0.586719 0.922222 0.570312 0.951389 0.538281 0.893056
3 0.573438 0.852778 0.609375 0.897222 0.595313 0.934722 0.559375 0.890278
0 0.691406 0.897222 0.599219 0.966667 0.592187 0.938889 0.685156 0.869444
2 0.771094 0.7125 0.790625 0.7125 0.790625 0.798611 0.771094 0.798611
3 0.832812 0.616667 0.842187 0.630556 0.81875 0.679167 0.809375 0.665278
2 0.852344 0.584722 0.866406 0.584722 0.866406 0.655556 0.852344 0.655556
2 0.999219 0.559722 0.983594 0.579167 0.963281 0.525 0.978906 0.505556
1 0.613281 0.390278 0.632812 0.397222 0.614062 0.566667 0.59375 0.559722
2 0.739844 0.598611 0.775781 0.629167 0.767969 0.656944 0.732031 0.626389
2 0.789062 0.568056 0.799219 0.591667 0.771875 0.630556 0.761719 0.606944
0 0.771094 0.486111 0.785156 0.491667 0.771094 0.602778 0.757031 0.597222
2 0.766406 0.533333 0.735938 0.563889 0.728906 0.538889 0.758594 0.509722
0 0.735938 0.556944 0.721094 0.563889 0.697656 0.427778 0.711719 0.419444
2 0.742188 0.518056 0.730469 0.520833 0.726562 0.452778 0.738281 0.45
2 0.778906 0.491667 0.751563 0.513889 0.746094 0.493056 0.774219 0.472222
3 0.752344 0.436111 0.782813 0.440278 0.78125 0.473611 0.750781 0.469444
0 0.719531 0.363889 0.760938 0.479167 0.748437 0.493056 0.707031 0.379167
2 0.692969 0.519444 0.678125 0.527778 0.667969 0.468056 0.682813 0.459722
3 0.646875 0.511111 0.621875 0.529167 0.615625 0.502778 0.640625 0.483333
3 0.632812 0.463889 0.6625 0.480556 0.657813 0.502778 0.628906 0.4875
3 0.625781 0.438889 0.649219 0.456944 0.64375 0.480556 0.620313 0.4625
3 0.667188 0.484722 0.653906 0.497222 0.639062 0.45 0.653125 0.436111
0 0.691406 0.3875 0.701562 0.4 0.669531 0.484722 0.659375 0.472222
3 0.6625 0.355556 0.692187 0.355556 0.692187 0.381944 0.6625 0.381944
0 0.596875 0.438889 0.586719 0.445833 0.561719 0.340278 0.571094 0.333333
2 0.594531 0.381944 0.583594 0.391667 0.574219 0.354167 0.585938 0.344444
2 0.774219 0.397222 0.745313 0.413889 0.741406 0.388889 0.770312 0.373611
2 0.728906 0.351389 0.760938 0.351389 0.760938 0.379167 0.728906 0.379167
2 0.78125 0.379167 0.794531 0.381944 0.791406 0.434722 0.778125 0.433333
3 0.791406 0.3875 0.807813 0.3875 0.807813 0.440278 0.791406 0.440278
2 0.8 0.329167 0.810156 0.341667 0.794531 0.383333 0.784375 0.370833
2 0.8125 0.329167 0.824219 0.340278 0.810156 0.388889 0.797656 0.376389
0 0.79375 0.315278 0.803906 0.325 0.773438 0.422222 0.763281 0.411111
2 0.786719 0.338889 0.760156 0.359722 0.755469 0.340278 0.782031 0.320833
2 0.747656 0.238889 0.758594 0.247222 0.747656 0.293056 0.736719 0.284722
0 0.71875 0.298611 0.642969 0.311111 0.642188 0.291667 0.717187 0.277778
0 0.755469 0.201389 0.7625 0.220833 0.714063 0.277778 0.707031 0.258333
3 0.711719 0.265278 0.697656 0.275 0.688281 0.234722 0.702344 0.223611
0 0.739062 0.181944 0.746094 0.201389 0.707812 0.245833 0.700781 0.226389
2 0.733594 0.205556 0.741406 0.225 0.717969 0.254167 0.710938 0.234722
3 0.704688 0.175 0.717187 0.190278 0.703906 0.222222 0.692187 0.208333
3 0.701562 0.123611 0.726562 0.123611 0.726562 0.154167 0.701562 0.154167
2 0.704688 0.140278 0.692969 0.155556 0.674219 0.109722 0.685156 0.0944444
3 0.657031 0.0722222 0.684375 0.0819444 0.68125 0.113889 0.653125 0.104167
3 0.657813 0.118056 0.684375 0.118056 0.684375 0.143056 0.657813 0.143056
2 0.644531 0.148611 0.678906 0.148611 0.678906 0.172222 0.644531 0.172222
3 0.583594 0.265278 0.608594 0.265278 0.608594 0.297222 0.583594 0.297222
2 0.56875 0.233333 0.580469 0.254167 0.563281 0.281944 0.552344 0.2625
0 0.525 0.0166667 0.538281 0.0291667 0.510938 0.116667 0.498437 0.104167
1 0.582031 0.180556 0.567969 0.205556 0.507812 0.101389 0.521875 0.0763889
0 0.590625 0.0347222 0.603125 0.0472222 0.576562 0.125 0.564844 0.1125
2 0.569531 0.0597222 0.58125 0.075 0.567187 0.109722 0.555469 0.0958333
2 0.578125 0.136111 0.569531 0.152778 0.551562 0.120833 0.560156 0.105556
2 0.564063 0.148611 0.55625 0.158333 0.541406 0.118056 0.549219 0.108333
2 0.579688 0.161111 0.571094 0.175 0.554688 0.141667 0.564063 0.127778
