2 0.14375 0.305556 0.161719 0.305556 0.161719 0.326389 0.14375 0.326389
2 0.175781 0.261111 0.205469 0.261111 0.205469 0.281944 0.175781 0.281944
2 0.184375 0.35 0.167187 0.352778 0.166406 0.334722 0.183594 0.331944
2 0.154688 0.355556 0.170313 0.355556 0.170313 0.370833 0.154688 0.370833
2 0.160938 0.366667 0.171094 0.366667 0.171094 0.402778 0.160938 0.402778
0 0.182031 0.368056 0.175781 0.376389 0.157812 0.336111 0.164062 0.326389
2 0.1875 0.365278 0.199219 0.365278 0.199219 0.402778 0.1875 0.402778
0 0.2125 0.4125 0.185156 0.422222 0.182812 0.404167 0.210938 0.394444
2 0.175781 0.4125 0.191406 0.423611 0.1875 0.440278 0.171875 0.429167
2 0.227344 0.380556 0.240625 0.383333 0.2375 0.434722 0.224219 0.433333
2 0.2125 0.440278 0.227344 0.468056 0.219531 0.481944 0.204687 0.454167
0 0.260937 0.294444 0.282813 0.309722 0.277344 0.331944 0.25625 0.316667
0 0.342969 0.279167 0.33125 0.281944 0.321094 0.173611 0.332813 0.170833
2 0.375 0.291667 0.348438 0.3 0.345313 0.273611 0.371875 0.263889
3 0.357812 0.180556 0.371875 0.184722 0.366406 0.226389 0.353125 0.222222
3 0.34375 0.184722 0.355469 0.184722 0.355469 0.233333 0.34375 0.233333
2 0.432031 0.241667 0.414062 0.245833 0.410156 0.166667 0.428125 0.1625
2 0.400781 0.334722 0.417969 0.334722 0.417969 0.413889 0.400781 0.413889
2 0.346094 0.245833 0.357031 0.254167 0.345313 0.302778 0.334375 0.293056
2 0.328906 0.308333 0.31875 0.327778 0.30625 0.304167 0.315625 0.286111
0 0.333594 0.286111 0.34375 0.294444 0.321875 0.376389 0.311719 0.368056
0 0.301563 0.370833 0.344531 0.370833 0.344531 0.390278 0.301563 0.390278
2 0.360156 0.477778 0.346875 0.486111 0.335938 0.419444 0.348438 0.411111
0 0.3625 0.445833 0.348438 0.45 0.333594 0.313889 0.347656 0.308333
0 0.354687 0.397222 0.371094 0.397222 0.371094 0.563889 0.354687 0.563889
2 0.374219 0.441667 0.397656 0.463889 0.389062 0.490278 0.366406 0.466667
1 0.353906 0.475 0.491406 0.475 0.491406 0.530556 0.353906 0.530556
1 0.450781 0.493056 0.535937 0.648611 0.517188 0.681944 0.432031 0.525
2 0.441406 0.631944 0.459375 0.631944 0.459375 0.718056 0.441406 0.718056
2 0.439063 0.788889 0.458594 0.788889 0.458594 0.8625 0.439063 0.8625
3 0.445312 0.851389 0.466406 0.851389 0.466406 0.944444 0.445312 0.944444
1 0.463281 0.661111 0.49375 0.661111 0.49375 0.930556 0.463281 0.930556
2 0.389062 0.572222 0.357812 0.595833 0.351562 0.570833 0.383594 0.547222
2 0.349219 0.563889 0.374219 0.609722 0.364844 0.627778 0.339062 0.580556
0 0.391406 0.661111 0.382031 0.677778 0.333594 0.593056 0.342969 0.576389
0 0.382812 0.673611 0.375 0.688889 0.326562 0.604167 0.334375 0.590278
2 0.274219 0.559722 0.283594 0.573611 0.264062 0.615278 0.254688 0.601389
2 0.295312 0.658333 0.305469 0.668056 0.294531 0.704167 0.284375 0.693056
1 0.417969 0.661111 0.288281 0.669444 0.2875 0.622222 0.417187 0.6125
2 0.353125 0.669444 0.367969 0.681944 0.355469 0.731944 0.340625 0.719444
0 0.344531 0.672222 0.353125 0.6875 0.321094 0.741667 0.3125 0.726389
2 0.328125 0.719444 0.342187 0.727778 0.332031 0.783333 0.317969 0.775
2 0.322656 0.744444 0.33125 0.758333 0.313281 0.797222 0.304688 0.783333
2 0.303906 0.719444 0.321875 0.731944 0.317188 0.755556 0.298438 0.741667
2 0.314844 0.770833 0.30625 0.781944 0.290625 0.740278 0.299219 0.730556
0 0.316406 0.798611 0.304688 0.809722 0.276562 0.718056 0.288281 0.706944
3 0.359375 0.768056 0.384375 0.768056 0.384375 0.815278 0.359375 0.815278
3 0.35625 0.863889 0.339844 0.879167 0.325 0.833333 0.342187 0.816667
2 0.358594 0.830556 0.374219 0.845833 0.355469 0.908333 0.339844 0.893056
3 0.385937 0.944444 0.365625 0.948611 0.361719 0.877778 0.382031 0.873611
2 0.278125 0.845833 0.264062 0.859722 0.250781 0.816667 0.264844 0.801389
3 0.228125 0.818056 0.245312 0.818056 0.245312 0.851389 0.228125 0.851389
3 0.226562 0.866667 0.253125 0.866667 0.253125 0.908333 0.226562 0.908333
3 0.246875 0.902778 0.267188 0.902778 0.267188 0.943056 0.246875 0.943056
2 0.220312 0.965278 0.2375 0.965278 0.2375 0.998611 0.220312 0.998611
