3 0.407813 0.6625 0.419531 0.6625 0.419531 0.693056 0.407813 0.693056
3 0.423438 0.665278 0.433594 0.665278 0.433594 0.7 0.423438 0.7
0 0.501563 0.580556 0.49375 0.586111 0.482812 0.543056 0.491406 0.536111
0 0.534375 0.558333 0.578906 0.575 0.576562 0.591667 0.532813 0.573611
2 0.484375 0.540278 0.479687 0.551389 0.466406 0.531944 0.471094 0.522222
2 0.504687 0.523611 0.498437 0.5375 0.485156 0.516667 0.490625 0.504167
2 0.528125 0.513889 0.534375 0.519444 0.526563 0.543056 0.520312 0.5375
3 0.542188 0.529167 0.560156 0.529167 0.560156 0.547222 0.542188 0.547222
3 0.567187 0.529167 0.577344 0.529167 0.577344 0.552778 0.567187 0.552778
3 0.511719 0.493056 0.522656 0.493056 0.522656 0.511111 0.511719 0.511111
1 0.603125 0.333333 0.613281 0.334722 0.610156 0.409722 0.599219 0.408333
0 0.415625 0.447222 0.384375 0.465278 0.38125 0.451389 0.413281 0.433333
3 0.464844 0.480556 0.451562 0.488889 0.447656 0.472222 0.461719 0.463889
2 0.448437 0.451389 0.4625 0.465278 0.459375 0.473611 0.446094 0.461111
2 0.429688 0.426389 0.440625 0.430556 0.439844 0.440278 0.428906 0.436111
2 0.435156 0.419444 0.448437 0.429167 0.446875 0.438889 0.432812 0.427778
2 0.476562 0.359722 0.490625 0.359722 0.490625 0.375 0.476562 0.375
2 0.455469 0.388889 0.473438 0.388889 0.473438 0.401389 0.455469 0.401389
0 0.505469 0.394444 0.477344 0.4 0.476562 0.391667 0.505469 0.386111
2 0.4625 0.423611 0.473438 0.423611 0.473438 0.433333 0.4625 0.433333
2 0.49375 0.422222 0.510156 0.422222 0.510156 0.433333 0.49375 0.433333
0 0.492188 0.431944 0.517969 0.459722 0.514062 0.472222 0.488281 0.444444
0 0.517188 0.436111 0.485938 0.448611 0.484375 0.436111 0.515625 0.425
2 0.55625 0.4125 0.54375 0.416667 0.542188 0.404167 0.555469 0.398611
0 0.546094 0.376389 0.550781 0.379167 0.54375 0.405556 0.539844 0.402778
2 0.538281 0.419444 0.552344 0.419444 0.552344 0.429167 0.538281 0.429167
2 0.535156 0.416667 0.540625 0.429167 0.535156 0.4375 0.529687 0.425
2 0.526563 0.4125 0.538281 0.4125 0.538281 0.423611 0.526563 0.423611
2 0.476562 0.415278 0.488281 0.415278 0.488281 0.423611 0.476562 0.423611
0 0.514844 0.397222 0.542969 0.415278 0.541406 0.423611 0.513281 0.405556
2 0.525781 0.398611 0.538281 0.398611 0.538281 0.411111 0.525781 0.411111
2 0.560156 0.415278 0.575781 0.415278 0.575781 0.427778 0.560156 0.427778
1 0.558594 0.425 0.604688 0.425 0.604688 0.443056 0.558594 0.443056
0 0.55625 0.438889 0.596094 0.438889 0.596094 0.45 0.55625 0.45
2 0.572656 0.454167 0.569531 0.461111 0.555469 0.445833 0.558594 0.4375
2 0.549219 0.443056 0.564844 0.448611 0.563281 0.459722 0.548438 0.454167
1 0.58125 0.409722 0.591406 0.409722 0.591406 0.484722 0.58125 0.484722
1 0.603125 0.469444 0.555469 0.473611 0.554688 0.456944 0.603125 0.452778
2 0.607031 0.472222 0.589063 0.477778 0.5875 0.463889 0.605469 0.458333
3 0.521094 0.466667 0.536719 0.475 0.533594 0.493056 0.51875 0.484722
0 0.539844 0.463889 0.567187 0.490278 0.564063 0.5 0.536719 0.473611
3 0.535937 0.456944 0.540625 0.463889 0.532813 0.476389 0.528906 0.469444
0 0.614062 0.479167 0.653906 0.4875 0.653125 0.498611 0.613281 0.491667
2 0.628125 0.472222 0.642969 0.472222 0.642969 0.4875 0.628125 0.4875
3 0.614062 0.470833 0.628125 0.470833 0.628125 0.484722 0.614062 0.484722
2 0.634375 0.5125 0.619531 0.526389 0.616406 0.513889 0.63125 0.5
0 0.635938 0.495833 0.605469 0.515278 0.603906 0.505556 0.633594 0.4875
2 0.600781 0.490278 0.617969 0.490278 0.617969 0.502778 0.600781 0.502778
3 0.603125 0.477778 0.614062 0.477778 0.614062 0.493056 0.603125 0.493056
2 0.579688 0.481944 0.59375 0.495833 0.591406 0.504167 0.577344 0.490278
2 0.522656 0.444444 0.529687 0.451389 0.523438 0.470833 0.516406 0.465278
0 0.550781 0.448611 0.523438 0.475 0.520312 0.463889 0.546875 0.438889
