3 0.0796875 0.681944 0.0242188 0.702778 0.01875 0.655556 0.0742188 0.636111
2 0.383594 0.529167 0.402344 0.543056 0.384375 0.619444 0.365625 0.605556
2 0.442969 0.672222 0.4625 0.676389 0.457813 0.763889 0.4375 0.759722
1 0.521875 0.523611 0.49375 0.538889 0.460156 0.343056 0.488281 0.327778
2 0.752344 0.648611 0.738281 0.673611 0.707812 0.620833 0.721094 0.594444
2 0.811719 0.759722 0.851562 0.790278 0.844531 0.820833 0.804688 0.790278
2 0.586719 0.956944 0.564844 0.973611 0.544531 0.886111 0.565625 0.869444
2 0.605469 0.8625 0.622656 0.883333 0.596094 0.952778 0.578125 0.931944
3 0.665625 0.926389 0.630469 0.969444 0.617188 0.933333 0.652344 0.890278
0 0.590625 0.956944 0.65 0.956944 0.65 0.990278 0.590625 0.990278
2 0.065625 0.266667 0.0867187 0.272222 0.078125 0.361111 0.0570312 0.355556
3 0.09375 0.193056 0.138281 0.193056 0.138281 0.234722 0.09375 0.234722
2 0.2625 0.225 0.222656 0.265278 0.213281 0.2375 0.253125 0.195833
0 0.230469 0.243056 0.333594 0.261111 0.33125 0.295833 0.228906 0.277778
0 0.374219 0.161111 0.3875 0.180556 0.339844 0.280556 0.326562 0.261111
2 0.0617188 0.122222 0.113281 0.122222 0.113281 0.156944 0.0617188 0.156944
0 0.0078125 0.173611 0.107813 0.229167 0.102344 0.259722 0.00234375 0.205556
2 0.367188 0.191667 0.347656 0.215278 0.325781 0.156944 0.345313 0.133333
0 0.23125 0.0805556 0.334375 0.111111 0.33125 0.143056 0.228125 0.1125
0 0.226562 0.0625 0.326562 0.0722222 0.325781 0.104167 0.225781 0.0944444
1 0.349219 0.00416667 0.372656 0.00416667 0.372656 0.172222 0.349219 0.172222
3 0.374219 0.00694444 0.392188 0.00694444 0.392188 0.0583333 0.374219 0.0583333
2 0.476562 0.0208333 0.489063 0.0333333 0.471875 0.0861111 0.460156 0.075
2 0.50625 0.0347222 0.536719 0.0708333 0.525781 0.0972222 0.495312 0.0611111
2 0.525 0.0638889 0.508594 0.0694444 0.501563 0.00555556 0.517969 0
3 0.548438 0.0305556 0.571875 0.0305556 0.571875 0.0875 0.548438 0.0875
2 0.453906 0.00277778 0.467969 0.00972222 0.457031 0.0722222 0.442969 0.0652778
2 0.742969 0.0861111 0.760156 0.0861111 0.760156 0.143056 0.742969 0.143056
2 0.766406 0.0847222 0.792969 0.104167 0.786719 0.129167 0.760156 0.109722
3 0.801562 0.101389 0.824219 0.123611 0.81875 0.143056 0.795312 0.120833
2 0.767188 0.0541667 0.75625 0.0569444 0.750781 0.0138889 0.7625 0.00972222
3 0.796875 0.0305556 0.807813 0.0444444 0.79375 0.0819444 0.782813 0.0680556
0 0.727344 0.00277778 0.780469 0.0819444 0.774219 0.0958333 0.721094 0.0166667
