2 0.248438 0.195833 0.266406 0.198611 0.2625 0.270833 0.244531 0.268056
3 0.347656 0.193056 0.315625 0.225 0.303906 0.186111 0.335938 0.155556
3 0.340625 0.4125 0.379688 0.4125 0.379688 0.451389 0.340625 0.451389
3 0.347656 0.475 0.313281 0.480556 0.310937 0.443056 0.345313 0.4375
2 0.340625 0.461111 0.360156 0.461111 0.360156 0.5375 0.340625 0.5375
2 0.3 0.634722 0.278125 0.65 0.259375 0.572222 0.28125 0.556944
2 0.382812 0.669444 0.338281 0.693056 0.33125 0.65 0.375 0.626389
0 0.391406 0.570833 0.410156 0.577778 0.389844 0.754167 0.371094 0.747222
2 0.421875 0.230556 0.440625 0.230556 0.440625 0.309722 0.421875 0.309722
3 0.4375 0.169444 0.459375 0.169444 0.459375 0.2375 0.4375 0.2375
3 0.427344 0.115278 0.45 0.115278 0.45 0.172222 0.427344 0.172222
3 0.429688 0.201389 0.413281 0.206944 0.407031 0.15 0.423438 0.144444
3 0.438281 0.0263889 0.464844 0.0583333 0.453125 0.0902778 0.425781 0.0569444
3 0.517188 0.0388889 0.486719 0.075 0.475 0.0430556 0.504687 0.00694444
2 0.558594 0.0527778 0.572656 0.0694444 0.547656 0.134722 0.533594 0.116667
2 0.588281 0 0.629687 0 0.629687 0.0333333 0.588281 0.0333333
2 0.527344 0.601389 0.508594 0.627778 0.478125 0.5625 0.496094 0.536111
0 0.578125 0.727778 0.557813 0.744444 0.511719 0.551389 0.532813 0.534722
3 0.5875 0.604167 0.564063 0.608333 0.559375 0.533333 0.582812 0.529167
2 0.666406 0.759722 0.640625 0.779167 0.619531 0.688889 0.644531 0.669444
1 0.649219 0.4625 0.682813 0.4625 0.682813 0.718056 0.649219 0.718056
1 0.707031 0.390278 0.742969 0.406944 0.707031 0.652778 0.671875 0.636111
0 0.467969 0.658333 0.488281 0.677778 0.428906 0.870833 0.408594 0.851389
3 0.392969 0.877778 0.370312 0.9 0.346875 0.823611 0.369531 0.801389
2 0.610156 0.851389 0.632812 0.879167 0.599219 0.968056 0.575781 0.938889
2 0.732812 0.8375 0.746875 0.876389 0.697656 0.931944 0.683594 0.893056
2 0.665625 0.952778 0.610938 0.994444 0.601562 0.952778 0.65625 0.9125
3 0.427344 0.188889 0.439844 0.208333 0.414844 0.261111 0.403125 0.241667
