3 0.372656 0.115278 0.392969 0.145833 0.367969 0.197222 0.348438 0.168056
0 0.4125 0.254167 0.386719 0.255556 0.384375 0.0875 0.410156 0.0861111
0 0.501563 0.326389 0.48125 0.355556 0.399219 0.181944 0.41875 0.152778
2 0.492969 0.301389 0.478125 0.319444 0.446094 0.233333 0.460156 0.216667
0 0.476562 0.340278 0.460156 0.358333 0.403906 0.206944 0.420312 0.1875
2 0.451562 0.358333 0.432031 0.377778 0.407031 0.3 0.425781 0.280556
0 0.335938 0.320833 0.429688 0.361111 0.425 0.391667 0.332031 0.351389
0 0.35625 0.365278 0.428125 0.381944 0.425781 0.415278 0.353906 0.397222
0 0.360938 0.388889 0.442969 0.418056 0.439063 0.445833 0.357812 0.416667
3 0.460938 0.454167 0.498437 0.454167 0.498437 0.479167 0.460938 0.479167
0 0.433594 0.440278 0.521875 0.488889 0.517188 0.5125 0.428906 0.465278
0 0.428125 0.452778 0.514844 0.504167 0.510938 0.526389 0.423438 0.473611
0 0.389844 0.436111 0.471875 0.477778 0.46875 0.501389 0.385937 0.459722
1 0.433594 0.504167 0.510938 0.579167 0.5 0.613889 0.422656 0.540278
1 0.68125 0.355556 0.654687 0.415278 0.514844 0.216667 0.541406 0.158333
1 0.582031 0.295833 0.7125 0.472222 0.692969 0.518056 0.5625 0.341667
3 0.570312 0.369444 0.549219 0.386111 0.532813 0.316667 0.553906 0.301389
0 0.584375 0.438889 0.566406 0.459722 0.501563 0.290278 0.519531 0.268056
0 0.486719 0.388889 0.575781 0.4625 0.567969 0.493056 0.478906 0.418056
0 0.713281 0.516667 0.704688 0.540278 0.60625 0.426389 0.614844 0.402778
0 0.607031 0.426389 0.710938 0.527778 0.701562 0.556944 0.598437 0.455556
0 0.60625 0.45 0.705469 0.561111 0.697656 0.584722 0.597656 0.473611
2 0.59375 0.413889 0.613281 0.433333 0.596094 0.488889 0.576562 0.470833
1 0.714063 0.670833 0.692187 0.695833 0.626563 0.525 0.647656 0.498611
2 0.655469 0.613889 0.671875 0.613889 0.671875 0.663889 0.655469 0.663889
3 0.626563 0.558333 0.646875 0.558333 0.646875 0.606944 0.626563 0.606944
3 0.602344 0.559722 0.640625 0.588889 0.633594 0.615278 0.596094 0.5875
2 0.541406 0.505556 0.575 0.505556 0.575 0.536111 0.541406 0.536111
2 0.575781 0.558333 0.536719 0.5625 0.535937 0.533333 0.575 0.529167
0 0.599219 0.568056 0.53125 0.586111 0.528906 0.555556 0.596875 0.538889
0 0.583594 0.611111 0.683594 0.647222 0.679688 0.677778 0.580469 0.641667
0 0.720313 0.615278 0.710938 0.631944 0.674219 0.568056 0.683594 0.551389
