3 0.448437 0.272222 0.465625 0.304167 0.440625 0.345833 0.423438 0.313889
0 0.463281 0.247222 0.485938 0.252778 0.475 0.4 0.452344 0.394444
0 0.539062 0.477778 0.521094 0.498611 0.469531 0.363889 0.486719 0.341667
0 0.553125 0.470833 0.535937 0.493056 0.469531 0.333333 0.485938 0.311111
2 0.55625 0.444444 0.541406 0.461111 0.5125 0.386111 0.527344 0.368056
2 0.511719 0.490278 0.492188 0.509722 0.467969 0.430556 0.4875 0.411111
2 0.607031 0.173611 0.626563 0.208333 0.5875 0.276389 0.56875 0.240278
0 0.39375 0.433333 0.485156 0.483333 0.479687 0.5125 0.389062 0.461111
0 0.407813 0.476389 0.479687 0.502778 0.476562 0.530556 0.404687 0.504167
0 0.411719 0.498611 0.488281 0.533333 0.485156 0.555556 0.408594 0.520833
0 0.4375 0.534722 0.521094 0.580556 0.515625 0.609722 0.432812 0.5625
0 0.477344 0.559722 0.5625 0.616667 0.557813 0.638889 0.472656 0.580556
0 0.480469 0.552778 0.567187 0.605556 0.5625 0.629167 0.476562 0.576389
3 0.513281 0.558333 0.546875 0.577778 0.542188 0.605556 0.507812 0.586111
0 0.542969 0.509722 0.620313 0.586111 0.610938 0.618056 0.532813 0.541667
1 0.497656 0.616667 0.553906 0.677778 0.540625 0.716667 0.484375 0.654167
2 0.580469 0.647222 0.621094 0.647222 0.621094 0.676389 0.580469 0.676389
2 0.589063 0.618056 0.616406 0.626389 0.614062 0.656944 0.586719 0.648611
0 0.646094 0.690278 0.573438 0.695833 0.571875 0.666667 0.645312 0.661111
2 0.721094 0.776389 0.704688 0.786111 0.696875 0.738889 0.713281 0.729167
3 0.647656 0.680556 0.6875 0.709722 0.680469 0.7375 0.641406 0.706944
3 0.698438 0.726389 0.679688 0.736111 0.671875 0.688889 0.690625 0.679167
2 0.678906 0.680556 0.665625 0.697222 0.639844 0.627778 0.652344 0.6125
2 0.653125 0.552778 0.666406 0.572222 0.642188 0.625 0.628906 0.605556
0 0.671094 0.55 0.765625 0.663889 0.755469 0.690278 0.661719 0.575
0 0.663281 0.568056 0.758594 0.675 0.749219 0.7 0.654687 0.594444
0 0.657813 0.588889 0.75625 0.698611 0.747656 0.723611 0.649219 0.6125
0 0.810937 0.809722 0.791406 0.829167 0.750781 0.697222 0.771094 0.677778
1 0.757812 0.794444 0.734375 0.823611 0.672656 0.6625 0.696094 0.633333
0 0.625781 0.718056 0.725781 0.772222 0.721094 0.798611 0.621094 0.744444
1 0.765625 0.627778 0.745313 0.672222 0.624219 0.501389 0.64375 0.456944
1 0.7375 0.530556 0.711719 0.583333 0.586719 0.390278 0.611719 0.338889
0 0.640625 0.570833 0.624219 0.591667 0.567187 0.438889 0.583594 0.419444
3 0.633594 0.525 0.610156 0.5375 0.596094 0.456944 0.619531 0.443056
