2 0.0859375 0.776389 0.0648438 0.802778 0.0359375 0.729167 0.0578125 0.702778
3 0.125781 0.625 0.157031 0.625 0.157031 0.708333 0.125781 0.708333
3 0.147656 0.744444 0.172656 0.744444 0.172656 0.838889 0.147656 0.838889
2 0.16875 0.706944 0.210156 0.738889 0.200781 0.777778 0.159375 0.745833
2 0.230469 0.790278 0.177344 0.811111 0.172656 0.768056 0.225 0.747222
3 0.215625 0.833333 0.170313 0.848611 0.164844 0.802778 0.210156 0.786111
2 0.223438 0.897222 0.169531 0.916667 0.164844 0.877778 0.219531 0.858333
3 0.217969 0.4125 0.19375 0.430556 0.180469 0.373611 0.204687 0.355556
3 0.1875 0.333333 0.199219 0.351389 0.167969 0.416667 0.15625 0.398611
2 0.149219 0.144444 0.192188 0.144444 0.192188 0.181944 0.149219 0.181944
0 0.240625 0.145833 0.304688 0.241667 0.29375 0.263889 0.229687 0.168056
2 0.292187 0.1875 0.279687 0.205556 0.252344 0.148611 0.265625 0.129167
1 0.310156 0.209722 0.2875 0.227778 0.249219 0.0666667 0.271875 0.05
3 0.307031 0.186111 0.326562 0.195833 0.314844 0.261111 0.296094 0.251389
3 0.339844 0.191667 0.363281 0.2 0.354687 0.270833 0.332031 0.2625
3 0.298438 0.148611 0.328906 0.166667 0.323437 0.2 0.292969 0.183333
2 0.294531 0.0180556 0.328906 0.0513889 0.319531 0.0805556 0.285156 0.0472222
0 0.335156 0.0305556 0.405469 0.0986111 0.396094 0.130556 0.325781 0.0611111
2 0.365625 0.0361111 0.413281 0.0361111 0.413281 0.0777778 0.365625 0.0777778
2 0.460156 0.154167 0.446875 0.179167 0.414844 0.123611 0.428125 0.0986111
3 0.434375 0.283333 0.46875 0.325 0.457031 0.355556 0.422656 0.3125
3 0.442969 0.347222 0.482812 0.377778 0.474219 0.413889 0.434375 0.383333
2 0.474219 0.418056 0.49375 0.422222 0.488281 0.515278 0.46875 0.5125
2 0.585938 0.441667 0.563281 0.459722 0.541406 0.369444 0.564844 0.352778
2 0.539844 0.308333 0.561719 0.325 0.539062 0.419444 0.517969 0.404167
0 0.635156 0.0291667 0.659375 0.0513889 0.607031 0.223611 0.582812 0.2
3 0.694531 0.0805556 0.744531 0.0805556 0.744531 0.129167 0.694531 0.129167
3 0.764062 0.144444 0.785937 0.156944 0.771875 0.238889 0.75 0.226389
2 0.824219 0.247222 0.763281 0.268056 0.758594 0.225 0.819531 0.202778
2 0.769531 0.322222 0.795312 0.322222 0.795312 0.419444 0.769531 0.419444
2 0.753906 0.579167 0.729688 0.604167 0.698438 0.502778 0.722656 0.477778
0 0.740625 0.602778 0.763281 0.630556 0.686719 0.829167 0.664844 0.801389
2 0.81875 0.802778 0.839063 0.838889 0.786719 0.929167 0.767188 0.891667
0 0.913281 0.680556 0.796875 0.855556 0.773438 0.806944 0.889844 0.631944
2 0.965625 0.65 0.996875 0.65 0.996875 0.766667 0.965625 0.766667
0 0.8375 0.513889 0.980469 0.6875 0.9625 0.733333 0.819531 0.559722
0 0.735938 0.361111 0.867188 0.515278 0.852344 0.555556 0.721094 0.401389
3 0.920312 0.398611 0.957031 0.398611 0.957031 0.5125 0.920312 0.5125
