3 0.405469 0.845833 0.428125 0.845833 0.428125 0.920833 0.405469 0.920833
2 0.559375 0.791667 0.544531 0.795833 0.535937 0.719444 0.550781 0.715278
0 0.689844 0.640278 0.607812 0.675 0.604688 0.648611 0.685937 0.613889
0 0.701562 0.716667 0.690625 0.726389 0.655469 0.588889 0.666406 0.579167
2 0.69375 0.726389 0.68125 0.736111 0.664844 0.668056 0.678125 0.658333
3 0.671094 0.738889 0.650781 0.741667 0.647656 0.681944 0.667969 0.677778
0 0.728906 0.605556 0.739844 0.619444 0.703125 0.715278 0.692187 0.701389
2 0.703906 0.798611 0.739062 0.851389 0.727344 0.876389 0.692187 0.823611
2 0.705469 0.752778 0.735938 0.776389 0.729688 0.801389 0.699219 0.779167
3 0.724219 0.791667 0.752344 0.791667 0.752344 0.820833 0.724219 0.820833
2 0.759375 0.797222 0.76875 0.818056 0.74375 0.854167 0.734375 0.833333
2 0.767188 0.783333 0.785156 0.790278 0.777344 0.855556 0.759375 0.848611
0 0.694531 0.719444 0.765625 0.7875 0.759375 0.808333 0.688281 0.738889
2 0.650781 0.468056 0.638281 0.479167 0.621094 0.423611 0.633594 0.4125
1 0.660156 0.291667 0.680469 0.294444 0.672656 0.433333 0.652344 0.429167
2 0.676562 0.2375 0.689063 0.2375 0.689063 0.293056 0.676562 0.293056
2 0.744531 0.211111 0.732812 0.222222 0.71875 0.176389 0.73125 0.165278
2 0.739844 0.190278 0.750781 0.190278 0.750781 0.238889 0.739844 0.238889
2 0.75 0.213889 0.759375 0.213889 0.759375 0.2625 0.75 0.2625
2 0.847656 0.2375 0.859375 0.2375 0.859375 0.283333 0.847656 0.283333
3 0.796875 0.395833 0.824219 0.4 0.822656 0.423611 0.796094 0.419444
3 0.821875 0.405556 0.841406 0.405556 0.841406 0.448611 0.821875 0.448611
3 0.792188 0.304167 0.807813 0.304167 0.807813 0.345833 0.792188 0.345833
3 0.811719 0.301389 0.828906 0.318056 0.821094 0.340278 0.804688 0.325
2 0.823438 0.359722 0.847656 0.359722 0.847656 0.379167 0.823438 0.379167
1 0.888281 0.486111 0.870313 0.497222 0.846094 0.365278 0.864844 0.354167
0 0.870313 0.355556 0.921875 0.373611 0.91875 0.395833 0.867188 0.377778
0 0.928125 0.405556 0.884375 0.4125 0.883594 0.391667 0.927344 0.383333
3 0.917969 0.431944 0.942187 0.431944 0.942187 0.456944 0.917969 0.456944
0 0.959375 0.490278 0.96875 0.505556 0.941406 0.563889 0.93125 0.548611
2 0.832812 0.731944 0.824219 0.747222 0.797656 0.7 0.805469 0.684722
3 0.819531 0.788889 0.801562 0.793056 0.798438 0.7375 0.816406 0.733333
2 0.828125 0.754167 0.840625 0.761111 0.830469 0.815278 0.81875 0.809722
2 0.86875 0.841667 0.8375 0.843056 0.836719 0.816667 0.867969 0.815278
3 0.807031 0.825 0.835938 0.825 0.835938 0.85 0.807031 0.85
3 0.809375 0.845833 0.839844 0.861111 0.835938 0.886111 0.805469 0.870833
0 0.904687 0.845833 0.84375 0.863889 0.841406 0.8375 0.902344 0.819444
2 0.808594 0.869444 0.842187 0.894444 0.836719 0.915278 0.803125 0.890278
2 0.835938 0.876389 0.865625 0.876389 0.865625 0.901389 0.835938 0.901389
2 0.874219 0.933333 0.859375 0.943056 0.84375 0.877778 0.858594 0.866667
3 0.813281 0.901389 0.847656 0.913889 0.844531 0.947222 0.809375 0.934722
2 0.871875 0.941667 0.905469 0.961111 0.9 0.991667 0.866406 0.972222
0 0.928125 0.888889 0.9375 0.915278 0.891406 0.968056 0.882031 0.941667
0 0.86875 0.922222 0.875781 0.944444 0.825 0.995833 0.817187 0.972222
2 0.982812 0.818056 0.997656 0.829167 0.985156 0.880556 0.970313 0.868056
3 0.917188 0.766667 0.945312 0.766667 0.945312 0.797222 0.917188 0.797222
2 0.969531 0.918056 0.959375 0.930556 0.9375 0.872222 0.948438 0.859722
2 0.964063 0.934722 0.953125 0.945833 0.936719 0.893056 0.947656 0.881944
3 0.935937 0.930556 0.964844 0.947222 0.958594 0.980556 0.929688 0.965278
