1 0.14375 0.202778 0.229687 0.223611 0.226562 0.258333 0.140625 0.2375
3 0.322656 0.247222 0.34375 0.251389 0.339844 0.311111 0.31875 0.308333
3 0.339844 0.205556 0.322656 0.222222 0.307031 0.169444 0.324219 0.152778
2 0.378906 0.218056 0.367188 0.230556 0.347656 0.180556 0.359375 0.166667
3 0.328125 0.0513889 0.350781 0.0513889 0.350781 0.113889 0.328125 0.113889
2 0.403906 0.170833 0.422656 0.181944 0.410938 0.252778 0.391406 0.241667
2 0.396875 0.3625 0.380469 0.372222 0.36875 0.304167 0.385156 0.294444
2 0.357812 0.286111 0.370312 0.302778 0.348438 0.358333 0.335156 0.340278
3 0.279687 0.579167 0.302344 0.579167 0.302344 0.631944 0.279687 0.631944
2 0.321875 0.493056 0.352344 0.497222 0.351562 0.518056 0.321094 0.513889
2 0.330469 0.472222 0.360156 0.483333 0.357031 0.509722 0.327344 0.498611
2 0.33125 0.440278 0.3625 0.463889 0.357031 0.4875 0.325781 0.463889
2 0.314844 0.463889 0.33125 0.463889 0.33125 0.488889 0.314844 0.488889
3 0.225781 0.820833 0.246875 0.820833 0.246875 0.85 0.225781 0.85
3 0.246094 0.893056 0.264844 0.893056 0.264844 0.933333 0.246094 0.933333
3 0.358594 0.829167 0.378906 0.829167 0.378906 0.870833 0.358594 0.870833
3 0.375 0.840278 0.388281 0.840278 0.388281 0.913889 0.375 0.913889
2 0.3875 0.848611 0.404687 0.848611 0.404687 0.922222 0.3875 0.922222
2 0.358594 0.954167 0.390625 0.954167 0.390625 0.993056 0.358594 0.993056
3 0.297656 0.968056 0.324219 0.968056 0.324219 0.997222 0.297656 0.997222
2 0.219531 0.965278 0.241406 0.965278 0.241406 0.998611 0.219531 0.998611
2 0.225781 0.376389 0.236719 0.376389 0.236719 0.433333 0.225781 0.433333
2 0.228125 0.468056 0.21875 0.480556 0.203906 0.45 0.213281 0.436111
0 0.19375 0.330556 0.217188 0.365278 0.208594 0.381944 0.185156 0.347222
2 0.175781 0.411111 0.192969 0.425 0.189062 0.4375 0.171875 0.425
2 0.160156 0.3625 0.173437 0.3625 0.173437 0.406944 0.160156 0.406944
2 0.151562 0.345833 0.171875 0.345833 0.171875 0.366667 0.151562 0.366667
2 0.169531 0.304167 0.175781 0.333333 0.167187 0.338889 0.160156 0.309722
0 0.149219 0.313889 0.167187 0.323611 0.164844 0.336111 0.146875 0.326389
2 0.191406 0.304167 0.180469 0.313889 0.172656 0.2875 0.182812 0.277778
2 0.18125 0.2625 0.20625 0.2625 0.20625 0.281944 0.18125 0.281944
0 0.230469 0.0972222 0.2625 0.108333 0.260156 0.129167 0.228125 0.116667
2 0.161719 0.116667 0.171094 0.116667 0.171094 0.154167 0.161719 0.154167
2 0.141406 0.15 0.152344 0.15 0.152344 0.186111 0.141406 0.186111
0 0.16875 0.206944 0.179688 0.206944 0.179688 0.283333 0.16875 0.283333
2 0.160156 0.25 0.171094 0.25 0.171094 0.277778 0.160156 0.277778
2 0.167187 0.179167 0.175781 0.1875 0.166406 0.218056 0.157812 0.209722
2 0.176563 0.175 0.170313 0.181944 0.1625 0.155556 0.16875 0.15
3 0.15625 0.152778 0.167187 0.152778 0.167187 0.179167 0.15625 0.179167
0 0.178906 0.0486111 0.191406 0.0486111 0.191406 0.144444 0.178906 0.144444
0 0.153906 0.0847222 0.171094 0.0847222 0.171094 0.102778 0.153906 0.102778
2 0.172656 0.104167 0.182812 0.104167 0.182812 0.141667 0.172656 0.141667
