3 0.416406 0.209722 0.428906 0.225 0.421875 0.241667 0.409375 0.226389
2 0.345313 0.168056 0.355469 0.169444 0.353125 0.205556 0.342969 0.204167
2 0.3625 0.244444 0.354687 0.251389 0.344531 0.219444 0.353125 0.211111
2 0.35625 0.270833 0.365625 0.270833 0.365625 0.294444 0.35625 0.294444
2 0.332813 0.179167 0.345313 0.179167 0.345313 0.191667 0.332813 0.191667
3 0.332813 0.1625 0.346094 0.1625 0.346094 0.180556 0.332813 0.180556
2 0.324219 0.208333 0.341406 0.208333 0.341406 0.220833 0.324219 0.220833
3 0.338281 0.240278 0.352344 0.240278 0.352344 0.258333 0.338281 0.258333
2 0.363281 0.269444 0.357812 0.280556 0.346094 0.261111 0.351562 0.25
0 0.372656 0.368056 0.366406 0.375 0.347656 0.326389 0.353906 0.319444
0 0.371094 0.347222 0.361719 0.354167 0.347656 0.293056 0.35625 0.286111
2 0.353906 0.326389 0.3375 0.330556 0.336719 0.319444 0.353125 0.313889
2 0.273438 0.351389 0.284375 0.351389 0.284375 0.373611 0.273438 0.373611
1 0.367969 0.411111 0.360156 0.426389 0.3375 0.388889 0.345313 0.375
0 0.322656 0.398611 0.332813 0.402778 0.326562 0.451389 0.317188 0.448611
2 0.328906 0.425 0.345313 0.425 0.345313 0.4375 0.328906 0.4375
3 0.340625 0.547222 0.329688 0.551389 0.325781 0.520833 0.3375 0.516667
2 0.547656 0.545833 0.559375 0.559722 0.542969 0.601389 0.532031 0.5875
0 0.56875 0.525 0.578125 0.5375 0.54375 0.626389 0.534375 0.613889
0 0.557813 0.577778 0.56875 0.590278 0.539844 0.677778 0.528125 0.665278
2 0.507031 0.631944 0.516406 0.643056 0.500781 0.684722 0.491406 0.672222
3 0.524219 0.630556 0.535937 0.640278 0.525 0.686111 0.513281 0.676389
3 0.525781 0.669444 0.536719 0.679167 0.524219 0.723611 0.514062 0.713889
3 0.55 0.684722 0.541406 0.726389 0.525 0.716667 0.533594 0.675
2 0.339062 0.669444 0.321094 0.6875 0.316406 0.672222 0.335156 0.655556
2 0.442969 0.395833 0.451562 0.401389 0.442969 0.4375 0.434375 0.431944
0 0.442188 0.491667 0.435156 0.506944 0.414844 0.476389 0.421094 0.4625
0 0.454688 0.434722 0.422656 0.475 0.416406 0.459722 0.449219 0.419444
