0 0.539062 0.116667 0.667969 0.254167 0.653906 0.295833 0.525 0.158333
0 0.529687 0.193056 0.652344 0.293056 0.641406 0.334722 0.51875 0.234722
0 0.514844 0.225 0.63125 0.331944 0.619531 0.373611 0.502344 0.268056
0 0.521094 0.313889 0.640625 0.436111 0.628906 0.473611 0.509375 0.351389
0 0.586719 0.368056 0.70625 0.504167 0.695312 0.534722 0.575781 0.398611
0 0.596875 0.361111 0.726562 0.4875 0.716406 0.519444 0.586719 0.393056
1 0.6125 0.595833 0.585156 0.634722 0.49375 0.430556 0.521875 0.391667
0 0.661719 0.579167 0.805469 0.605556 0.803125 0.65 0.659375 0.625
2 0.7125 0.558333 0.778125 0.569444 0.775 0.620833 0.709375 0.609722
2 0.75625 0.523611 0.81875 0.569444 0.807813 0.615278 0.745313 0.568056
3 0.660937 0.390278 0.715625 0.443056 0.703906 0.481944 0.649219 0.429167
0 0.804688 0.548611 0.789062 0.575 0.705469 0.4125 0.721094 0.386111
0 0.713281 0.669444 0.836719 0.772222 0.825 0.815278 0.701562 0.7125
2 0.85 0.711111 0.867188 0.748611 0.827344 0.804167 0.810937 0.766667
3 0.799219 0.626389 0.838281 0.698611 0.81875 0.733333 0.778906 0.661111
3 0.855469 0.636111 0.882031 0.661111 0.860938 0.729167 0.834375 0.702778
3 0.871875 0.55 0.898438 0.559722 0.886719 0.659722 0.860156 0.65
2 0.848437 0.544444 0.875 0.554167 0.863281 0.659722 0.836719 0.65
1 0.89375 0.590278 0.930469 0.616667 0.878125 0.85 0.841406 0.823611
0 0.855469 0.543056 0.828906 0.575 0.75 0.369444 0.776563 0.3375
2 0.725781 0.141667 0.761719 0.161111 0.738281 0.294444 0.702344 0.275
0 0.970313 0.6875 0.996875 0.713889 0.948438 0.870833 0.921875 0.844444
2 0.948438 0.511111 0.879687 0.5625 0.867969 0.5125 0.936719 0.459722
0 0.960156 0.713889 0.934375 0.725 0.907031 0.520833 0.932031 0.509722
0 0.994531 0.672222 0.966406 0.688889 0.93125 0.509722 0.958594 0.493056
0 0.971094 0.465278 0.996875 0.465278 0.996875 0.666667 0.971094 0.666667
2 0.883594 0.104167 0.919531 0.130556 0.8875 0.263889 0.852344 0.2375
0 0.859375 0.00277778 0.890625 0.0208333 0.841406 0.305556 0.809375 0.2875
0 0.835156 0.00555556 0.865625 0.025 0.809375 0.3 0.778906 0.280556
0 0.934375 0.231944 0.960156 0.251389 0.897656 0.506944 0.871875 0.4875
3 0.955469 0.284722 0.984375 0.319444 0.940625 0.431944 0.911719 0.397222
