0 0.51875 0.279167 0.460156 0.288889 0.458594 0.255556 0.517188 0.247222
3 0.6375 0.169444 0.660937 0.169444 0.660937 0.251389 0.6375 0.251389
0 0.617969 0.265278 0.711719 0.363889 0.702344 0.393056 0.607812 0.294444
3 0.753906 0.344444 0.721875 0.35 0.720313 0.319444 0.752344 0.313889
3 0.764062 0.368056 0.721094 0.391667 0.714844 0.355556 0.757812 0.331944
3 0.722656 0.3875 0.771094 0.395833 0.769531 0.427778 0.721094 0.419444
0 0.6875 0.398611 0.586719 0.405556 0.585938 0.379167 0.686719 0.372222
0 0.586719 0.423611 0.682031 0.458333 0.678906 0.483333 0.584375 0.448611
2 0.657813 0.408333 0.674219 0.408333 0.674219 0.4625 0.657813 0.4625
0 0.689063 0.397222 0.80625 0.433333 0.803906 0.458333 0.686719 0.422222
2 0.714063 0.4125 0.755469 0.436111 0.750781 0.465278 0.708594 0.441667
2 0.775781 0.4375 0.825781 0.455556 0.822656 0.484722 0.772656 0.466667
2 0.766406 0.436111 0.8 0.476389 0.789062 0.505556 0.755469 0.465278
2 0.846875 0.495833 0.795312 0.505556 0.79375 0.473611 0.845313 0.463889
2 0.828906 0.402778 0.863281 0.465278 0.847656 0.491667 0.813281 0.429167
2 0.720313 0.429167 0.761719 0.469444 0.753906 0.494444 0.7125 0.454167
3 0.682031 0.398611 0.717187 0.433333 0.704688 0.472222 0.669531 0.438889
3 0.684375 0.443056 0.726562 0.465278 0.721094 0.498611 0.678906 0.475
3 0.75 0.490278 0.791406 0.490278 0.791406 0.526389 0.75 0.526389
2 0.752344 0.519444 0.803125 0.519444 0.803125 0.545833 0.752344 0.545833
3 0.75 0.543056 0.785156 0.543056 0.785156 0.572222 0.75 0.572222
3 0.730469 0.518056 0.75 0.518056 0.75 0.563889 0.730469 0.563889
2 0.897656 0.316667 0.91875 0.323611 0.909375 0.408333 0.888281 0.401389
3 0.898438 0.213889 0.944531 0.258333 0.928125 0.311111 0.882812 0.266667
2 0.835938 0.244444 0.888281 0.283333 0.877344 0.327778 0.825781 0.288889
3 0.846875 0.295833 0.827344 0.331944 0.796875 0.279167 0.817187 0.244444
3 0.974219 0.320833 0.997656 0.320833 0.997656 0.401389 0.974219 0.401389
0 0.980469 0.511111 0.957031 0.515278 0.946094 0.325 0.969531 0.320833
0 0.942969 0.5375 0.821875 0.559722 0.820312 0.529167 0.940625 0.508333
