3 0.0851563 0.680556 0.0257812 0.701389 0.0210938 0.656944 0.0796875 0.636111
2 0.207031 0.594444 0.192969 0.619444 0.155469 0.554167 0.169531 0.529167
1 0.253125 0.548611 0.282031 0.586111 0.19375 0.797222 0.164844 0.759722
2 0.296875 0.566667 0.310937 0.598611 0.266406 0.661111 0.252344 0.629167
2 0.0671875 0.263889 0.0898438 0.272222 0.0796875 0.361111 0.0578125 0.352778
0 0.0101563 0.168056 0.109375 0.222222 0.102344 0.263889 0.003125 0.209722
3 0.0945312 0.190278 0.139844 0.190278 0.139844 0.2375 0.0945312 0.2375
2 0.0609375 0.111111 0.114062 0.120833 0.111719 0.163889 0.0585938 0.154167
0 0.230469 0.2375 0.25625 0.238889 0.253125 0.409722 0.228125 0.408333
2 0.284375 0.347222 0.300781 0.366667 0.272656 0.438889 0.25625 0.419444
3 0.288281 0.4 0.328906 0.4 0.328906 0.445833 0.288281 0.445833
2 0.385937 0.461111 0.366406 0.468056 0.35625 0.379167 0.375781 0.372222
1 0.528125 0.5375 0.4125 0.558333 0.409375 0.504167 0.525 0.483333
2 0.435937 0.463889 0.48125 0.472222 0.479687 0.508333 0.434375 0.5
0 0.484375 0.484722 0.466406 0.493056 0.442188 0.333333 0.460156 0.323611
3 0.450781 0.266667 0.46875 0.276389 0.457813 0.3375 0.440625 0.327778
3 0.465625 0.284722 0.482031 0.291667 0.475 0.354167 0.458594 0.348611
1 0.655469 0.473611 0.669531 0.5125 0.577344 0.618056 0.564063 0.579167
2 0.426563 0.761111 0.407031 0.772222 0.392969 0.691667 0.413281 0.680556
2 0.435937 0.709722 0.454688 0.715278 0.448437 0.802778 0.429688 0.798611
3 0.496094 0.623611 0.5125 0.648611 0.485938 0.704167 0.469531 0.679167
0 0.526563 0.591667 0.540625 0.613889 0.478125 0.745833 0.464062 0.725
0 0.542969 0.5875 0.557031 0.608333 0.489844 0.75 0.475781 0.729167
2 0.540625 0.626389 0.554688 0.643056 0.530469 0.706944 0.516406 0.688889
0 0.550781 0.65 0.564844 0.672222 0.502344 0.804167 0.4875 0.781944
2 0.5875 0.959722 0.565625 0.976389 0.54375 0.883333 0.565625 0.866667
2 0.607812 0.859722 0.625 0.880556 0.596875 0.954167 0.579688 0.933333
3 0.6625 0.931944 0.625781 0.968056 0.614062 0.929167 0.650781 0.894444
0 0.597656 0.952778 0.651563 0.952778 0.651563 0.988889 0.597656 0.988889
2 0.807031 0.756944 0.851562 0.790278 0.84375 0.822222 0.799219 0.788889
2 0.757031 0.572222 0.773438 0.572222 0.773438 0.647222 0.757031 0.647222
2 0.746094 0.0861111 0.759375 0.0861111 0.759375 0.141667 0.746094 0.141667
2 0.767188 0.0861111 0.792969 0.111111 0.786719 0.131944 0.760938 0.105556
3 0.803906 0.0986111 0.825781 0.126389 0.819531 0.144444 0.796875 0.116667
3 0.797656 0.0305556 0.809375 0.0458333 0.796875 0.0763889 0.785156 0.0625
2 0.750781 0.0111111 0.763281 0.0111111 0.763281 0.0569444 0.750781 0.0569444
0 0.732031 0.00694444 0.782813 0.0833333 0.776563 0.0972222 0.725781 0.0208333
3 0.550781 0.0291667 0.571094 0.0291667 0.571094 0.0861111 0.550781 0.0861111
2 0.507031 0.0361111 0.536719 0.0722222 0.527344 0.0958333 0.498437 0.0597222
2 0.522656 0.0513889 0.509375 0.0569444 0.503125 0.00555556 0.516406 0.00138889
2 0.475781 0.0236111 0.489063 0.0361111 0.471875 0.0888889 0.459375 0.0763889
2 0.453125 0.00277778 0.466406 0.00972222 0.455469 0.0708333 0.442969 0.0625
