0 0.360938 0.0597222 0.275781 0.105556 0.271094 0.0791667 0.35625 0.0319444
2 0.378125 0.131944 0.367969 0.140278 0.346875 0.0708333 0.357031 0.0611111
2 0.367969 0.0777778 0.394531 0.134722 0.385937 0.147222 0.358594 0.0916667
2 0.328125 0.00555556 0.36875 0.0277778 0.364063 0.0513889 0.324219 0.0291667
2 0.364844 0.0138889 0.403125 0.0138889 0.403125 0.0430556 0.364844 0.0430556
2 0.378906 0.0361111 0.394531 0.0513889 0.379688 0.1 0.364063 0.0833333
3 0.377344 0.134722 0.407813 0.156944 0.400781 0.1875 0.370312 0.163889
3 0.435937 0.206944 0.423438 0.216667 0.409375 0.1625 0.421094 0.152778
3 0.442188 0.190278 0.453125 0.206944 0.435937 0.244444 0.424219 0.227778
3 0.430469 0.258333 0.414844 0.263889 0.408594 0.208333 0.424219 0.202778
3 0.438281 0.241667 0.450781 0.261111 0.43125 0.302778 0.41875 0.283333
0 0.430469 0.331944 0.413281 0.338889 0.390625 0.184722 0.407813 0.177778
3 0.367188 0.309722 0.346875 0.329167 0.328906 0.269444 0.348438 0.251389
3 0.3875 0.365278 0.386719 0.402778 0.350781 0.4 0.350781 0.363889
3 0.360938 0.347222 0.334375 0.395833 0.321094 0.372222 0.347656 0.323611
1 0.359375 0.609722 0.332813 0.618056 0.308594 0.401389 0.334375 0.393056
0 0.369531 0.6125 0.350781 0.618056 0.335156 0.456944 0.353906 0.451389
3 0.386719 0.511111 0.409375 0.511111 0.409375 0.576389 0.386719 0.576389
2 0.460156 0.463889 0.494531 0.463889 0.494531 0.497222 0.460156 0.497222
2 0.492188 0.455556 0.50625 0.455556 0.50625 0.529167 0.492188 0.529167
2 0.508594 0.466667 0.521094 0.472222 0.513281 0.540278 0.500781 0.534722
2 0.529687 0.561111 0.513281 0.565278 0.509375 0.497222 0.525781 0.494444
3 0.467187 0.691667 0.445312 0.7125 0.425781 0.65 0.448437 0.627778
3 0.482812 0.5875 0.500781 0.594444 0.492969 0.663889 0.474219 0.656944
0 0.503125 0.730556 0.409375 0.765278 0.40625 0.733333 0.499219 0.7
1 0.610156 0.476389 0.628906 0.490278 0.592969 0.643056 0.573438 0.627778
0 0.630469 0.454167 0.642969 0.463889 0.613281 0.586111 0.600781 0.576389
2 0.65 0.538889 0.635156 0.543056 0.628906 0.484722 0.642969 0.479167
2 0.644531 0.458333 0.65625 0.4625 0.649219 0.520833 0.638281 0.516667
2 0.657813 0.481944 0.682031 0.506944 0.675 0.531944 0.65 0.506944
0 0.569531 0.619444 0.641406 0.688889 0.634375 0.7125 0.561719 0.641667
2 0.689063 0.618056 0.68125 0.623611 0.667188 0.569444 0.675 0.563889
2 0.685156 0.631944 0.675 0.641667 0.658594 0.588889 0.66875 0.579167
2 0.664844 0.605556 0.674219 0.623611 0.652344 0.659722 0.642969 0.643056
2 0.651563 0.595833 0.661719 0.613889 0.6375 0.655556 0.627344 0.636111
2 0.65625 0.805556 0.642188 0.818056 0.623437 0.756944 0.636719 0.743056
2 0.705469 0.636111 0.73125 0.684722 0.724219 0.697222 0.697656 0.648611
2 0.7625 0.588889 0.777344 0.602778 0.763281 0.645833 0.749219 0.631944
2 0.903125 0.736111 0.909375 0.752778 0.885938 0.784722 0.878906 0.768056
0 0.889844 0.773611 0.903906 0.775 0.896875 0.898611 0.882812 0.897222
2 0.960156 0.916667 0.967187 0.918056 0.9625 0.973611 0.955469 0.970833
2 0.903906 0.593056 0.926562 0.593056 0.926562 0.619444 0.903906 0.619444
0 0.745313 0.558333 0.797656 0.597222 0.792969 0.618056 0.740625 0.577778
0 0.7875 0.406944 0.803125 0.4125 0.791406 0.5125 0.776563 0.506944
3 0.825781 0.409722 0.846875 0.430556 0.838281 0.458333 0.817187 0.4375
2 0.83125 0.263889 0.84375 0.263889 0.84375 0.318056 0.83125 0.318056
1 0.877344 0.138889 0.892969 0.152778 0.866406 0.238889 0.851562 0.223611
2 0.722656 0.108333 0.707031 0.116667 0.699219 0.0694444 0.714844 0.0611111
2 0.685937 0.0486111 0.675 0.0541667 0.666406 0.00555556 0.676562 0
3 0.65 0.0472222 0.664844 0.0472222 0.664844 0.0944444 0.65 0.0944444
2 0.589063 0.0472222 0.602344 0.0583333 0.589844 0.109722 0.576562 0.1
3 0.666406 0.138889 0.646094 0.163889 0.639844 0.147222 0.660156 0.122222
2 0.664062 0.168056 0.638281 0.193056 0.632031 0.175 0.658594 0.148611
2 0.598437 0.186111 0.610938 0.186111 0.610938 0.238889 0.598437 0.238889
2 0.588281 0.309722 0.602344 0.309722 0.602344 0.376389 0.588281 0.376389
2 0.586719 0.163889 0.597656 0.175 0.582812 0.222222 0.571875 0.211111
2 0.585156 0.195833 0.597656 0.205556 0.5875 0.245833 0.575781 0.236111
0 0.592187 0.197222 0.605469 0.202778 0.592969 0.306944 0.579688 0.302778
0 0.569531 0.188889 0.582031 0.193056 0.570312 0.291667 0.558594 0.2875
0 0.625781 0.211111 0.6375 0.227778 0.600781 0.306944 0.589063 0.288889
2 0.546875 0.2375 0.563281 0.2375 0.563281 0.2875 0.546875 0.2875
1 0.553125 0.277778 0.56875 0.305556 0.505469 0.413889 0.490625 0.386111
3 0.542969 0.347222 0.551562 0.3625 0.530469 0.398611 0.522656 0.383333
2 0.765625 0.277778 0.741406 0.297222 0.735938 0.275 0.760938 0.255556
2 0.761719 0.311111 0.73125 0.315278 0.730469 0.293056 0.760156 0.2875
2 0.764062 0.351389 0.735156 0.373611 0.728906 0.348611 0.757812 0.326389
3 0.839063 0.327778 0.857031 0.355556 0.849219 0.372222 0.83125 0.344444
