0 0.0742188 0.256944 0.05625 0.263889 0.0421875 0.138889 0.059375 0.131944
3 0.0539063 0.472222 0.0757812 0.472222 0.0757812 0.538889 0.0539063 0.538889
3 0.121094 0.422222 0.0960938 0.468056 0.08125 0.443056 0.10625 0.397222
3 0.191406 0.345833 0.160156 0.391667 0.146875 0.363889 0.178125 0.316667
3 0.214062 0.3125 0.178906 0.325 0.175 0.2875 0.210156 0.275
2 0.289062 0.443056 0.273438 0.451389 0.263281 0.390278 0.278906 0.381944
2 0.28125 0.330556 0.292187 0.344444 0.271875 0.397222 0.260937 0.383333
2 0.301563 0.343056 0.3125 0.359722 0.289062 0.411111 0.277344 0.393056
2 0.335156 0.334722 0.373437 0.334722 0.373437 0.361111 0.335156 0.361111
3 0.345313 0.308333 0.372656 0.308333 0.372656 0.336111 0.345313 0.336111
2 0.321875 0.254167 0.30625 0.261111 0.3 0.206944 0.316406 0.201389
3 0.296094 0.280556 0.28125 0.288889 0.272656 0.243056 0.288281 0.234722
3 0.278906 0.25 0.26875 0.269444 0.25 0.238889 0.260937 0.219444
3 0.260937 0.2 0.292969 0.216667 0.289062 0.241667 0.257031 0.225
0 0.249219 0.234722 0.320312 0.320833 0.3125 0.341667 0.241406 0.255556
0 0.425781 0.213889 0.353906 0.269444 0.347656 0.243056 0.420312 0.188889
2 0.383594 0.236111 0.395313 0.240278 0.388281 0.3 0.376563 0.295833
0 0.408594 0.229167 0.421875 0.245833 0.386719 0.336111 0.372656 0.319444
2 0.4125 0.255556 0.424219 0.270833 0.401562 0.319444 0.389844 0.302778
2 0.398438 0.168056 0.385937 0.173611 0.378906 0.113889 0.392188 0.109722
2 0.504687 0.25 0.51875 0.255556 0.511719 0.316667 0.497656 0.3125
0 0.485938 0.575 0.476562 0.6 0.409375 0.523611 0.41875 0.497222
2 0.476562 0.490278 0.4875 0.508333 0.465625 0.554167 0.454688 0.5375
3 0.497656 0.501389 0.513281 0.519444 0.49375 0.572222 0.478125 0.552778
1 0.528906 0.455556 0.55 0.479167 0.494531 0.630556 0.474219 0.608333
3 0.533594 0.566667 0.55625 0.616667 0.538281 0.641667 0.516406 0.590278
3 0.505469 0.597222 0.522656 0.6 0.51875 0.666667 0.501563 0.663889
3 0.567969 0.75 0.55 0.756944 0.542969 0.690278 0.560156 0.683333
0 0.572656 0.554167 0.590625 0.554167 0.590625 0.705556 0.572656 0.705556
2 0.589844 0.594444 0.625781 0.613889 0.621875 0.638889 0.585938 0.619444
1 0.657031 0.659722 0.635156 0.676389 0.595313 0.505556 0.616406 0.488889
2 0.682813 0.483333 0.696094 0.502778 0.675 0.548611 0.661719 0.529167
2 0.371875 0.113889 0.384375 0.119444 0.378906 0.170833 0.365625 0.165278
2 0.566406 0.1125 0.535937 0.130556 0.532031 0.106944 0.5625 0.0902778
2 0.563281 0.0805556 0.553125 0.0875 0.541406 0.0375 0.551562 0.0291667
2 0.564063 0.183333 0.577344 0.184722 0.574219 0.241667 0.560937 0.240278
0 0.595313 0.181944 0.607031 0.191667 0.579688 0.293056 0.56875 0.283333
2 0.614844 0.134722 0.625 0.141667 0.6125 0.194444 0.602344 0.1875
2 0.645312 0.190278 0.615625 0.218056 0.610156 0.2 0.639062 0.170833
2 0.625 0.206944 0.653906 0.206944 0.653906 0.233333 0.625 0.233333
2 0.670312 0.284722 0.636719 0.291667 0.634375 0.2625 0.66875 0.255556
2 0.675 0.275 0.664844 0.279167 0.654687 0.222222 0.664844 0.216667
2 0.55625 0.918056 0.569531 0.926389 0.557031 0.998611 0.54375 0.991667
2 0.577344 0.915278 0.558594 0.922222 0.548438 0.838889 0.567969 0.831944
2 0.564063 0.944444 0.582812 0.945833 0.58125 0.990278 0.5625 0.9875
3 0.614062 0.8625 0.652344 0.883333 0.645312 0.920833 0.607812 0.901389
2 0.660156 0.886111 0.675781 0.891667 0.665625 0.979167 0.65 0.972222
2 0.748437 0.629167 0.789844 0.6625 0.782813 0.690278 0.741406 0.655556
0 0.817187 0.6125 0.800781 0.616667 0.794531 0.504167 0.810937 0.501389
2 0.819531 0.465278 0.832031 0.476389 0.817187 0.527778 0.803906 0.515278
2 0.878125 0.531944 0.8625 0.5375 0.855469 0.472222 0.871094 0.466667
0 0.934375 0.672222 0.917188 0.675 0.909375 0.541667 0.926562 0.5375
1 0.972656 0.686111 0.875781 0.720833 0.871094 0.680556 0.967969 0.645833
2 0.928125 0.379167 0.902344 0.394444 0.897656 0.365278 0.923438 0.351389
2 0.66875 0.405556 0.708594 0.416667 0.705469 0.443056 0.666406 0.431944
2 0.757812 0.354167 0.766406 0.368056 0.748437 0.405556 0.739062 0.391667
2 0.684375 0.406944 0.671875 0.416667 0.659375 0.363889 0.671875 0.354167
2 0.75625 0.143056 0.744531 0.151389 0.732031 0.101389 0.744531 0.0930556
3 0.753125 0.144444 0.782031 0.161111 0.776563 0.194444 0.747656 0.177778
3 0.75625 0.231944 0.779687 0.265278 0.767969 0.288889 0.745313 0.255556
0 0.746875 0.251389 0.798438 0.345833 0.7875 0.365278 0.735938 0.270833
