0 0.260937 0.309722 0.279687 0.309722 0.279687 0.445833 0.260937 0.445833
2 0.335156 0.388889 0.350781 0.398611 0.339062 0.465278 0.323437 0.456944
2 0.370312 0.384722 0.38125 0.402778 0.351562 0.454167 0.340625 0.436111
0 0.426563 0.391667 0.357031 0.455556 0.350781 0.433333 0.420312 0.369444
3 0.391406 0.409722 0.403906 0.427778 0.384375 0.468056 0.372656 0.45
2 0.432812 0.370833 0.44375 0.384722 0.425 0.434722 0.414062 0.420833
2 0.467187 0.320833 0.478125 0.336111 0.461719 0.379167 0.45 0.365278
2 0.428906 0.270833 0.460938 0.294444 0.453906 0.322222 0.422656 0.298611
0 0.43125 0.154167 0.446875 0.159722 0.435156 0.268056 0.419531 0.2625
3 0.392188 0.470833 0.41875 0.497222 0.410938 0.522222 0.384375 0.495833
3 0.350781 0.479167 0.366406 0.490278 0.350781 0.555556 0.335938 0.543056
3 0.391406 0.534722 0.365625 0.581944 0.352344 0.558333 0.378125 0.511111
2 0.377344 0.561111 0.414844 0.581944 0.410156 0.609722 0.372656 0.588889
2 0.396875 0.541667 0.4375 0.556944 0.435156 0.579167 0.394531 0.565278
2 0.417187 0.5625 0.45 0.602778 0.440625 0.625 0.407813 0.586111
2 0.517969 0.475 0.498437 0.484722 0.488281 0.425 0.507812 0.413889
3 0.4625 0.461111 0.478125 0.463889 0.475 0.522222 0.458594 0.519444
3 0.480469 0.3625 0.492969 0.381944 0.472656 0.425 0.460156 0.405556
2 0.49375 0.347222 0.524219 0.383333 0.517188 0.404167 0.485938 0.366667
3 0.311719 0.793056 0.33125 0.806944 0.313281 0.881944 0.29375 0.866667
3 0.367188 0.733333 0.335938 0.781944 0.324219 0.758333 0.35625 0.709722
0 0.357812 0.459722 0.433594 0.538889 0.426563 0.559722 0.350781 0.481944
0 0.453125 0.376389 0.370312 0.390278 0.369531 0.366667 0.452344 0.351389
0 0.547656 0.768056 0.563281 0.783333 0.521094 0.918056 0.50625 0.904167
2 0.577344 0.915278 0.561719 0.922222 0.552344 0.840278 0.567969 0.834722
2 0.555469 0.915278 0.571875 0.923611 0.559375 0.994444 0.542969 0.984722
2 0.561719 0.948611 0.583594 0.948611 0.583594 0.998611 0.561719 0.998611
3 0.623437 0.829167 0.608594 0.848611 0.585156 0.788889 0.600781 0.769444
3 0.614062 0.861111 0.653125 0.890278 0.644531 0.922222 0.60625 0.894444
2 0.659375 0.8875 0.675781 0.893056 0.666406 0.976389 0.65 0.969444
3 0.563281 0.734722 0.601562 0.734722 0.601562 0.769444 0.563281 0.769444
2 0.578125 0.668056 0.592187 0.670833 0.588281 0.7375 0.574219 0.734722
3 0.623437 0.701389 0.594531 0.736111 0.584375 0.708333 0.613281 0.673611
1 0.624219 0.568056 0.649219 0.572222 0.638281 0.7625 0.613281 0.756944
3 0.639062 0.672222 0.653125 0.677778 0.646875 0.736111 0.632031 0.730556
0 0.660156 0.608333 0.674219 0.615278 0.654687 0.758333 0.640625 0.752778
0 0.53125 0.0444444 0.542188 0.0555556 0.516406 0.140278 0.505469 0.129167
2 0.565625 0.0791667 0.555469 0.0888889 0.540625 0.0402778 0.550781 0.0305556
2 0.559375 0.120833 0.574219 0.120833 0.574219 0.176389 0.559375 0.176389
2 0.563281 0.186111 0.575781 0.191667 0.569531 0.245833 0.557031 0.241667
0 0.598437 0.181944 0.609375 0.194444 0.572656 0.288889 0.5625 0.276389
2 0.614844 0.130556 0.625781 0.143056 0.611719 0.190278 0.6 0.179167
2 0.644531 0.190278 0.615625 0.218056 0.610156 0.198611 0.638281 0.169444
2 0.625781 0.205556 0.654687 0.206944 0.653906 0.2375 0.625 0.234722
2 0.678125 0.270833 0.666406 0.279167 0.653125 0.225 0.665625 0.216667
2 0.671094 0.280556 0.635156 0.286111 0.634375 0.2625 0.669531 0.255556
2 0.753125 0.138889 0.742188 0.147222 0.730469 0.0972222 0.741406 0.0888889
3 0.75 0.15 0.779687 0.15 0.779687 0.183333 0.75 0.183333
3 0.759375 0.236111 0.777344 0.270833 0.764844 0.291667 0.746094 0.256944
0 0.746875 0.254167 0.797656 0.348611 0.785156 0.369444 0.734375 0.275
2 0.685937 0.406944 0.675 0.418056 0.659375 0.368056 0.671094 0.356944
2 0.673438 0.406944 0.707812 0.419444 0.704688 0.445833 0.670312 0.433333
2 0.755469 0.355556 0.767188 0.369444 0.752344 0.406944 0.741406 0.394444
2 0.696094 0.456944 0.709375 0.470833 0.696094 0.5125 0.683594 0.5
2 0.730469 0.501389 0.744531 0.504167 0.740625 0.568056 0.726562 0.565278
1 0.64375 0.45 0.7375 0.541667 0.727344 0.576389 0.632812 0.484722
2 0.739062 0.634722 0.775781 0.670833 0.76875 0.695833 0.73125 0.659722
0 0.81875 0.613889 0.800781 0.616667 0.794531 0.502778 0.8125 0.5
2 0.81875 0.4625 0.832031 0.472222 0.819531 0.526389 0.80625 0.516667
2 0.875 0.525 0.8625 0.526389 0.859375 0.469444 0.871875 0.468056
2 0.9 0.358333 0.927344 0.358333 0.927344 0.3875 0.9 0.3875
0 0.932031 0.669444 0.917969 0.672222 0.910156 0.540278 0.924219 0.5375
1 0.971094 0.693056 0.874219 0.718056 0.871094 0.669444 0.967187 0.645833
