2 0.677344 0.00277778 0.716406 0.00277778 0.716406 0.0736111 0.677344 0.0736111
2 0.617969 0.0652778 0.672656 0.119444 0.65625 0.173611 0.601562 0.119444
2 0.667188 0.105556 0.692969 0.136111 0.657813 0.227778 0.632031 0.197222
2 0.607812 0.176389 0.669531 0.236111 0.652344 0.290278 0.590625 0.230556
0 0.658594 0.231944 0.678125 0.256944 0.604688 0.448611 0.585156 0.423611
3 0.554688 0.330556 0.605469 0.338889 0.602344 0.401389 0.550781 0.391667
3 0.578906 0.390278 0.596094 0.422222 0.55625 0.490278 0.539062 0.459722
3 0.545312 0.377778 0.564844 0.420833 0.511719 0.495833 0.492188 0.451389
3 0.478906 0.468056 0.538281 0.5 0.527344 0.559722 0.467969 0.527778
3 0.500781 0.544444 0.528906 0.559722 0.507812 0.681944 0.479687 0.666667
3 0.428125 0.525 0.471094 0.566667 0.433594 0.686111 0.391406 0.645833
3 0.530469 0.815278 0.471875 0.847222 0.459375 0.773611 0.517969 0.741667
2 0.599219 0.825 0.572656 0.845833 0.550781 0.755556 0.577344 0.734722
2 0.6125 0.808333 0.590625 0.819444 0.569531 0.7 0.592187 0.688889
2 0.601562 0.729167 0.625 0.729167 0.625 0.85 0.601562 0.85
2 0.607031 0.934722 0.560156 0.993056 0.540625 0.943056 0.5875 0.884722
2 0.6375 0.811111 0.653125 0.830556 0.616406 0.925 0.600781 0.905556
1 0.676562 0.368056 0.717969 0.375 0.700781 0.675 0.660156 0.668056
3 0.703906 0.631944 0.727344 0.661111 0.703125 0.725 0.679688 0.694444
2 0.725781 0.627778 0.7375 0.636111 0.714063 0.731944 0.702344 0.723611
2 0.739844 0.552778 0.75625 0.577778 0.720313 0.654167 0.703125 0.629167
3 0.775781 0.438889 0.789062 0.5 0.764844 0.516667 0.751563 0.455556
1 0.728125 0.85 0.761719 0.8625 0.746875 0.993056 0.713281 0.980556
2 0.801562 0.402778 0.753906 0.429167 0.748437 0.395833 0.795312 0.369444
0 0.841406 0.326389 0.857031 0.3375 0.8125 0.522222 0.796875 0.511111
2 0.817969 0.677778 0.800781 0.694444 0.785937 0.644444 0.802344 0.627778
0 0.780469 0.7375 0.803906 0.745833 0.783594 0.923611 0.760156 0.915278
2 0.796094 0.793056 0.809375 0.801389 0.795312 0.884722 0.78125 0.876389
2 0.839844 0.790278 0.854688 0.804167 0.834375 0.869444 0.820312 0.855556
2 0.85 0.781944 0.863281 0.793056 0.847656 0.858333 0.834375 0.848611
0 0.891406 0.758333 0.907813 0.770833 0.877344 0.898611 0.860938 0.886111
2 0.78125 0.909722 0.798438 0.909722 0.798438 0.945833 0.78125 0.945833
2 0.814844 0.934722 0.796094 0.986111 0.783594 0.972222 0.802344 0.919444
2 0.850781 0.179167 0.869531 0.190278 0.854688 0.275 0.835938 0.263889
2 0.9 0.280556 0.917969 0.297222 0.896094 0.369444 0.878125 0.351389
2 0.857031 0.626389 0.885156 0.647222 0.877344 0.679167 0.849219 0.656944
2 0.927344 0.608333 0.900781 0.633333 0.892969 0.608333 0.919531 0.581944
2 0.883594 0.613889 0.916406 0.625 0.913281 0.651389 0.880469 0.638889
2 0.890625 0.623611 0.903906 0.640278 0.883594 0.691667 0.870313 0.676389
2 0.904687 0.706944 0.876563 0.720833 0.871875 0.691667 0.899219 0.676389
2 0.954688 0.584722 0.967969 0.594444 0.954688 0.648611 0.942187 0.638889
3 0.932813 0.663889 0.953125 0.668056 0.950781 0.7125 0.930469 0.708333
