0 0.442969 0.204167 0.564063 0.280556 0.55625 0.320833 0.435156 0.244444
0 0.457031 0.269444 0.564063 0.308333 0.559375 0.347222 0.453125 0.309722
0 0.457031 0.3 0.560156 0.355556 0.553906 0.390278 0.451562 0.333333
0 0.482812 0.365278 0.589844 0.445833 0.58125 0.480556 0.474219 0.4
0 0.5375 0.404167 0.65625 0.493056 0.650781 0.515278 0.532031 0.426389
0 0.541406 0.379167 0.66875 0.473611 0.661719 0.502778 0.535156 0.406944
3 0.594531 0.395833 0.646094 0.434722 0.6375 0.470833 0.585938 0.431944
1 0.535156 0.461111 0.616406 0.572222 0.594531 0.622222 0.513281 0.511111
2 0.678906 0.540278 0.734375 0.540278 0.734375 0.569444 0.678906 0.569444
0 0.654687 0.556944 0.767188 0.556944 0.767188 0.597222 0.654687 0.597222
2 0.696875 0.5 0.747656 0.5 0.747656 0.541667 0.696875 0.541667
2 0.61875 0.284722 0.584375 0.302778 0.565625 0.193056 0.6 0.175
0 0.773438 0.458333 0.757812 0.502778 0.644531 0.373611 0.660156 0.329167
0 0.669531 0.279167 0.642188 0.290278 0.611719 0.0347222 0.639062 0.0236111
0 0.69375 0.269444 0.666406 0.284722 0.620313 0.0208333 0.647656 0.00555556
2 0.727344 0.206944 0.686719 0.229167 0.664844 0.104167 0.705469 0.0819444
0 0.804688 0.426389 0.774219 0.4375 0.746094 0.188889 0.776563 0.177778
3 0.7875 0.230556 0.825781 0.230556 0.825781 0.359722 0.7875 0.359722
2 0.829688 0.384722 0.852344 0.426389 0.803906 0.509722 0.78125 0.468056
3 0.842969 0.575 0.8125 0.586111 0.803906 0.509722 0.834375 0.498611
2 0.819531 0.590278 0.801562 0.6 0.784375 0.5 0.802344 0.490278
3 0.771875 0.576389 0.821875 0.6375 0.805469 0.679167 0.755469 0.619444
3 0.816406 0.588889 0.844531 0.588889 0.844531 0.6625 0.816406 0.6625
2 0.840625 0.655556 0.863281 0.681944 0.842969 0.734722 0.821094 0.706944
0 0.716406 0.633333 0.851562 0.7125 0.844531 0.752778 0.709375 0.673611
1 0.903906 0.766667 0.858594 0.783333 0.830469 0.538889 0.875781 0.522222
0 0.982031 0.784722 0.949219 0.790278 0.939063 0.6125 0.971875 0.605556
0 0.944531 0.623611 0.923438 0.6625 0.817969 0.479167 0.838281 0.441667
0 0.965625 0.588889 0.945312 0.629167 0.832812 0.448611 0.852344 0.409722
0 0.977344 0.573611 0.954688 0.606944 0.860938 0.408333 0.882812 0.375
1 0.999219 0.5125 0.951562 0.570833 0.836719 0.272222 0.884375 0.213889
1 0.996094 0.331944 0.94375 0.395833 0.823438 0.0833333 0.875781 0.0194444
