1 0.557813 0.388889 0.636719 0.506944 0.621094 0.540278 0.542188 0.420833
0 0.758594 0.497222 0.665625 0.513889 0.664062 0.484722 0.757031 0.468056
2 0.738281 0.473611 0.689063 0.481944 0.6875 0.452778 0.736719 0.444444
2 0.827344 0.555556 0.817187 0.619444 0.799219 0.611111 0.809375 0.545833
3 0.757812 0.486111 0.8 0.527778 0.789844 0.559722 0.748437 0.518056
3 0.79375 0.477778 0.815625 0.481944 0.811719 0.543056 0.789844 0.538889
3 0.811719 0.465278 0.790625 0.473611 0.782813 0.408333 0.804688 0.401389
2 0.799219 0.480556 0.783594 0.4875 0.774219 0.402778 0.789844 0.397222
2 0.707812 0.404167 0.75625 0.420833 0.752344 0.454167 0.704688 0.438889
2 0.802344 0.3 0.821875 0.330556 0.788281 0.401389 0.76875 0.370833
1 0.860156 0.6375 0.826562 0.648611 0.803125 0.438889 0.835938 0.427778
0 0.919531 0.65 0.896875 0.652778 0.888281 0.491667 0.910156 0.4875
0 0.8875 0.504167 0.871094 0.529167 0.796094 0.369444 0.811719 0.345833
0 0.9125 0.441667 0.895312 0.466667 0.825781 0.3125 0.842969 0.2875
0 0.903125 0.458333 0.888281 0.484722 0.809375 0.340278 0.825 0.313889
1 0.928906 0.397222 0.895312 0.436111 0.808594 0.205556 0.841406 0.166667
1 0.923438 0.273611 0.884375 0.313889 0.800781 0.0527778 0.839063 0.0125
3 0.772656 0.183333 0.8 0.183333 0.8 0.2625 0.772656 0.2625
0 0.792969 0.3375 0.766406 0.344444 0.747656 0.143056 0.774219 0.136111
2 0.728906 0.166667 0.703906 0.170833 0.698438 0.0736111 0.723437 0.0694444
0 0.778906 0.391667 0.764062 0.423611 0.669531 0.290278 0.684375 0.258333
0 0.691406 0.213889 0.672656 0.216667 0.660937 0.0222222 0.679688 0.0180556
0 0.708594 0.2125 0.688281 0.219444 0.665625 0.0111111 0.686719 0.00416667
2 0.650781 0.2375 0.628906 0.241667 0.623437 0.144444 0.645312 0.141667
0 0.521875 0.173611 0.614844 0.234722 0.607031 0.269444 0.514844 0.206944
0 0.527344 0.229167 0.610156 0.261111 0.60625 0.291667 0.523438 0.261111
0 0.523438 0.258333 0.604688 0.302778 0.6 0.326389 0.519531 0.281944
0 0.541406 0.313889 0.626563 0.377778 0.619531 0.406944 0.535156 0.343056
0 0.585938 0.341667 0.673438 0.406944 0.667969 0.430556 0.580469 0.363889
0 0.588281 0.325 0.682031 0.388889 0.675781 0.418056 0.582031 0.355556
3 0.628906 0.331944 0.667188 0.352778 0.660937 0.386111 0.623437 0.365278
