2 0.299219 0.276389 0.289062 0.291667 0.271094 0.252778 0.28125 0.2375
2 0.486719 0.05 0.4625 0.0625 0.459375 0.0444444 0.482812 0.0319444
2 0.432812 0.129167 0.442969 0.134722 0.435937 0.173611 0.425781 0.166667
2 0.3625 0.268056 0.351562 0.273611 0.345313 0.2375 0.35625 0.231944
2 0.400781 0.191667 0.405469 0.205556 0.385156 0.223611 0.38125 0.209722
0 0.41875 0.163889 0.428125 0.177778 0.397656 0.241667 0.388281 0.226389
3 0.436719 0.227778 0.413281 0.2375 0.410938 0.2125 0.433594 0.204167
1 0.497656 0.243056 0.509375 0.25 0.491406 0.352778 0.479687 0.345833
2 0.576562 0.261111 0.586719 0.266667 0.578906 0.309722 0.56875 0.302778
2 0.585156 0.227778 0.592969 0.2375 0.578125 0.276389 0.570312 0.265278
2 0.607812 0.218056 0.616406 0.229167 0.601562 0.261111 0.592969 0.248611
2 0.640625 0.225 0.617188 0.229167 0.616406 0.208333 0.639844 0.204167
2 0.603125 0.190278 0.621094 0.218056 0.614844 0.230556 0.597656 0.202778
2 0.64375 0.197222 0.635156 0.197222 0.633594 0.156944 0.642969 0.155556
3 0.628125 0.172222 0.6375 0.172222 0.6375 0.205556 0.628125 0.205556
2 0.632812 0.205556 0.624219 0.211111 0.617188 0.179167 0.625 0.173611
3 0.627344 0.152778 0.633594 0.163889 0.623437 0.181944 0.617188 0.170833
3 0.610156 0.156944 0.620313 0.158333 0.619531 0.183333 0.608594 0.181944
3 0.584375 0.204167 0.594531 0.204167 0.594531 0.234722 0.584375 0.234722
2 0.611719 0.180556 0.60625 0.1875 0.596094 0.161111 0.601562 0.154167
3 0.610938 0.188889 0.603125 0.2 0.590625 0.173611 0.597656 0.1625
3 0.603906 0.205556 0.59375 0.215278 0.586719 0.191667 0.596875 0.181944
0 0.354687 0.358333 0.367188 0.365278 0.353906 0.452778 0.341406 0.447222
0 0.427344 0.491667 0.442188 0.494444 0.435156 0.609722 0.420312 0.606944
1 0.444531 0.584722 0.465625 0.584722 0.465625 0.6375 0.444531 0.6375
0 0.477344 0.506944 0.489844 0.508333 0.483594 0.611111 0.471875 0.608333
2 0.521875 0.534722 0.553125 0.558333 0.547656 0.579167 0.517188 0.556944
2 0.505469 0.598611 0.539844 0.598611 0.539844 0.623611 0.505469 0.623611
1 0.485938 0.597222 0.577344 0.638889 0.572656 0.673611 0.480469 0.631944
0 0.482812 0.623611 0.560937 0.651389 0.557813 0.677778 0.480469 0.648611
3 0.520312 0.654167 0.546094 0.686111 0.5375 0.708333 0.511719 0.676389
0 0.544531 0.6625 0.574219 0.704167 0.567187 0.719444 0.538281 0.677778
2 0.6 0.615278 0.569531 0.625 0.567187 0.602778 0.597656 0.591667
2 0.621875 0.588889 0.635156 0.591667 0.63125 0.643056 0.61875 0.640278
2 0.392969 0.798611 0.429688 0.834722 0.421094 0.8625 0.384375 0.826389
3 0.403125 0.879167 0.440625 0.890278 0.436719 0.923611 0.4 0.9125
3 0.375 0.905556 0.414844 0.906944 0.414062 0.941667 0.374219 0.940278
3 0.375 0.940278 0.415625 0.940278 0.415625 0.981944 0.375 0.981944
2 0.476562 0.901389 0.514844 0.929167 0.507812 0.958333 0.469531 0.930556
0 0.464062 0.920833 0.524219 0.965278 0.516406 0.995833 0.457031 0.951389
0 0.420312 0.916667 0.496875 0.973611 0.491406 0.998611 0.414062 0.941667
2 0.557031 0.377778 0.584375 0.398611 0.578906 0.420833 0.551562 0.401389
3 0.53125 0.3875 0.553125 0.3875 0.553125 0.406944 0.53125 0.406944
3 0.642188 0.413889 0.653906 0.420833 0.649219 0.447222 0.6375 0.440278
2 0.622656 0.420833 0.638281 0.420833 0.638281 0.441667 0.622656 0.441667
0 0.642188 0.422222 0.595313 0.430556 0.594531 0.409722 0.641406 0.402778
