2 0.122656 0.680556 0.09375 0.686111 0.0882813 0.581944 0.117188 0.576389
3 0.0921875 0.180556 0.117969 0.2375 0.103125 0.258333 0.0773438 0.201389
3 0.139844 0.211111 0.164844 0.241667 0.139844 0.306944 0.114062 0.276389
3 0.161719 0.352778 0.139844 0.386111 0.110156 0.322222 0.132031 0.290278
2 0.195312 0.9 0.167187 0.905556 0.160938 0.797222 0.189062 0.791667
2 0.332031 0.884722 0.304688 0.890278 0.298438 0.779167 0.325781 0.773611
0 0.130469 0.845833 0.230469 0.943056 0.215625 0.990278 0.115625 0.893056
3 0.544531 0.5375 0.560937 0.573611 0.520312 0.631944 0.503906 0.594444
2 0.569531 0.713889 0.621875 0.776389 0.607812 0.811111 0.55625 0.748611
2 0.645312 0.543056 0.703125 0.554167 0.7 0.6 0.642969 0.588889
2 0.68125 0.552778 0.625 0.563889 0.622656 0.518056 0.678906 0.508333
3 0.422656 0.122222 0.4 0.184722 0.375 0.155556 0.397656 0.0930556
1 0.482812 0.227778 0.621875 0.243056 0.619531 0.301389 0.48125 0.286111
2 0.542969 0.177778 0.567969 0.177778 0.567969 0.252778 0.542969 0.252778
2 0.591406 0.116667 0.607812 0.136111 0.582031 0.202778 0.565625 0.183333
2 0.642188 0.141667 0.626563 0.169444 0.591406 0.109722 0.607031 0.0805556
2 0.632812 0.0361111 0.679688 0.0541667 0.675781 0.0902778 0.628125 0.0736111
2 0.591406 0.0736111 0.605469 0.0944444 0.573438 0.161111 0.559375 0.140278
0 0.607031 0 0.621094 0.0208333 0.557031 0.155556 0.542969 0.134722
2 0.696875 0.0541667 0.747656 0.0541667 0.747656 0.0888889 0.696875 0.0888889
2 0.807813 0.119444 0.757812 0.127778 0.755469 0.0986111 0.80625 0.0902778
2 0.797656 0.145833 0.747656 0.154167 0.746094 0.119444 0.796094 0.109722
1 0.764062 0.229167 0.798438 0.236111 0.784375 0.477778 0.750781 0.472222
3 0.855469 0.338889 0.904687 0.347222 0.901563 0.402778 0.852344 0.394444
3 0.886719 0.544444 0.907813 0.576389 0.878125 0.638889 0.857031 0.606944
3 0.964844 0.683333 0.997656 0.683333 0.997656 0.776389 0.964844 0.776389
1 0.851562 0.7125 0.940625 0.7125 0.940625 0.994444 0.851562 0.994444
