0 0.261719 0.279167 0.24375 0.286111 0.232031 0.181944 0.25 0.176389
3 0.0835937 0.716667 0.0453125 0.7625 0.0328125 0.730556 0.0710937 0.683333
3 0.120313 0.675 0.075 0.691667 0.0695313 0.647222 0.114844 0.630556
2 0.196094 0.829167 0.176563 0.8375 0.167969 0.765278 0.188281 0.756944
2 0.214844 0.705556 0.227344 0.729167 0.19375 0.7875 0.18125 0.763889
2 0.205469 0.709722 0.176563 0.775 0.160938 0.752778 0.189844 0.6875
0 0.235937 0.672222 0.225781 0.695833 0.153125 0.598611 0.1625 0.575
3 0.210938 0.630556 0.195312 0.636111 0.189062 0.581944 0.205469 0.576389
3 0.175781 0.556944 0.192969 0.594444 0.180469 0.6125 0.163281 0.575
3 0.175 0.534722 0.214062 0.548611 0.210156 0.577778 0.171875 0.5625
2 0.245312 0.598611 0.228125 0.602778 0.224219 0.5375 0.242188 0.533333
2 0.297656 0.716667 0.253906 0.723611 0.252344 0.694444 0.296094 0.686111
3 0.299219 0.679167 0.265625 0.698611 0.260156 0.668056 0.29375 0.65
2 0.403906 0.0625 0.416406 0.0625 0.416406 0.115278 0.403906 0.115278
0 0.525 0.130556 0.5375 0.1375 0.524219 0.211111 0.5125 0.205556
0 0.370312 0.276389 0.38125 0.297222 0.339062 0.370833 0.327344 0.35
2 0.338281 0.486111 0.325 0.491667 0.317969 0.430556 0.33125 0.425
2 0.30625 0.436111 0.322656 0.441667 0.316406 0.493056 0.300781 0.486111
0 0.364844 0.540278 0.28125 0.602778 0.275 0.576389 0.358594 0.513889
2 0.311719 0.572222 0.325 0.577778 0.317188 0.644444 0.303906 0.638889
2 0.35 0.5875 0.361719 0.605556 0.335938 0.659722 0.324219 0.641667
0 0.34375 0.561111 0.35625 0.577778 0.305469 0.683333 0.29375 0.666667
2 0.417969 0.875 0.432812 0.897222 0.402344 0.9625 0.386719 0.940278
2 0.452344 0.579167 0.465625 0.583333 0.457813 0.648611 0.445312 0.643056
3 0.438281 0.884722 0.457031 0.902778 0.433594 0.979167 0.414844 0.961111
1 0.473438 0.8375 0.494531 0.858333 0.449219 0.998611 0.428125 0.976389
2 0.648438 0.854167 0.664844 0.869444 0.645312 0.934722 0.628125 0.918056
0 0.802344 0.995833 0.785937 0.998611 0.778906 0.869444 0.795312 0.866667
2 0.795312 0.816667 0.810937 0.826389 0.8 0.888889 0.784375 0.880556
0 0.925781 0.983333 0.908594 0.990278 0.899219 0.904167 0.915625 0.898611
2 0.864062 0.884722 0.846875 0.890278 0.839844 0.825 0.85625 0.819444
2 0.910156 0.704167 0.88125 0.719444 0.875781 0.690278 0.905469 0.673611
2 0.632812 0.756944 0.674219 0.763889 0.672656 0.795833 0.630469 0.788889
2 0.651563 0.756944 0.638281 0.768056 0.621094 0.705556 0.635156 0.693056
2 0.725 0.6875 0.738281 0.7 0.723437 0.75 0.710156 0.7375
0 0.771094 0.675 0.757812 0.7 0.696875 0.593056 0.709375 0.569444
3 0.721875 0.551389 0.746094 0.5875 0.735156 0.6125 0.710156 0.575
3 0.717187 0.445833 0.745313 0.466667 0.7375 0.498611 0.710156 0.476389
2 0.713281 0.440278 0.7 0.447222 0.691406 0.4 0.705469 0.393056
1 0.727344 0.226389 0.745313 0.233333 0.732812 0.338889 0.714844 0.331944
0 0.549219 0.495833 0.560937 0.505556 0.530469 0.619444 0.51875 0.609722
2 0.519531 0.5 0.530469 0.502778 0.523438 0.565278 0.5125 0.5625
2 0.517969 0.422222 0.485938 0.438889 0.48125 0.4125 0.513281 0.394444
2 0.517969 0.380556 0.50625 0.391667 0.491406 0.344444 0.503906 0.331944
2 0.570312 0.4375 0.58125 0.445833 0.567187 0.501389 0.55625 0.494444
2 0.582812 0.520833 0.614062 0.520833 0.614062 0.551389 0.582812 0.551389
2 0.629687 0.602778 0.594531 0.608333 0.59375 0.584722 0.628125 0.577778
2 0.636719 0.594444 0.628906 0.6 0.614844 0.541667 0.623437 0.536111
2 0.601562 0.498611 0.574219 0.533333 0.567187 0.513889 0.594531 0.480556
