2 0.439063 0.623611 0.419531 0.634722 0.416406 0.619444 0.436719 0.608333
2 0.427344 0.634722 0.446875 0.634722 0.446875 0.654167 0.427344 0.654167
2 0.538281 0.551389 0.532813 0.5625 0.521875 0.544444 0.528125 0.534722
3 0.448437 0.668056 0.442188 0.676389 0.432812 0.656944 0.439063 0.647222
2 0.442969 0.679167 0.4375 0.6875 0.425781 0.668056 0.43125 0.658333
3 0.574219 0.508333 0.586719 0.508333 0.586719 0.529167 0.574219 0.529167
3 0.453906 0.709722 0.464062 0.718056 0.45625 0.747222 0.446875 0.740278
3 0.503125 0.7 0.494531 0.711111 0.484375 0.688889 0.492969 0.677778
2 0.475 0.811111 0.451562 0.834722 0.446094 0.819444 0.470313 0.794444
2 0.471094 0.802778 0.478125 0.819444 0.45625 0.85 0.449219 0.833333
2 0.51875 0.788889 0.530469 0.793056 0.525781 0.833333 0.514844 0.829167
2 0.548438 0.808333 0.536719 0.818056 0.528125 0.779167 0.539062 0.770833
0 0.539062 0.765278 0.592969 0.811111 0.588281 0.829167 0.534375 0.783333
3 0.55 0.797222 0.5625 0.8 0.560156 0.840278 0.547656 0.8375
2 0.56875 0.663889 0.559375 0.666667 0.557031 0.6375 0.566406 0.634722
2 0.56875 0.656944 0.589844 0.656944 0.589844 0.675 0.56875 0.675
2 0.560156 0.705556 0.5875 0.705556 0.5875 0.727778 0.560156 0.727778
2 0.551562 0.656944 0.557813 0.673611 0.538281 0.697222 0.532031 0.680556
2 0.529687 0.666667 0.538281 0.681944 0.524219 0.705556 0.516406 0.690278
2 0.521875 0.661111 0.528906 0.668056 0.519531 0.698611 0.5125 0.691667
3 0.510938 0.661111 0.520312 0.661111 0.520312 0.6875 0.510938 0.6875
0 0.5125 0.648611 0.545312 0.665278 0.542969 0.677778 0.510938 0.659722
2 0.590625 0.743056 0.595313 0.761111 0.570312 0.781944 0.565625 0.763889
0 0.577344 0.766667 0.636719 0.776389 0.635156 0.801389 0.575781 0.791667
0 0.595313 0.740278 0.644531 0.777778 0.639062 0.797222 0.590625 0.761111
1 0.725781 0.786111 0.639062 0.791667 0.638281 0.754167 0.725 0.748611
2 0.610938 0.7875 0.639844 0.802778 0.635938 0.826389 0.607031 0.809722
0 0.551562 0.913889 0.592969 0.975 0.582812 0.995833 0.541406 0.934722
3 0.678125 0.9125 0.665625 0.930556 0.648438 0.894444 0.660156 0.875
2 0.675781 0.834722 0.686719 0.845833 0.672656 0.890278 0.661719 0.880556
2 0.680469 0.851389 0.692187 0.866667 0.677344 0.904167 0.664844 0.888889
2 0.682813 0.879167 0.696875 0.894444 0.678906 0.945833 0.664844 0.930556
0 0.779687 0.836111 0.705469 0.879167 0.7 0.85 0.774219 0.805556
2 0.78125 0.733333 0.817187 0.733333 0.817187 0.758333 0.78125 0.758333
3 0.848437 0.752778 0.859375 0.772222 0.839844 0.806944 0.828906 0.7875
3 0.849219 0.777778 0.860156 0.793056 0.84375 0.826389 0.833594 0.811111
3 0.882031 0.816667 0.853906 0.8375 0.846094 0.805556 0.874219 0.783333
2 0.898438 0.705556 0.904687 0.726389 0.872656 0.756944 0.866406 0.734722
0 0.934375 0.722222 0.876563 0.765278 0.871875 0.744444 0.929688 0.701389
0 0.914844 0.726389 0.921094 0.751389 0.8625 0.801389 0.855469 0.776389
0 0.651563 0.6 0.696094 0.623611 0.692969 0.641667 0.648438 0.618056
0 0.759375 0.669444 0.758594 0.690278 0.695312 0.684722 0.696094 0.663889
1 0.81875 0.594444 0.827344 0.625 0.76875 0.677778 0.760156 0.647222
1 0.782031 0.6125 0.786719 0.641667 0.714063 0.676389 0.709375 0.648611
0 0.79375 0.586111 0.832812 0.623611 0.825 0.648611 0.786719 0.609722
0 0.772656 0.584722 0.778125 0.6 0.732812 0.652778 0.726562 0.6375
3 0.753125 0.6125 0.732031 0.638889 0.727344 0.625 0.747656 0.6
