0 0.513281 0.911111 0.624219 0.951389 0.61875 0.997222 0.507812 0.956944
3 0.511719 0.956944 0.557031 0.956944 0.557031 0.998611 0.511719 0.998611
2 0.527344 0.886111 0.50625 0.908333 0.475 0.816667 0.496094 0.794444
3 0.551562 0.847222 0.534375 0.879167 0.492969 0.806944 0.510156 0.775
1 0.661719 0.675 0.495312 0.751389 0.484375 0.677778 0.651563 0.601389
2 0.4 0.781944 0.38125 0.802778 0.350781 0.718056 0.369531 0.695833
2 0.427344 0.498611 0.448437 0.511111 0.432031 0.605556 0.410938 0.594444
2 0.321875 0.838889 0.304688 0.869444 0.261719 0.794444 0.278125 0.763889
2 0.328125 0.643056 0.349219 0.658333 0.325 0.761111 0.303906 0.745833
3 0.294531 0.670833 0.321875 0.691667 0.300781 0.780556 0.273438 0.759722
0 0.130469 0.854167 0.234375 0.891667 0.229687 0.929167 0.125781 0.891667
2 0.185156 0.823611 0.23125 0.868056 0.219531 0.906944 0.173437 0.861111
2 0.185156 0.720833 0.1625 0.741667 0.135156 0.652778 0.157812 0.630556
2 0.182031 0.65 0.160156 0.656944 0.152344 0.570833 0.174219 0.565278
3 0.146094 0.563889 0.113281 0.623611 0.0953125 0.591667 0.128125 0.531944
3 0.103906 0.505556 0.153125 0.505556 0.153125 0.548611 0.103906 0.548611
0 0.220312 0.611111 0.292969 0.681944 0.283594 0.7125 0.210938 0.641667
3 0.213281 0.626389 0.175781 0.647222 0.169531 0.609722 0.207031 0.588889
3 0.228125 0.586111 0.271094 0.618056 0.263281 0.651389 0.220312 0.619444
3 0.183594 0.556944 0.232031 0.556944 0.232031 0.597222 0.183594 0.597222
2 0.2875 0.5875 0.267188 0.594444 0.25625 0.498611 0.276562 0.491667
2 0.302344 0.55 0.285156 0.559722 0.269531 0.469444 0.286719 0.459722
1 0.297656 0.295833 0.33125 0.3 0.321875 0.536111 0.288281 0.531944
2 0.290625 0.351389 0.308594 0.375 0.278906 0.45 0.260937 0.427778
2 0.289062 0.393056 0.267969 0.397222 0.263281 0.318056 0.284375 0.313889
2 0.271875 0.166667 0.29375 0.179167 0.279687 0.261111 0.257812 0.248611
2 0.289062 0.0347222 0.328125 0.0652778 0.320312 0.0944444 0.282031 0.0625
2 0.326562 0.0583333 0.313281 0.0791667 0.285938 0.0208333 0.299219 0
2 0.539844 0.433333 0.557813 0.454167 0.525781 0.5375 0.508594 0.516667
3 0.463281 0.377778 0.489063 0.393056 0.475 0.475 0.449219 0.461111
1 0.565625 0.280556 0.592969 0.313889 0.507031 0.5375 0.479687 0.504167
2 0.778906 0.520833 0.757031 0.543056 0.726562 0.444444 0.748437 0.422222
2 0.7625 0.315278 0.7875 0.319444 0.78125 0.430556 0.75625 0.426389
3 0.705469 0.369444 0.760938 0.369444 0.760938 0.423611 0.705469 0.423611
2 0.740625 0.336111 0.719531 0.373611 0.678906 0.304167 0.7 0.265278
0 0.764844 0.3625 0.742969 0.383333 0.685156 0.194444 0.707031 0.173611
2 0.567969 0.0444444 0.622656 0.0444444 0.622656 0.0986111 0.567969 0.0986111
0 0.842969 0.227778 0.958594 0.401389 0.935937 0.448611 0.820312 0.275
2 0.960156 0.513889 0.996094 0.513889 0.996094 0.622222 0.960156 0.622222
