2 0.14375 0.308333 0.159375 0.308333 0.159375 0.325 0.14375 0.325
2 0.177344 0.258333 0.204687 0.2625 0.203906 0.281944 0.175781 0.276389
2 0.16875 0.333333 0.180469 0.333333 0.180469 0.354167 0.16875 0.354167
2 0.160156 0.369444 0.171875 0.369444 0.171875 0.408333 0.160156 0.408333
2 0.154688 0.355556 0.16875 0.355556 0.16875 0.370833 0.154688 0.370833
0 0.180469 0.366667 0.172656 0.375 0.157812 0.336111 0.164844 0.326389
0 0.210156 0.4125 0.185938 0.420833 0.184375 0.402778 0.208594 0.394444
0 0.175 0.4125 0.191406 0.429167 0.186719 0.443056 0.171094 0.426389
2 0.228125 0.472222 0.21875 0.486111 0.203906 0.455556 0.214062 0.441667
2 0.225781 0.380556 0.239844 0.381944 0.236719 0.436111 0.222656 0.433333
2 0.280469 0.355556 0.25625 0.361111 0.255469 0.340278 0.279687 0.336111
0 0.332813 0.173611 0.34375 0.286111 0.33125 0.288889 0.320312 0.176389
2 0.375 0.290278 0.345313 0.301389 0.342187 0.273611 0.371875 0.2625
2 0.434375 0.244444 0.414062 0.248611 0.409375 0.163889 0.429688 0.159722
0 0.303906 0.368056 0.344531 0.368056 0.344531 0.391667 0.303906 0.391667
0 0.332813 0.281944 0.342969 0.288889 0.322656 0.376389 0.311719 0.369444
0 0.364063 0.451389 0.351562 0.456944 0.334375 0.311111 0.346875 0.306944
2 0.360938 0.473611 0.346875 0.481944 0.333594 0.420833 0.347656 0.411111
2 0.400781 0.334722 0.419531 0.336111 0.417187 0.415278 0.398438 0.413889
0 0.354687 0.395833 0.373437 0.397222 0.371875 0.563889 0.353906 0.5625
2 0.375781 0.433333 0.4 0.463889 0.390625 0.488889 0.366406 0.458333
3 0.357812 0.448611 0.369531 0.448611 0.369531 0.488889 0.357812 0.488889
3 0.370312 0.472222 0.388281 0.472222 0.388281 0.534722 0.370312 0.534722
2 0.273438 0.563889 0.282031 0.577778 0.263281 0.616667 0.254688 0.602778
1 0.355469 0.472222 0.492188 0.472222 0.492188 0.530556 0.355469 0.530556
1 0.539844 0.645833 0.521094 0.680556 0.432031 0.525 0.450781 0.491667
1 0.419531 0.659722 0.288281 0.673611 0.286719 0.625 0.417969 0.611111
1 0.457813 0.655556 0.492188 0.655556 0.492188 0.925 0.457813 0.925
2 0.438281 0.781944 0.457813 0.781944 0.457813 0.869444 0.438281 0.869444
3 0.44375 0.861111 0.467187 0.861111 0.467187 0.944444 0.44375 0.944444
3 0.373437 0.193056 0.354687 0.241667 0.338281 0.220833 0.35625 0.172222
2 0.385937 0.572222 0.357031 0.593056 0.350781 0.569444 0.380469 0.547222
2 0.374219 0.609722 0.363281 0.626389 0.340625 0.576389 0.350781 0.559722
0 0.389844 0.668056 0.378906 0.683333 0.334375 0.590278 0.345313 0.573611
0 0.382031 0.670833 0.372656 0.686111 0.324219 0.602778 0.332813 0.5875
2 0.294531 0.661111 0.305469 0.670833 0.295312 0.706944 0.283594 0.697222
2 0.353125 0.666667 0.366406 0.677778 0.353906 0.729167 0.340625 0.719444
0 0.34375 0.670833 0.352344 0.688889 0.317969 0.744444 0.309375 0.727778
2 0.329688 0.718056 0.342187 0.727778 0.328906 0.783333 0.316406 0.773611
2 0.333594 0.747222 0.316406 0.795833 0.305469 0.781944 0.322656 0.734722
2 0.322656 0.733333 0.319531 0.752778 0.296875 0.741667 0.3 0.720833
2 0.3125 0.773611 0.303906 0.781944 0.291406 0.738889 0.299219 0.730556
0 0.317188 0.8 0.305469 0.811111 0.276562 0.718056 0.289062 0.705556
2 0.389844 0.754167 0.425 0.754167 0.425 0.794444 0.389844 0.794444
3 0.359375 0.773611 0.382812 0.773611 0.382812 0.815278 0.359375 0.815278
2 0.358594 0.830556 0.372656 0.843056 0.354687 0.905556 0.340625 0.893056
3 0.3625 0.869444 0.383594 0.869444 0.383594 0.944444 0.3625 0.944444
3 0.353906 0.866667 0.339062 0.879167 0.327344 0.830556 0.342969 0.819444
2 0.278906 0.85 0.266406 0.8625 0.251563 0.815278 0.264844 0.802778
3 0.225781 0.819444 0.246875 0.819444 0.246875 0.848611 0.225781 0.848611
3 0.254688 0.886111 0.240625 0.918056 0.223438 0.894444 0.238281 0.8625
3 0.24375 0.913889 0.265625 0.913889 0.265625 0.943056 0.24375 0.943056
2 0.221875 0.966667 0.239063 0.966667 0.239063 0.997222 0.221875 0.997222
