2 0.179688 0.668056 0.160938 0.669444 0.158594 0.576389 0.177344 0.573611
3 0.255469 0.706944 0.221875 0.769444 0.200781 0.733333 0.235156 0.670833
0 0.216406 0.7375 0.314063 0.763889 0.311719 0.797222 0.213281 0.770833
3 0.246094 0.777778 0.29375 0.794444 0.289062 0.838889 0.240625 0.822222
3 0.183594 0.934722 0.21875 0.934722 0.21875 0.994444 0.183594 0.994444
3 0.3 0.794444 0.321094 0.801389 0.310156 0.898611 0.289062 0.890278
1 0.323437 0.705556 0.360156 0.716667 0.3375 0.984722 0.3 0.975
2 0.499219 0.768056 0.479687 0.783333 0.460156 0.702778 0.480469 0.688889
2 0.535937 0.572222 0.55625 0.591667 0.526563 0.6875 0.507031 0.668056
3 0.584375 0.693056 0.636719 0.701389 0.633594 0.752778 0.58125 0.743056
3 0.554688 0.543056 0.596875 0.594444 0.584375 0.627778 0.541406 0.576389
2 0.660937 0.588889 0.600781 0.611111 0.595313 0.563889 0.655469 0.543056
3 0.520312 0.580556 0.483594 0.647222 0.464062 0.613889 0.500781 0.547222
2 0.413281 0.498611 0.432812 0.516667 0.40625 0.604167 0.386719 0.584722
2 0.292187 0.580556 0.270313 0.584722 0.265625 0.495833 0.2875 0.491667
2 0.33125 0.534722 0.310937 0.5375 0.30625 0.451389 0.326562 0.448611
2 0.236719 0.395833 0.257031 0.398611 0.252344 0.494444 0.23125 0.490278
2 0.271094 0.348611 0.29375 0.370833 0.267969 0.454167 0.246094 0.431944
3 0.394531 0.434722 0.419531 0.434722 0.419531 0.509722 0.394531 0.509722
0 0.517188 0.477778 0.646094 0.523611 0.641406 0.568056 0.511719 0.520833
2 0.713281 0.405556 0.727344 0.440278 0.68125 0.5 0.667188 0.466667
2 0.917188 0.493056 0.94375 0.519444 0.9125 0.622222 0.885938 0.595833
2 0.460156 0.398611 0.482812 0.406944 0.471875 0.5 0.45 0.491667
2 0.446875 0.331944 0.469531 0.336111 0.464062 0.427778 0.442188 0.423611
2 0.452344 0.381944 0.4375 0.404167 0.40625 0.338889 0.421094 0.316667
1 0.5375 0.143056 0.571094 0.15 0.554688 0.386111 0.521875 0.379167
2 0.275 0.169444 0.29375 0.176389 0.284375 0.256944 0.266406 0.25
2 0.451562 0.180556 0.407031 0.205556 0.400781 0.168056 0.445312 0.143056
1 0.365625 0.0625 0.392188 0.0958333 0.319531 0.284722 0.292187 0.251389
1 0.41875 0.163889 0.389062 0.175 0.370312 0.0111111 0.4 0.00138889
0 0.834375 0.151389 0.860156 0.165278 0.823438 0.376389 0.797656 0.3625
