2 0.610156 0.830556 0.585156 0.843056 0.580469 0.813889 0.604688 0.8
3 0.594531 0.956944 0.570312 0.975 0.564063 0.95 0.588281 0.931944
3 0.582031 0.923611 0.567187 0.956944 0.555469 0.940278 0.570312 0.905556
0 0.619531 0.883333 0.578125 0.926389 0.56875 0.898611 0.610156 0.854167
3 0.584375 0.883333 0.565625 0.9125 0.553906 0.8875 0.571875 0.858333
0 0.633594 0.833333 0.586719 0.8875 0.577344 0.861111 0.625 0.806944
2 0.563281 0.848611 0.539844 0.872222 0.534375 0.855556 0.558594 0.831944
1 0.475781 0.691667 0.459375 0.701389 0.45 0.648611 0.466406 0.638889
0 0.442969 0.595833 0.465625 0.595833 0.465625 0.616667 0.442969 0.616667
2 0.464062 0.263889 0.483594 0.277778 0.478125 0.301389 0.458594 0.286111
2 0.475781 0.269444 0.464062 0.270833 0.463281 0.215278 0.475 0.213889
3 0.483594 0.2125 0.470313 0.225 0.457031 0.183333 0.471094 0.170833
0 0.457031 0.197222 0.467187 0.197222 0.466406 0.306944 0.455469 0.306944
0 0.423438 0.293056 0.411719 0.298611 0.400781 0.202778 0.4125 0.198611
0 0.421875 0.306944 0.414062 0.3125 0.399219 0.255556 0.407813 0.248611
2 0.389062 0.229167 0.408594 0.229167 0.408594 0.248611 0.389062 0.248611
2 0.377344 0.275 0.366406 0.279167 0.363281 0.238889 0.374219 0.236111
2 0.35 0.231944 0.340625 0.234722 0.336719 0.2 0.346875 0.197222
2 0.411719 0.190278 0.400781 0.195833 0.39375 0.156944 0.405469 0.151389
2 0.413281 0.130556 0.402344 0.140278 0.39375 0.104167 0.404687 0.0944444
2 0.39375 0.0277778 0.407813 0.0291667 0.404687 0.0833333 0.391406 0.0805556
2 0.375 0.0625 0.390625 0.0625 0.390625 0.0805556 0.375 0.0805556
3 0.385937 0.0944444 0.400781 0.109722 0.396094 0.126389 0.380469 0.111111
3 0.390625 0.123611 0.407031 0.138889 0.400781 0.156944 0.385156 0.141667
3 0.386719 0.00694444 0.398438 0.0291667 0.390625 0.0416667 0.378906 0.0208333
2 0.382812 0.0347222 0.397656 0.0402778 0.396094 0.0541667 0.38125 0.0486111
3 0.391406 0.0555556 0.385937 0.0680556 0.372656 0.05 0.378906 0.0375
2 0.389844 0.0819444 0.405469 0.0819444 0.405469 0.0986111 0.389844 0.0986111
