2 0.190625 0.0847222 0.172656 0.0916667 0.163281 0.00833333 0.18125 0.00138889
1 0.360938 0 0.446875 0.0638889 0.439063 0.0958333 0.353906 0.0319444
0 0.503906 0.305556 0.490625 0.306944 0.483594 0.180556 0.497656 0.179167
2 0.465625 0.176389 0.489063 0.227778 0.475 0.248611 0.451562 0.197222
2 0.425781 0.2625 0.391406 0.295833 0.382812 0.266667 0.417187 0.233333
2 0.38125 0.334722 0.360938 0.343056 0.352344 0.266667 0.372656 0.258333
3 0.317188 0.341667 0.357812 0.3625 0.352344 0.4 0.310937 0.377778
2 0.285938 0.420833 0.339062 0.420833 0.339062 0.458333 0.285938 0.458333
3 0.140625 0.134722 0.163281 0.134722 0.163281 0.197222 0.140625 0.197222
3 0.147656 0.222222 0.235937 0.308333 0.225781 0.338889 0.1375 0.254167
3 0.146875 0.252778 0.183594 0.290278 0.172656 0.323611 0.136719 0.284722
3 0.185156 0.334722 0.207031 0.347222 0.194531 0.418056 0.173437 0.406944
3 0.109375 0.3625 0.0625 0.370833 0.0601563 0.333333 0.107813 0.325
3 0.0835937 0.359722 0.103125 0.379167 0.0820312 0.445833 0.0625 0.427778
3 0.150781 0.341667 0.170313 0.356944 0.15625 0.413889 0.136719 0.398611
2 0.159375 0.463889 0.138281 0.479167 0.117969 0.391667 0.138281 0.376389
2 0.195312 0.469444 0.177344 0.490278 0.148438 0.415278 0.166406 0.394444
1 0.371875 0.443056 0.398438 0.459722 0.352344 0.670833 0.326562 0.652778
0 0.3875 0.490278 0.403125 0.491667 0.398438 0.676389 0.382812 0.675
0 0.409375 0.493056 0.425 0.497222 0.410156 0.654167 0.395313 0.65
2 0.478125 0.516667 0.435156 0.548611 0.428906 0.520833 0.471875 0.488889
3 0.488281 0.509722 0.469531 0.516667 0.4625 0.454167 0.48125 0.447222
2 0.819531 0.919444 0.805469 0.9375 0.779687 0.870833 0.79375 0.852778
2 0.853906 0.798611 0.886719 0.845833 0.875 0.869444 0.842969 0.822222
0 0.842969 0.777778 0.914062 0.791667 0.9125 0.819444 0.840625 0.805556
2 0.816406 0.730556 0.848437 0.772222 0.839844 0.794444 0.807031 0.752778
2 0.792969 0.661111 0.804688 0.680556 0.778906 0.725 0.767969 0.704167
3 0.867188 0.677778 0.853125 0.694444 0.832031 0.640278 0.846875 0.623611
2 0.833594 0.5375 0.817969 0.548611 0.803125 0.4875 0.819531 0.476389
2 0.733594 0.65 0.717187 0.654167 0.710156 0.580556 0.726562 0.575
2 0.671094 0.601389 0.685937 0.6125 0.669531 0.679167 0.655469 0.669444
0 0.710156 0.440278 0.728125 0.445833 0.716406 0.590278 0.698438 0.584722
0 0.713281 0.547222 0.696875 0.556944 0.671875 0.4125 0.688281 0.404167
1 0.629687 0.440278 0.646875 0.481944 0.563281 0.590278 0.546875 0.548611
2 0.554688 0.461111 0.524219 0.497222 0.514844 0.473611 0.545312 0.436111
0 0.5375 0.455556 0.445312 0.463889 0.444531 0.433333 0.536719 0.425
3 0.498437 0.426389 0.466406 0.434722 0.463281 0.402778 0.496094 0.394444
3 0.3875 0.402778 0.428906 0.402778 0.428906 0.436111 0.3875 0.436111
2 0.469531 0.415278 0.434375 0.445833 0.427344 0.419444 0.4625 0.3875
2 0.489844 0.338889 0.504687 0.354167 0.490625 0.4 0.475 0.384722
2 0.452344 0.326389 0.471875 0.336111 0.460938 0.397222 0.441406 0.3875
0 0.703125 0.390278 0.6875 0.394444 0.672656 0.2625 0.688281 0.256944
