3 0.117969 0.240278 0.0976562 0.265278 0.0765625 0.209722 0.096875 0.184722
3 0.0851563 0.277778 0.119531 0.323611 0.107813 0.35 0.0742188 0.304167
3 0.129688 0.395833 0.103906 0.4 0.100781 0.3375 0.126562 0.333333
2 0.0359375 0.566667 0.059375 0.581944 0.0382813 0.680556 0.0148437 0.665278
3 0.392188 0.0847222 0.413281 0.115278 0.383594 0.177778 0.3625 0.145833
2 0.5125 0.0708333 0.55 0.105556 0.540625 0.1375 0.503125 0.102778
2 0.526563 0.116667 0.563281 0.170833 0.551562 0.194444 0.515625 0.140278
2 0.585156 0.179167 0.571094 0.2 0.539844 0.134722 0.553906 0.113889
2 0.595313 0.15 0.582031 0.170833 0.551562 0.105556 0.564844 0.0847222
2 0.621875 0.0277778 0.66875 0.0277778 0.66875 0.0680556 0.621875 0.0680556
2 0.685156 0.0666667 0.704688 0.0666667 0.704688 0.152778 0.685156 0.152778
2 0.794531 0.0833333 0.742969 0.101389 0.738281 0.0611111 0.789844 0.0430556
3 0.251563 0.547222 0.305469 0.547222 0.305469 0.597222 0.251563 0.597222
3 0.489844 0.490278 0.525781 0.543056 0.508594 0.579167 0.473438 0.526389
3 0.522656 0.533333 0.545312 0.556944 0.522656 0.630556 0.499219 0.608333
2 0.546094 0.554167 0.565625 0.573611 0.540625 0.655556 0.521094 0.636111
2 0.489063 0.697222 0.471875 0.727778 0.430469 0.656944 0.447656 0.625
3 0.421094 0.688889 0.372656 0.736111 0.360938 0.695833 0.408594 0.648611
0 0.332031 0.6 0.354687 0.620833 0.294531 0.816667 0.271875 0.794444
3 0.501563 0.708333 0.554688 0.727778 0.549219 0.776389 0.496094 0.756944
2 0.613281 0.786111 0.594531 0.820833 0.551562 0.745833 0.570312 0.711111
3 0.664062 0.655556 0.688281 0.673611 0.667188 0.7625 0.642969 0.744444
2 0.367188 0.959722 0.336719 0.988889 0.308594 0.895833 0.338281 0.866667
0 0.371094 0.888889 0.485156 0.951389 0.478125 0.994444 0.363281 0.931944
3 0.424219 0.811111 0.450781 0.8375 0.423438 0.926389 0.396875 0.9
1 0.375 0.822222 0.214062 0.979167 0.194531 0.915278 0.355469 0.758333
1 0.520312 0.866667 0.583594 0.866667 0.583594 0.983333 0.520312 0.983333
1 0.635938 0.751389 0.672656 0.756944 0.659375 0.998611 0.622656 0.991667
