3 0.310937 0.880556 0.326562 0.886111 0.320312 0.9375 0.305469 0.933333
3 0.323437 0.879167 0.340625 0.879167 0.340625 0.934722 0.323437 0.934722
0 0.430469 0.645833 0.414844 0.65 0.40625 0.554167 0.421875 0.55
0 0.471094 0.580556 0.534375 0.597222 0.532031 0.623611 0.46875 0.605556
2 0.411719 0.565278 0.401562 0.579167 0.384375 0.541667 0.39375 0.527778
2 0.434375 0.511111 0.425781 0.525 0.407031 0.493056 0.415625 0.477778
3 0.510156 0.548611 0.525 0.548611 0.525 0.594444 0.510156 0.594444
3 0.509375 0.529167 0.486719 0.541667 0.482031 0.513889 0.504687 0.502778
2 0.463281 0.479167 0.474219 0.484722 0.464844 0.534722 0.454688 0.529167
2 0.444531 0.459722 0.463281 0.477778 0.457813 0.495833 0.439063 0.477778
3 0.444531 0.477778 0.461719 0.502778 0.453125 0.519444 0.435937 0.494444
3 0.460156 0.455556 0.449219 0.468056 0.439844 0.4375 0.450781 0.425
0 0.317969 0.344444 0.326562 0.359722 0.289062 0.429167 0.280469 0.413889
0 0.395313 0.315278 0.352344 0.354167 0.347656 0.336111 0.389844 0.298611
2 0.338281 0.316667 0.357812 0.326389 0.354687 0.340278 0.335938 0.330556
2 0.345313 0.3 0.367188 0.3125 0.364063 0.330556 0.342187 0.318056
2 0.364844 0.370833 0.382812 0.391667 0.376563 0.406944 0.359375 0.384722
3 0.374219 0.393056 0.385156 0.408333 0.370312 0.440278 0.359375 0.423611
2 0.4 0.119444 0.420312 0.126389 0.417969 0.144444 0.397656 0.1375
2 0.395313 0.223611 0.372656 0.236111 0.369531 0.218056 0.392188 0.205556
0 0.442969 0.181944 0.400781 0.223611 0.396875 0.211111 0.439063 0.169444
2 0.407031 0.248611 0.391406 0.251389 0.389844 0.234722 0.40625 0.231944
0 0.447656 0.229167 0.399219 0.263889 0.396094 0.252778 0.445312 0.216667
2 0.421875 0.238889 0.427344 0.244444 0.419531 0.269444 0.414062 0.265278
2 0.408594 0.280556 0.390625 0.281944 0.389844 0.269444 0.407813 0.268056
2 0.417187 0.265278 0.399219 0.279167 0.395313 0.265278 0.413281 0.251389
2 0.383594 0.281944 0.402344 0.281944 0.402344 0.295833 0.383594 0.295833
2 0.442969 0.275 0.422656 0.290278 0.41875 0.273611 0.439063 0.258333
2 0.404687 0.301389 0.414844 0.316667 0.403906 0.3375 0.394531 0.323611
0 0.421094 0.298611 0.455469 0.345833 0.448437 0.361111 0.414844 0.313889
0 0.452344 0.25 0.459375 0.268056 0.415625 0.325 0.407813 0.305556
2 0.488281 0.255556 0.478906 0.265278 0.469531 0.233333 0.478906 0.225
2 0.503125 0.226389 0.482812 0.245833 0.477344 0.229167 0.498437 0.209722
2 0.466406 0.213889 0.482812 0.213889 0.482812 0.230556 0.466406 0.230556
2 0.464062 0.186111 0.484375 0.193056 0.482031 0.209722 0.4625 0.201389
3 0.499219 0.1125 0.510156 0.113889 0.507812 0.144444 0.496875 0.143056
2 0.457813 0.308333 0.467187 0.313889 0.460938 0.35 0.451562 0.344444
0 0.490625 0.275 0.499219 0.2875 0.463281 0.363889 0.454688 0.351389
3 0.457813 0.370833 0.477344 0.384722 0.471875 0.406944 0.453125 0.393056
3 0.458594 0.354167 0.479687 0.366667 0.475781 0.3875 0.455469 0.375
3 0.479687 0.326389 0.488281 0.340278 0.473438 0.370833 0.464844 0.356944
0 0.482812 0.347222 0.521094 0.388889 0.516406 0.401389 0.478125 0.359722
1 0.573438 0.301389 0.505469 0.354167 0.499219 0.327778 0.567187 0.275
1 0.560937 0.345833 0.544531 0.3625 0.514844 0.272222 0.530469 0.254167
1 0.582031 0.231944 0.5125 0.261111 0.508594 0.233333 0.578906 0.204167
1 0.592969 0.122222 0.577344 0.134722 0.552344 0.0305556 0.56875 0.0180556
2 0.5 0.141667 0.508594 0.141667 0.508594 0.173611 0.5 0.173611
2 0.539844 0.2 0.517969 0.223611 0.5125 0.206944 0.534375 0.183333
2 0.546094 0.25 0.55625 0.25 0.55625 0.280556 0.546094 0.280556
2 0.557031 0.291667 0.548438 0.301389 0.5375 0.272222 0.546094 0.261111
0 0.564844 0.248611 0.510938 0.272222 0.508594 0.252778 0.561719 0.227778
2 0.53125 0.286111 0.525 0.3 0.507031 0.273611 0.513281 0.261111
3 0.496875 0.279167 0.517188 0.279167 0.517188 0.3 0.496875 0.3
2 0.611719 0.375 0.621875 0.390278 0.602344 0.431944 0.592187 0.415278
0 0.619531 0.333333 0.628125 0.352778 0.578125 0.422222 0.569531 0.402778
0 0.653906 0.338889 0.589844 0.352778 0.588281 0.331944 0.652344 0.316667
2 0.6125 0.297222 0.639844 0.3125 0.636719 0.331944 0.609375 0.315278
3 0.59375 0.2875 0.620313 0.301389 0.614062 0.336111 0.588281 0.322222
3 0.582812 0.322222 0.592969 0.334722 0.578906 0.370833 0.569531 0.358333
3 0.548438 0.352778 0.571875 0.352778 0.571875 0.373611 0.548438 0.373611
2 0.561719 0.3875 0.555469 0.4 0.535156 0.372222 0.540625 0.358333
2 0.559375 0.370833 0.578906 0.394444 0.574219 0.406944 0.554688 0.384722
2 0.586719 0.345833 0.592969 0.359722 0.573438 0.390278 0.567187 0.377778
2 0.576562 0.281944 0.582031 0.298611 0.558594 0.323611 0.553125 0.308333
