2 0.514844 0.444444 0.527344 0.456944 0.524219 0.468056 0.511719 0.455556
2 0.475 0.576389 0.46875 0.584722 0.459375 0.561111 0.465625 0.552778
2 0.535156 0.536111 0.553906 0.536111 0.553906 0.554167 0.535156 0.554167
2 0.498437 0.584722 0.508594 0.584722 0.508594 0.6 0.498437 0.6
0 0.527344 0.526389 0.532813 0.540278 0.498437 0.588889 0.492969 0.575
2 0.590625 0.544444 0.599219 0.544444 0.599219 0.566667 0.590625 0.566667
2 0.632031 0.545833 0.608594 0.558333 0.605469 0.540278 0.629687 0.527778
2 0.813281 0.416667 0.789844 0.434722 0.785937 0.418056 0.808594 0.4
2 0.749219 0.438889 0.759375 0.447222 0.751563 0.480556 0.741406 0.473611
2 0.798438 0.468056 0.769531 0.475 0.767969 0.452778 0.797656 0.447222
2 0.769531 0.541667 0.759375 0.55 0.747656 0.509722 0.757812 0.5
2 0.715625 0.495833 0.708594 0.508333 0.69375 0.483333 0.701562 0.470833
2 0.708594 0.504167 0.702344 0.518056 0.688281 0.495833 0.694531 0.483333
2 0.686719 0.545833 0.669531 0.558333 0.665625 0.540278 0.682813 0.529167
3 0.709375 0.497222 0.720313 0.505556 0.7125 0.5375 0.701562 0.529167
3 0.694531 0.506944 0.705469 0.506944 0.705469 0.540278 0.694531 0.540278
3 0.684375 0.515278 0.696094 0.515278 0.696094 0.555556 0.684375 0.555556
0 0.690625 0.498611 0.638281 0.518056 0.636719 0.501389 0.689063 0.481944
1 0.696875 0.584722 0.628125 0.623611 0.623437 0.598611 0.692187 0.559722
3 0.690625 0.601389 0.664844 0.615278 0.660937 0.594444 0.686719 0.580556
2 0.636719 0.608333 0.659375 0.622222 0.65625 0.641667 0.632812 0.629167
0 0.705469 0.568056 0.759375 0.597222 0.755469 0.622222 0.701562 0.591667
3 0.728906 0.6375 0.746094 0.6375 0.746094 0.686111 0.728906 0.686111
2 0.642188 0.720833 0.6125 0.733333 0.609375 0.713889 0.639062 0.7
0 0.578906 0.672222 0.607031 0.672222 0.607031 0.694444 0.578906 0.694444
0 0.601562 0.708333 0.542969 0.738889 0.539062 0.715278 0.597656 0.684722
2 0.432031 0.713889 0.442188 0.713889 0.442188 0.730556 0.432031 0.730556
2 0.526563 0.701389 0.536719 0.706944 0.527344 0.759722 0.517188 0.752778
3 0.532813 0.718056 0.54375 0.726389 0.535156 0.763889 0.524219 0.755556
3 0.519531 0.759722 0.495312 0.773611 0.492969 0.759722 0.517188 0.747222
0 0.557031 0.759722 0.489063 0.788889 0.485938 0.769444 0.554688 0.738889
2 0.61875 0.776389 0.611719 0.794444 0.585156 0.7625 0.591406 0.745833
2 0.577344 0.790278 0.609375 0.790278 0.609375 0.811111 0.577344 0.811111
0 0.527344 0.791667 0.573438 0.825 0.570312 0.836111 0.525 0.804167
1 0.528906 0.770833 0.592969 0.806944 0.586719 0.843056 0.522656 0.806944
1 0.601562 0.791667 0.624219 0.8125 0.582812 0.948611 0.560156 0.926389
2 0.59375 0.965278 0.632031 0.965278 0.632031 0.998611 0.59375 0.998611
3 0.570312 0.940278 0.598437 0.95 0.594531 0.984722 0.565625 0.975
2 0.528125 0.951389 0.495312 0.976389 0.488281 0.947222 0.521875 0.922222
0 0.4125 0.904167 0.354687 0.9125 0.354687 0.898611 0.4125 0.890278
2 0.549219 0.883333 0.517969 0.890278 0.516406 0.866667 0.547656 0.859722
