2 0.204687 0.104167 0.21875 0.105556 0.217969 0.119444 0.203906 0.116667
2 0.228906 0.138889 0.236719 0.144444 0.229687 0.172222 0.222656 0.166667
2 0.245312 0.123611 0.264844 0.123611 0.264844 0.1375 0.245312 0.1375
0 0.235156 0.115278 0.25625 0.140278 0.252344 0.152778 0.230469 0.126389
0 0.211719 0.130556 0.240625 0.133333 0.239844 0.144444 0.210938 0.143056
2 0.246875 0.165278 0.264844 0.179167 0.261719 0.193056 0.242969 0.180556
0 0.274219 0.1625 0.310156 0.1625 0.310156 0.177778 0.274219 0.177778
2 0.349219 0.147222 0.357031 0.155556 0.347656 0.1875 0.339844 0.179167
2 0.403125 0.130556 0.425 0.130556 0.425 0.148611 0.403125 0.148611
2 0.375 0.226389 0.390625 0.226389 0.390625 0.247222 0.375 0.247222
2 0.36875 0.255556 0.385937 0.255556 0.385937 0.275 0.36875 0.275
2 0.413281 0.233333 0.43125 0.247222 0.427344 0.263889 0.409375 0.25
2 0.428906 0.209722 0.439063 0.209722 0.439063 0.248611 0.428906 0.248611
2 0.414844 0.281944 0.39375 0.302778 0.389062 0.290278 0.410156 0.269444
0 0.438281 0.234722 0.446094 0.25 0.40625 0.3125 0.398438 0.297222
0 0.398438 0.309722 0.354687 0.358333 0.347656 0.3375 0.391406 0.290278
2 0.346875 0.3 0.367969 0.3125 0.364844 0.330556 0.34375 0.319444
2 0.339062 0.313889 0.357031 0.323611 0.353906 0.343056 0.335938 0.333333
0 0.316406 0.343056 0.326562 0.359722 0.289062 0.429167 0.279687 0.413889
2 0.359375 0.380556 0.382031 0.397222 0.378125 0.4125 0.355469 0.395833
2 0.476562 0.108333 0.492188 0.119444 0.489063 0.133333 0.473438 0.122222
0 0.511719 0.106944 0.503125 0.109722 0.496875 0.0569444 0.505469 0.0527778
3 0.519531 0.0597222 0.534375 0.0777778 0.528125 0.0944444 0.5125 0.0763889
2 0.535156 0.111111 0.514844 0.125 0.510938 0.108333 0.530469 0.0944444
0 0.513281 0.122222 0.521875 0.131944 0.496094 0.208333 0.4875 0.198611
2 0.494531 0.213889 0.485156 0.222222 0.475781 0.184722 0.485156 0.177778
2 0.567969 0.0277778 0.578125 0.0319444 0.572656 0.0736111 0.5625 0.0694444
2 0.565625 0.0833333 0.574219 0.0958333 0.558594 0.127778 0.550781 0.115278
1 0.690625 0.0861111 0.679688 0.106944 0.636719 0.0347222 0.648438 0.0138889
1 0.657031 0.0763889 0.644531 0.0958333 0.608594 0.0180556 0.621094 0
0 0.398438 0.341667 0.444531 0.366667 0.442188 0.381944 0.396094 0.355556
2 0.465625 0.345833 0.446094 0.375 0.439844 0.361111 0.459375 0.331944
0 0.479687 0.304167 0.485938 0.315278 0.448437 0.388889 0.442188 0.377778
3 0.453125 0.373611 0.463281 0.3875 0.447656 0.420833 0.4375 0.405556
3 0.496875 0.276389 0.519531 0.276389 0.519531 0.3 0.496875 0.3
2 0.528125 0.286111 0.51875 0.293056 0.509375 0.252778 0.517969 0.245833
2 0.561719 0.254167 0.551562 0.259722 0.544531 0.223611 0.554688 0.218056
2 0.560156 0.276389 0.550781 0.284722 0.539844 0.25 0.549219 0.241667
2 0.597656 0.294444 0.5875 0.304167 0.575781 0.265278 0.585938 0.255556
1 0.575 0.304167 0.507031 0.355556 0.499219 0.325 0.567969 0.273611
1 0.560156 0.347222 0.546094 0.361111 0.513281 0.268056 0.526563 0.252778
2 0.578125 0.368056 0.56875 0.380556 0.55625 0.348611 0.565625 0.336111
3 0.601562 0.356944 0.576562 0.370833 0.571875 0.343056 0.597656 0.329167
3 0.598437 0.305556 0.626563 0.305556 0.626563 0.327778 0.598437 0.327778
2 0.828125 0.363889 0.796094 0.395833 0.789062 0.372222 0.821094 0.341667
0 0.669531 0.326389 0.602344 0.348611 0.6 0.325 0.667188 0.302778
3 0.542188 0.372222 0.56875 0.386111 0.564844 0.405556 0.539062 0.391667
2 0.545312 0.393056 0.571875 0.406944 0.567969 0.426389 0.542188 0.411111
2 0.535937 0.393056 0.553125 0.427778 0.546094 0.440278 0.528125 0.404167
2 0.496094 0.444444 0.507812 0.447222 0.503125 0.494444 0.491406 0.491667
2 0.521094 0.509722 0.532813 0.516667 0.524219 0.565278 0.5125 0.559722
0 0.544531 0.426389 0.552344 0.444444 0.503125 0.515278 0.494531 0.497222
3 0.348438 0.452778 0.363281 0.475 0.354687 0.491667 0.340625 0.470833
3 0.438281 0.466667 0.427344 0.475 0.419531 0.441667 0.430469 0.433333
0 0.424219 0.461111 0.453906 0.526389 0.446094 0.538889 0.415625 0.472222
2 0.432031 0.506944 0.439844 0.519444 0.426563 0.547222 0.41875 0.534722
2 0.397656 0.516667 0.419531 0.523611 0.417187 0.543056 0.395313 0.536111
3 0.396094 0.501389 0.417187 0.508333 0.414844 0.526389 0.394531 0.518056
3 0.385156 0.538889 0.396875 0.538889 0.396875 0.577778 0.385156 0.577778
3 0.394531 0.552778 0.403906 0.552778 0.403906 0.593056 0.394531 0.593056
2 0.310937 0.6125 0.3 0.613889 0.297656 0.569444 0.308594 0.568056
2 0.289062 0.611111 0.278906 0.622222 0.26875 0.5875 0.278906 0.577778
3 0.329688 0.6125 0.344531 0.623611 0.335938 0.661111 0.321094 0.65
3 0.464062 0.638889 0.455469 0.655556 0.435937 0.627778 0.44375 0.609722
3 0.355469 0.770833 0.346094 0.786111 0.329688 0.752778 0.339844 0.7375
0 0.314063 0.731944 0.357812 0.797222 0.35 0.815278 0.30625 0.75
3 0.307812 0.876389 0.3 0.904167 0.278906 0.883333 0.285938 0.856944
3 0.253906 0.863889 0.280469 0.863889 0.280469 0.890278 0.253906 0.890278
2 0.178125 0.563889 0.202344 0.563889 0.202344 0.584722 0.178125 0.584722
0 0.525 0.670833 0.5875 0.731944 0.579688 0.758333 0.516406 0.697222
