0 0.274219 0.45 0.254688 0.452778 0.246875 0.3125 0.266406 0.308333
3 0.291406 0.809722 0.332813 0.809722 0.332813 0.851389 0.291406 0.851389
3 0.342187 0.756944 0.317969 0.761111 0.313281 0.680556 0.3375 0.676389
2 0.382812 0.602778 0.425 0.611111 0.423438 0.640278 0.380469 0.631944
3 0.384375 0.5375 0.414062 0.573611 0.403125 0.602778 0.373437 0.566667
3 0.419531 0.879167 0.398438 0.883333 0.39375 0.802778 0.414844 0.8
2 0.45 0.934722 0.434375 0.941667 0.425 0.856944 0.440625 0.851389
2 0.432812 0.769444 0.470313 0.815278 0.458594 0.843056 0.421875 0.798611
0 0.460156 0.809722 0.475781 0.815278 0.455469 0.993056 0.439844 0.9875
2 0.522656 0.866667 0.510156 0.888889 0.475781 0.830556 0.488281 0.808333
2 0.461719 0.9125 0.480469 0.9125 0.480469 0.995833 0.461719 0.995833
3 0.530469 0.825 0.514844 0.840278 0.495312 0.777778 0.511719 0.761111
0 0.532813 0.741667 0.45 0.7875 0.445312 0.758333 0.528125 0.713889
2 0.555469 0.683333 0.571875 0.683333 0.571875 0.759722 0.555469 0.759722
3 0.601562 0.766667 0.571875 0.788889 0.564844 0.758333 0.594531 0.736111
3 0.602344 0.768056 0.623437 0.827778 0.607031 0.847222 0.585156 0.7875
3 0.622656 0.698611 0.598437 0.736111 0.585938 0.709722 0.610156 0.673611
1 0.624219 0.570833 0.646875 0.575 0.635938 0.756944 0.614062 0.754167
3 0.635938 0.672222 0.653906 0.679167 0.647656 0.731944 0.629687 0.726389
0 0.6625 0.609722 0.675781 0.616667 0.654687 0.755556 0.641406 0.75
2 0.739844 0.627778 0.776563 0.668056 0.766406 0.695833 0.730469 0.655556
2 0.722656 0.506944 0.7375 0.506944 0.7375 0.561111 0.722656 0.561111
2 0.707031 0.481944 0.721875 0.481944 0.721875 0.538889 0.707031 0.538889
1 0.638281 0.491667 0.735938 0.556944 0.727344 0.595833 0.629687 0.530556
1 0.971875 0.6875 0.877344 0.720833 0.873437 0.684722 0.967187 0.65
0 0.933594 0.670833 0.917969 0.673611 0.910937 0.540278 0.925781 0.5375
0 0.832031 0.625 0.814844 0.631944 0.801562 0.513889 0.81875 0.508333
2 0.826562 0.529167 0.864844 0.529167 0.864844 0.554167 0.826562 0.554167
2 0.864844 0.523611 0.851562 0.533333 0.841406 0.490278 0.854688 0.479167
2 0.808594 0.423611 0.824219 0.433333 0.814844 0.488889 0.799219 0.480556
2 0.928125 0.381944 0.899219 0.391667 0.896875 0.365278 0.925781 0.355556
3 0.821094 0.191667 0.845313 0.220833 0.836719 0.244444 0.8125 0.213889
2 0.83125 0.193056 0.853125 0.220833 0.848437 0.233333 0.826562 0.206944
2 0.724219 0.197222 0.736719 0.206944 0.725 0.254167 0.713281 0.245833
3 0.771094 0.248611 0.784375 0.265278 0.76875 0.304167 0.75625 0.2875
0 0.778906 0.4125 0.761719 0.422222 0.741406 0.309722 0.758594 0.3
2 0.750781 0.486111 0.739844 0.505556 0.715625 0.4625 0.726562 0.444444
2 0.692187 0.423611 0.721875 0.440278 0.717969 0.466667 0.6875 0.45
2 0.725 0.3875 0.700781 0.411111 0.692969 0.386111 0.717969 0.3625
2 0.689063 0.393056 0.714063 0.425 0.70625 0.445833 0.68125 0.413889
2 0.683594 0.402778 0.667188 0.411111 0.659375 0.366667 0.675781 0.358333
2 0.679688 0.338889 0.703125 0.373611 0.694531 0.391667 0.671094 0.356944
0 0.788281 0.202778 0.846875 0.245833 0.842187 0.268056 0.782813 0.223611
2 0.424219 0.491667 0.464062 0.491667 0.464062 0.520833 0.424219 0.520833
2 0.514062 0.505556 0.475781 0.5125 0.475 0.493056 0.513281 0.486111
3 0.521094 0.481944 0.490625 0.4875 0.489063 0.4625 0.519531 0.456944
0 0.54375 0.386111 0.557031 0.398611 0.524219 0.504167 0.511719 0.491667
3 0.575 0.447222 0.589844 0.461111 0.575781 0.505556 0.561719 0.490278
2 0.652344 0.270833 0.682813 0.276389 0.68125 0.302778 0.650781 0.297222
2 0.599219 0.261111 0.633594 0.268056 0.632031 0.291667 0.597656 0.286111
2 0.604688 0.323611 0.617969 0.330556 0.608594 0.381944 0.596094 0.375
3 0.591406 0.372222 0.603906 0.384722 0.590625 0.425 0.578906 0.413889
2 0.636719 0.236111 0.673438 0.236111 0.673438 0.255556 0.636719 0.255556
0 0.675781 0.238889 0.610938 0.243056 0.610156 0.220833 0.675 0.216667
0 0.514062 0.223611 0.501563 0.230556 0.482031 0.119444 0.495312 0.1125
0 0.500781 0.275 0.429688 0.329167 0.424219 0.304167 0.494531 0.25
2 0.528906 0.4 0.51875 0.406944 0.503906 0.347222 0.514844 0.338889
2 0.514062 0.322222 0.544531 0.345833 0.539062 0.366667 0.508594 0.344444
0 0.501563 0.290278 0.564063 0.351389 0.557031 0.373611 0.494531 0.3125
3 0.547656 0.308333 0.567969 0.338889 0.558594 0.358333 0.538281 0.326389
2 0.541406 0.263889 0.526563 0.316667 0.513281 0.304167 0.528125 0.252778
2 0.539062 0.279167 0.564063 0.309722 0.557031 0.326389 0.532031 0.297222
2 0.525781 0.226389 0.557813 0.226389 0.557813 0.251389 0.525781 0.251389
2 0.601562 0.334722 0.594531 0.351389 0.573438 0.322222 0.58125 0.304167
3 0.583594 0.329167 0.597656 0.347222 0.584375 0.381944 0.570312 0.363889
0 0.574219 0.2875 0.648438 0.323611 0.645312 0.345833 0.570312 0.311111
