2 0.598437 0.606944 0.614844 0.606944 0.614844 0.636111 0.598437 0.636111
0 0.580469 0.633333 0.532813 0.668056 0.527344 0.643056 0.575 0.606944
2 0.517188 0.604167 0.539844 0.604167 0.539844 0.626389 0.517188 0.626389
0 0.514844 0.601389 0.520312 0.615278 0.490625 0.656944 0.485156 0.644444
3 0.460938 0.573611 0.473438 0.573611 0.473438 0.590278 0.460938 0.590278
1 0.364844 0.559722 0.353906 0.566667 0.341406 0.494444 0.352344 0.488889
2 0.375781 0.513889 0.385156 0.513889 0.385156 0.523611 0.375781 0.523611
2 0.361719 0.527778 0.371875 0.527778 0.371875 0.5375 0.361719 0.5375
0 0.3875 0.538889 0.357812 0.545833 0.357031 0.536111 0.386719 0.527778
0 0.389844 0.533333 0.403125 0.55 0.399219 0.559722 0.385937 0.543056
2 0.404687 0.5375 0.414844 0.5375 0.414844 0.551389 0.404687 0.551389
2 0.395313 0.5375 0.403906 0.5375 0.403906 0.547222 0.395313 0.547222
2 0.399219 0.529167 0.410938 0.529167 0.410938 0.538889 0.399219 0.538889
2 0.421094 0.538889 0.435937 0.538889 0.435937 0.55 0.421094 0.55
3 0.430469 0.548611 0.441406 0.548611 0.441406 0.563889 0.430469 0.563889
0 0.438281 0.558333 0.470313 0.558333 0.470313 0.568056 0.438281 0.568056
0 0.446094 0.513889 0.41875 0.518056 0.417969 0.509722 0.445312 0.505556
3 0.421094 0.516667 0.434375 0.516667 0.434375 0.527778 0.421094 0.527778
2 0.414844 0.527778 0.428906 0.527778 0.428906 0.538889 0.414844 0.538889
2 0.446094 0.545833 0.4625 0.545833 0.4625 0.554167 0.446094 0.554167
2 0.454688 0.538889 0.465625 0.538889 0.465625 0.548611 0.454688 0.548611
2 0.45625 0.551389 0.467969 0.551389 0.467969 0.559722 0.45625 0.559722
2 0.4375 0.534722 0.444531 0.534722 0.444531 0.551389 0.4375 0.551389
3 0.476562 0.559722 0.484375 0.559722 0.484375 0.581944 0.476562 0.581944
2 0.475781 0.544444 0.490625 0.544444 0.490625 0.556944 0.475781 0.556944
2 0.457813 0.519444 0.464844 0.519444 0.464844 0.534722 0.457813 0.534722
3 0.488281 0.538889 0.475 0.545833 0.472656 0.531944 0.485938 0.525
1 0.54375 0.488889 0.538281 0.497222 0.525781 0.469444 0.53125 0.461111
2 0.542188 0.477778 0.55 0.477778 0.55 0.491667 0.542188 0.491667
2 0.725781 0.4875 0.742188 0.4875 0.742188 0.5 0.725781 0.5
0 0.764062 0.486111 0.714844 0.497222 0.713281 0.481944 0.763281 0.469444
3 0.686719 0.484722 0.7 0.484722 0.7 0.501389 0.686719 0.501389
1 0.650781 0.469444 0.696875 0.469444 0.696875 0.494444 0.650781 0.494444
2 0.6875 0.456944 0.707812 0.456944 0.707812 0.470833 0.6875 0.470833
1 0.646875 0.4625 0.651563 0.472222 0.634375 0.501389 0.629687 0.491667
2 0.621875 0.45 0.6375 0.45 0.6375 0.463889 0.621875 0.463889
0 0.639062 0.461111 0.678906 0.461111 0.678906 0.470833 0.639062 0.470833
3 0.629687 0.469444 0.642188 0.469444 0.642188 0.484722 0.629687 0.484722
1 0.582031 0.472222 0.615625 0.479167 0.614844 0.494444 0.58125 0.4875
3 0.602344 0.488889 0.617188 0.488889 0.617188 0.505556 0.602344 0.505556
0 0.48125 0.518056 0.44375 0.526389 0.442969 0.516667 0.480469 0.506944
0 0.46875 0.504167 0.489063 0.504167 0.489063 0.5125 0.46875 0.5125
2 0.509375 0.491667 0.522656 0.491667 0.522656 0.501389 0.509375 0.501389
3 0.494531 0.5 0.507031 0.5 0.507031 0.511111 0.494531 0.511111
3 0.503125 0.498611 0.514844 0.498611 0.514844 0.508333 0.503125 0.508333
3 0.515625 0.477778 0.523438 0.477778 0.523438 0.495833 0.515625 0.495833
3 0.503125 0.477778 0.515625 0.477778 0.515625 0.4875 0.503125 0.4875
