2 0.392969 0.231944 0.4 0.231944 0.4 0.243056 0.392969 0.243056
1 0.369531 0.277778 0.359375 0.279167 0.35625 0.218056 0.365625 0.216667
0 0.371094 0.248611 0.392969 0.252778 0.392188 0.2625 0.370312 0.258333
2 0.440625 0.241667 0.446875 0.241667 0.446875 0.258333 0.440625 0.258333
0 0.420312 0.254167 0.439844 0.265278 0.4375 0.276389 0.417969 0.266667
0 0.384375 0.275 0.390625 0.275 0.390625 0.301389 0.384375 0.301389
2 0.39375 0.284722 0.401562 0.284722 0.401562 0.298611 0.39375 0.298611
2 0.397656 0.269444 0.409375 0.269444 0.409375 0.280556 0.397656 0.280556
2 0.396094 0.275 0.403906 0.275 0.403906 0.288889 0.396094 0.288889
2 0.403125 0.298611 0.414062 0.298611 0.414062 0.3125 0.403125 0.3125
3 0.401562 0.316667 0.4125 0.316667 0.4125 0.330556 0.401562 0.330556
2 0.416406 0.304167 0.421875 0.304167 0.421875 0.323611 0.416406 0.323611
2 0.410156 0.323611 0.422656 0.323611 0.422656 0.3375 0.410156 0.3375
2 0.420312 0.306944 0.426563 0.306944 0.426563 0.326389 0.420312 0.326389
2 0.432812 0.298611 0.4375 0.298611 0.4375 0.313889 0.432812 0.313889
2 0.451562 0.277778 0.461719 0.277778 0.461719 0.2875 0.451562 0.2875
2 0.4625 0.275 0.471094 0.275 0.471094 0.2875 0.4625 0.2875
2 0.459375 0.276389 0.466406 0.276389 0.466406 0.288889 0.459375 0.288889
1 0.5 0.283333 0.507031 0.284722 0.503125 0.315278 0.496875 0.313889
2 0.503125 0.304167 0.508594 0.304167 0.508594 0.322222 0.503125 0.322222
2 0.485938 0.277778 0.492188 0.277778 0.492188 0.298611 0.485938 0.298611
2 0.477344 0.3 0.485156 0.3 0.485156 0.315278 0.477344 0.315278
0 0.446875 0.286111 0.469531 0.293056 0.46875 0.3 0.446094 0.293056
0 0.428125 0.283333 0.451562 0.290278 0.450781 0.3 0.427344 0.293056
0 0.403125 0.330556 0.424219 0.35 0.421094 0.359722 0.400781 0.338889
3 0.414844 0.363889 0.425 0.363889 0.425 0.381944 0.414844 0.381944
3 0.421875 0.356944 0.43125 0.356944 0.43125 0.373611 0.421875 0.373611
3 0.432031 0.356944 0.441406 0.356944 0.441406 0.372222 0.432031 0.372222
3 0.403906 0.365278 0.411719 0.365278 0.411719 0.381944 0.403906 0.381944
2 0.413281 0.338889 0.421875 0.338889 0.421875 0.351389 0.413281 0.351389
2 0.428125 0.341667 0.4375 0.341667 0.4375 0.352778 0.428125 0.352778
2 0.411719 0.440278 0.425781 0.440278 0.425781 0.459722 0.411719 0.459722
0 0.419531 0.440278 0.385937 0.466667 0.382812 0.454167 0.416406 0.429167
0 0.440625 0.493056 0.400781 0.497222 0.400781 0.481944 0.439844 0.477778
2 0.45 0.488889 0.457031 0.488889 0.457031 0.5125 0.45 0.5125
2 0.586719 0.4375 0.596094 0.4375 0.596094 0.458333 0.586719 0.458333
0 0.585938 0.427778 0.621094 0.440278 0.619531 0.452778 0.584375 0.440278
2 0.573438 0.422222 0.584375 0.422222 0.584375 0.436111 0.573438 0.436111
2 0.578125 0.408333 0.59375 0.408333 0.59375 0.420833 0.578125 0.420833
2 0.591406 0.381944 0.603906 0.381944 0.603906 0.401389 0.591406 0.401389
2 0.577344 0.380556 0.585156 0.380556 0.585156 0.4 0.577344 0.4
0 0.589844 0.380556 0.585156 0.3875 0.564844 0.352778 0.569531 0.344444
2 0.5625 0.327778 0.575 0.327778 0.575 0.343056 0.5625 0.343056
1 0.558594 0.373611 0.589844 0.404167 0.585938 0.416667 0.553906 0.386111
0 0.570312 0.368056 0.546094 0.388889 0.54375 0.379167 0.567187 0.358333
3 0.550781 0.358333 0.561719 0.358333 0.561719 0.370833 0.550781 0.370833
3 0.525781 0.361111 0.534375 0.361111 0.534375 0.377778 0.525781 0.377778
1 0.540625 0.366667 0.534375 0.373611 0.521875 0.334722 0.528906 0.327778
