2 0.325781 0.00694444 0.370312 0.0236111 0.366406 0.0583333 0.321875 0.0416667
2 0.3625 0.00555556 0.403125 0.00555556 0.403125 0.0333333 0.3625 0.0333333
2 0.370312 0.0347222 0.389844 0.0458333 0.379688 0.104167 0.360156 0.0930556
2 0.457813 0.125 0.44375 0.143056 0.420312 0.0819444 0.434375 0.0638889
2 0.378906 0.138889 0.422656 0.155556 0.41875 0.1875 0.375 0.172222
0 0.389844 0.35 0.408594 0.354167 0.399219 0.515278 0.380469 0.5125
2 0.569531 0.0652778 0.554688 0.0708333 0.547656 0.0111111 0.563281 0.00555556
2 0.653906 0.0694444 0.665625 0.0805556 0.65 0.130556 0.638281 0.118056
0 0.566406 0.0944444 0.579688 0.0944444 0.579688 0.220833 0.566406 0.220833
3 0.539844 0.240278 0.567969 0.261111 0.560156 0.293056 0.532031 0.270833
0 0.534375 0.440278 0.519531 0.454167 0.483594 0.331944 0.498437 0.318056
3 0.503125 0.454167 0.490625 0.472222 0.466406 0.420833 0.478125 0.402778
3 0.4875 0.473611 0.464062 0.495833 0.45625 0.469444 0.479687 0.447222
3 0.504687 0.445833 0.516406 0.461111 0.5 0.504167 0.488281 0.488889
3 0.466406 0.483333 0.498437 0.513889 0.489063 0.543056 0.457813 0.5125
3 0.4875 0.545833 0.505469 0.555556 0.495312 0.6125 0.477344 0.602778
3 0.482031 0.677778 0.463281 0.697222 0.446094 0.638889 0.464844 0.620833
3 0.460156 0.708333 0.48125 0.708333 0.48125 0.779167 0.460156 0.779167
0 0.492969 0.745833 0.476562 0.75 0.465625 0.584722 0.48125 0.580556
3 0.49375 0.679167 0.513281 0.679167 0.513281 0.747222 0.49375 0.747222
2 0.510938 0.598611 0.525 0.606944 0.5125 0.677778 0.498437 0.669444
2 0.51875 0.598611 0.532031 0.601389 0.527344 0.672222 0.514844 0.670833
2 0.534375 0.620833 0.571094 0.640278 0.565625 0.670833 0.528906 0.65
2 0.514844 0.561111 0.552344 0.568056 0.550781 0.597222 0.5125 0.590278
2 0.525781 0.504167 0.539062 0.509722 0.532031 0.570833 0.51875 0.565278
0 0.545312 0.413889 0.557813 0.419444 0.539062 0.555556 0.526563 0.55
0 0.527344 0.586111 0.599219 0.598611 0.597656 0.626389 0.525781 0.613889
3 0.514062 0.895833 0.532031 0.908333 0.515625 0.980556 0.497656 0.966667
3 0.559375 0.854167 0.592187 0.872222 0.585938 0.906944 0.553125 0.888889
1 0.605469 0.775 0.682031 0.775 0.682031 0.818056 0.605469 0.818056
3 0.6375 0.733333 0.664062 0.768056 0.653906 0.793056 0.627344 0.758333
2 0.625781 0.719444 0.639062 0.729167 0.625781 0.784722 0.6125 0.773611
3 0.686719 0.683333 0.696094 0.7 0.676562 0.733333 0.667188 0.716667
2 0.735938 0.755556 0.724219 0.776389 0.697656 0.730556 0.710156 0.709722
0 0.739062 0.788889 0.685156 0.808333 0.682031 0.783333 0.736719 0.763889
2 0.959375 0.916667 0.967187 0.918056 0.963281 0.976389 0.955469 0.975
0 0.8875 0.775 0.903125 0.777778 0.896094 0.898611 0.88125 0.895833
2 0.901563 0.736111 0.910156 0.754167 0.888281 0.784722 0.880469 0.766667
2 0.903906 0.594444 0.924219 0.594444 0.924219 0.618056 0.903906 0.618056
2 0.7625 0.590278 0.775781 0.604167 0.763281 0.644444 0.75 0.630556
0 0.696875 0.631944 0.707031 0.651389 0.660156 0.731944 0.650781 0.7125
0 0.723437 0.552778 0.659375 0.575 0.657031 0.552778 0.721094 0.529167
1 0.632031 0.586111 0.613281 0.613889 0.550781 0.483333 0.569531 0.454167
2 0.642188 0.566667 0.632812 0.591667 0.60625 0.5625 0.615625 0.5375
2 0.642969 0.561111 0.635156 0.573611 0.614062 0.529167 0.621875 0.516667
3 0.591406 0.498611 0.620313 0.498611 0.620313 0.526389 0.591406 0.526389
2 0.604688 0.438889 0.575781 0.466667 0.56875 0.445833 0.597656 0.418056
2 0.645312 0.388889 0.628906 0.394444 0.621875 0.334722 0.638281 0.329167
1 0.69375 0.523611 0.677344 0.552778 0.614062 0.4375 0.63125 0.408333
2 0.703125 0.497222 0.685156 0.519444 0.678906 0.502778 0.696875 0.480556
2 0.689844 0.475 0.678125 0.508333 0.66875 0.497222 0.680469 0.465278
0 0.664062 0.470833 0.651563 0.475 0.639062 0.359722 0.650781 0.355556
2 0.66875 0.4 0.683594 0.4 0.683594 0.443056 0.66875 0.443056
2 0.678125 0.459722 0.666406 0.472222 0.648438 0.418056 0.660937 0.405556
2 0.709375 0.479167 0.697656 0.484722 0.6875 0.429167 0.7 0.422222
2 0.713281 0.468056 0.701562 0.470833 0.697656 0.416667 0.709375 0.413889
2 0.707031 0.406944 0.717187 0.406944 0.717187 0.459722 0.707031 0.459722
2 0.763281 0.348611 0.735156 0.363889 0.732031 0.343056 0.759375 0.327778
2 0.728125 0.288889 0.739062 0.291667 0.732812 0.343056 0.722656 0.338889
2 0.7375 0.291667 0.761719 0.291667 0.761719 0.3125 0.7375 0.3125
2 0.767188 0.275 0.742969 0.298611 0.7375 0.281944 0.761719 0.256944
0 0.788281 0.405556 0.802344 0.409722 0.791406 0.509722 0.776563 0.504167
3 0.825 0.409722 0.846094 0.430556 0.8375 0.458333 0.816406 0.4375
3 0.839844 0.325 0.858594 0.352778 0.848437 0.373611 0.830469 0.345833
0 0.74375 0.559722 0.796875 0.588889 0.792969 0.6125 0.739844 0.581944
2 0.830469 0.268056 0.842969 0.268056 0.842969 0.313889 0.830469 0.313889
1 0.878906 0.140278 0.892188 0.152778 0.866406 0.236111 0.853906 0.222222
