0 0.772656 0.497222 0.707812 0.505556 0.707031 0.4875 0.771875 0.477778
0 0.663281 0.427778 0.711719 0.454167 0.707812 0.472222 0.660156 0.447222
1 0.803906 0.45 0.727344 0.5 0.721875 0.472222 0.798438 0.422222
0 0.802344 0.402778 0.84375 0.425 0.839844 0.448611 0.797656 0.426389
1 0.814844 0.422222 0.823438 0.448611 0.782813 0.4875 0.775 0.461111
2 0.9125 0.486111 0.91875 0.508333 0.889062 0.536111 0.882812 0.513889
0 0.942969 0.476389 0.949219 0.501389 0.895312 0.55 0.888281 0.525
0 0.929688 0.498611 0.939063 0.518056 0.894531 0.580556 0.885938 0.561111
3 0.885156 0.569444 0.921094 0.575 0.91875 0.606944 0.883594 0.601389
3 0.882812 0.554167 0.892969 0.577778 0.86875 0.609722 0.859375 0.586111
3 0.842187 0.579167 0.859375 0.579167 0.859375 0.630556 0.842187 0.630556
2 0.582031 0.759722 0.614062 0.784722 0.607812 0.811111 0.575781 0.786111
0 0.440625 0.752778 0.490625 0.804167 0.483594 0.826389 0.432812 0.775
0 0.659375 0.644444 0.670312 0.6625 0.632031 0.738889 0.621094 0.720833
2 0.665625 0.652778 0.633594 0.659722 0.632031 0.638889 0.664844 0.631944
2 0.65 0.620833 0.653906 0.643056 0.621875 0.661111 0.617969 0.638889
3 0.608594 0.627778 0.623437 0.658333 0.611719 0.675 0.596875 0.644444
2 0.574219 0.636111 0.579688 0.656944 0.55 0.680556 0.545312 0.658333
2 0.660937 0.591667 0.673438 0.601389 0.664062 0.643056 0.651563 0.633333
2 0.717969 0.563889 0.729688 0.580556 0.710938 0.618056 0.7 0.601389
3 0.538281 0.579167 0.560937 0.579167 0.560937 0.606944 0.538281 0.606944
2 0.458594 0.5125 0.439063 0.515278 0.438281 0.497222 0.458594 0.495833
2 0.448437 0.491667 0.429688 0.504167 0.426563 0.488889 0.445312 0.476389
0 0.510938 0.515278 0.535156 0.541667 0.528906 0.558333 0.505469 0.530556
0 0.655469 0.5625 0.688281 0.5625 0.688281 0.577778 0.655469 0.577778
2 0.675781 0.55 0.703906 0.55 0.703906 0.568056 0.675781 0.568056
1 0.742969 0.552778 0.659375 0.559722 0.658594 0.536111 0.742969 0.527778
0 0.615625 0.547222 0.648438 0.569444 0.644531 0.5875 0.611719 0.563889
0 0.614844 0.565278 0.657031 0.575 0.65625 0.5875 0.614062 0.577778
2 0.607812 0.530556 0.615625 0.541667 0.603906 0.565278 0.596094 0.554167
3 0.558594 0.523611 0.579688 0.523611 0.579688 0.541667 0.558594 0.541667
2 0.603125 0.501389 0.585156 0.508333 0.582812 0.491667 0.600781 0.484722
2 0.574219 0.481944 0.584375 0.481944 0.584375 0.508333 0.574219 0.508333
2 0.563281 0.504167 0.577344 0.504167 0.577344 0.526389 0.563281 0.526389
0 0.583594 0.520833 0.575781 0.530556 0.557813 0.479167 0.565625 0.470833
2 0.532031 0.404167 0.545312 0.415278 0.542969 0.426389 0.529687 0.416667
2 0.601562 0.388889 0.607812 0.398611 0.596094 0.422222 0.589844 0.4125
3 0.600781 0.384722 0.583594 0.393056 0.580469 0.377778 0.598437 0.369444
3 0.759375 0.425 0.764844 0.4375 0.742969 0.4625 0.7375 0.448611
