2 0.0804688 0.0388889 0.1 0.0541667 0.0828125 0.126389 0.0632812 0.111111
2 0.174219 0 0.200781 0 0.200781 0.0527778 0.174219 0.0527778
2 0.196875 0.00277778 0.233594 0.00277778 0.233594 0.0388889 0.196875 0.0388889
2 0.2125 0.0902778 0.229687 0.106944 0.210156 0.170833 0.192969 0.154167
2 0.239063 0.0902778 0.25625 0.0986111 0.246094 0.154167 0.228906 0.145833
3 0.0992187 0.1875 0.145313 0.1875 0.145313 0.231944 0.0992187 0.231944
2 0.028125 0.4 0.0523438 0.4 0.0523438 0.498611 0.028125 0.498611
3 0.071875 0.370833 0.0304687 0.411111 0.0164063 0.365278 0.0578125 0.325
3 0.122656 0.258333 0.164844 0.298611 0.151562 0.343056 0.109375 0.301389
3 0.176563 0.313889 0.192969 0.338889 0.160938 0.405556 0.144531 0.381944
2 0.107813 0.433333 0.130469 0.4375 0.125 0.527778 0.102344 0.523611
1 0.214844 0.263889 0.239063 0.297222 0.157031 0.488889 0.132812 0.456944
0 0.235937 0.655556 0.355469 0.704167 0.35 0.75 0.229687 0.702778
0 0.305469 0.784722 0.289062 0.816667 0.207813 0.683333 0.223438 0.652778
2 0.319531 0.368056 0.340625 0.368056 0.340625 0.452778 0.319531 0.452778
2 0.848437 0.805556 0.888281 0.8125 0.885938 0.844444 0.846875 0.836111
2 0.596875 0.698611 0.639062 0.730556 0.632812 0.755556 0.590625 0.725
2 0.778906 0.606944 0.790625 0.625 0.765625 0.677778 0.753906 0.661111
3 0.864844 0.680556 0.847656 0.697222 0.830469 0.640278 0.847656 0.623611
0 0.875 0.656944 0.884375 0.681944 0.830469 0.75 0.820312 0.725
2 0.832812 0.5375 0.81875 0.548611 0.803906 0.488889 0.81875 0.477778
0 0.708594 0.273611 0.721875 0.275 0.719531 0.401389 0.70625 0.401389
0 0.702344 0.313889 0.691406 0.316667 0.676562 0.191667 0.688281 0.1875
2 0.620313 0.375 0.635938 0.375 0.635938 0.445833 0.620313 0.445833
0 0.619531 0.283333 0.630469 0.298611 0.59375 0.394444 0.582031 0.380556
2 0.567187 0.244444 0.535937 0.261111 0.53125 0.233333 0.561719 0.216667
2 0.480469 0.377778 0.439844 0.4 0.435156 0.373611 0.475781 0.35
2 0.414062 0.329167 0.376563 0.365278 0.36875 0.338889 0.40625 0.302778
2 0.4 0.306944 0.365625 0.354167 0.35625 0.331944 0.390625 0.284722
3 0.425781 0.273611 0.442188 0.279167 0.435156 0.3375 0.419531 0.331944
3 0.388281 0.259722 0.421875 0.291667 0.413281 0.318056 0.379688 0.286111
0 0.463281 0.361111 0.449219 0.366667 0.433594 0.220833 0.446875 0.215278
2 0.439844 0.245833 0.428906 0.266667 0.400781 0.219444 0.411719 0.198611
2 0.399219 0.163889 0.4125 0.179167 0.389844 0.236111 0.377344 0.220833
3 0.313281 0.158333 0.329688 0.172222 0.316406 0.226389 0.3 0.213889
2 0.367188 0.169444 0.350781 0.176389 0.341406 0.111111 0.358594 0.102778
2 0.407813 0.0138889 0.450781 0.0138889 0.450781 0.0527778 0.407813 0.0527778
1 0.627344 0.161111 0.603906 0.163889 0.596875 0.0152778 0.621094 0.0111111
3 0.407813 0.443056 0.439063 0.481944 0.427344 0.5125 0.395313 0.473611
