2 0.222656 0.0402778 0.233594 0.0402778 0.233594 0.0708333 0.222656 0.0708333
2 0.248438 0.129167 0.240625 0.140278 0.225 0.109722 0.233594 0.0972222
1 0.723437 0.759722 0.751563 0.786111 0.742969 0.8125 0.715625 0.786111
0 0.694531 0.722222 0.705469 0.722222 0.705469 0.765278 0.694531 0.765278
0 0.68125 0.6625 0.674219 0.673611 0.655469 0.634722 0.663281 0.623611
3 0.708594 0.747222 0.723437 0.747222 0.723437 0.765278 0.708594 0.765278
2 0.685156 0.7125 0.679688 0.723611 0.667188 0.701389 0.673438 0.691667
2 0.659375 0.690278 0.653906 0.695833 0.645312 0.673611 0.650781 0.666667
0 0.646094 0.686111 0.641406 0.693056 0.626563 0.668056 0.63125 0.661111
2 0.655469 0.694444 0.650781 0.702778 0.644531 0.691667 0.649219 0.683333
2 0.635938 0.655556 0.642969 0.655556 0.642969 0.676389 0.635938 0.676389
2 0.622656 0.629167 0.636719 0.629167 0.636719 0.652778 0.622656 0.652778
2 0.629687 0.643056 0.624219 0.654167 0.60625 0.629167 0.610938 0.616667
0 0.601562 0.6375 0.596875 0.644444 0.573438 0.602778 0.577344 0.595833
2 0.584375 0.561111 0.598437 0.561111 0.598437 0.583333 0.584375 0.583333
0 0.607031 0.613889 0.601562 0.623611 0.571094 0.579167 0.576562 0.568056
3 0.58125 0.583333 0.576562 0.591667 0.563281 0.569444 0.567969 0.561111
2 0.557813 0.536111 0.574219 0.536111 0.574219 0.555556 0.557813 0.555556
2 0.525781 0.491667 0.545312 0.502778 0.542969 0.519444 0.523438 0.506944
2 0.532813 0.543056 0.545312 0.543056 0.545312 0.555556 0.532813 0.555556
0 0.557031 0.541667 0.553125 0.552778 0.522656 0.519444 0.526563 0.508333
1 0.519531 0.481944 0.510938 0.502778 0.492969 0.479167 0.501563 0.458333
0 0.492188 0.451389 0.499219 0.458333 0.491406 0.484722 0.483594 0.477778
2 0.469531 0.376389 0.464844 0.386111 0.446875 0.355556 0.452344 0.345833
3 0.45625 0.409722 0.45 0.423611 0.433594 0.401389 0.439844 0.3875
2 0.449219 0.365278 0.441406 0.377778 0.428125 0.35 0.435937 0.338889
3 0.485156 0.4125 0.496875 0.4125 0.496875 0.438889 0.485156 0.438889
2 0.474219 0.4125 0.470313 0.420833 0.458594 0.404167 0.4625 0.395833
0 0.486719 0.398611 0.484375 0.408333 0.45 0.377778 0.453125 0.368056
2 0.325 0.251389 0.335156 0.251389 0.335156 0.263889 0.325 0.263889
1 0.3875 0.309722 0.384375 0.319444 0.364844 0.3 0.36875 0.288889
2 0.394531 0.304167 0.389062 0.315278 0.374219 0.294444 0.378906 0.281944
3 0.414844 0.379167 0.410938 0.390278 0.396875 0.375 0.401562 0.363889
2 0.396875 0.316667 0.403125 0.316667 0.403125 0.336111 0.396875 0.336111
