3 0.51875 0.925 0.507031 0.936111 0.496094 0.898611 0.507031 0.8875
1 0.528906 0.977778 0.510938 0.993056 0.475781 0.869444 0.492969 0.852778
0 0.551562 0.790278 0.538281 0.808333 0.494531 0.7 0.508594 0.683333
3 0.422656 0.573611 0.438281 0.573611 0.438281 0.602778 0.422656 0.602778
2 0.403906 0.370833 0.433594 0.390278 0.428906 0.411111 0.399219 0.393056
2 0.409375 0.368056 0.428125 0.368056 0.428125 0.394444 0.409375 0.394444
1 0.373437 0.348611 0.416406 0.397222 0.408594 0.420833 0.364844 0.372222
0 0.365625 0.369444 0.394531 0.390278 0.391406 0.402778 0.3625 0.381944
3 0.419531 0.334722 0.407031 0.336111 0.404687 0.294444 0.417187 0.293056
0 0.426563 0.3125 0.414062 0.318056 0.4 0.2 0.413281 0.194444
1 0.325781 0.283333 0.358594 0.326389 0.350781 0.344444 0.317969 0.301389
2 0.351562 0.284722 0.361719 0.284722 0.361719 0.326389 0.351562 0.326389
3 0.369531 0.323611 0.383594 0.323611 0.383594 0.352778 0.369531 0.352778
2 0.339062 0.291667 0.354687 0.291667 0.354687 0.305556 0.339062 0.305556
0 0.372656 0.341667 0.365625 0.344444 0.35 0.258333 0.357812 0.254167
3 0.33125 0.218056 0.34375 0.218056 0.34375 0.251389 0.33125 0.251389
3 0.389062 0.240278 0.4 0.240278 0.4 0.270833 0.389062 0.270833
2 0.384375 0.127778 0.371094 0.138889 0.353906 0.0680556 0.367969 0.0569444
1 0.357031 0.1875 0.346875 0.195833 0.33125 0.140278 0.341406 0.131944
2 0.335156 0.158333 0.34375 0.158333 0.34375 0.198611 0.335156 0.198611
0 0.329688 0.138889 0.3375 0.138889 0.3375 0.191667 0.329688 0.191667
1 0.336719 0.00277778 0.357031 0.00277778 0.357031 0.0583333 0.336719 0.0583333
2 0.267188 0.0916667 0.278125 0.0916667 0.278125 0.119444 0.267188 0.119444
2 0.285938 0.129167 0.295312 0.129167 0.295312 0.158333 0.285938 0.158333
3 0.313281 0.1375 0.327344 0.1375 0.327344 0.175 0.313281 0.175
3 0.320312 0.0402778 0.307812 0.0472222 0.301563 0.00694444 0.314063 0.00138889
3 0.282031 0.00416667 0.294531 0.0333333 0.286719 0.0430556 0.274219 0.0152778
2 0.30625 0.0152778 0.292187 0.0361111 0.285156 0.0236111 0.3 0.00138889
