2 0.144531 0.308333 0.159375 0.308333 0.159375 0.326389 0.144531 0.326389
2 0.175781 0.256944 0.207031 0.2625 0.205469 0.284722 0.175 0.279167
2 0.153906 0.352778 0.167969 0.352778 0.167969 0.368056 0.153906 0.368056
2 0.169531 0.333333 0.182812 0.333333 0.182812 0.354167 0.169531 0.354167
2 0.160156 0.368056 0.170313 0.368056 0.170313 0.409722 0.160156 0.409722
0 0.179688 0.365278 0.171094 0.375 0.155469 0.334722 0.164062 0.325
2 0.201563 0.404167 0.189062 0.405556 0.186719 0.365278 0.199219 0.363889
0 0.175781 0.411111 0.191406 0.422222 0.185938 0.443056 0.171094 0.431944
0 0.2125 0.411111 0.185156 0.422222 0.183594 0.404167 0.210938 0.394444
2 0.227344 0.377778 0.239844 0.379167 0.235937 0.438889 0.223438 0.436111
2 0.226562 0.468056 0.21875 0.481944 0.203906 0.456944 0.211719 0.441667
2 0.25625 0.338889 0.280469 0.338889 0.280469 0.363889 0.25625 0.363889
2 0.252344 0.561111 0.274219 0.561111 0.274219 0.586111 0.252344 0.586111
2 0.295312 0.604167 0.309375 0.606944 0.305469 0.668056 0.291406 0.665278
2 0.302344 0.644444 0.286719 0.679167 0.275781 0.6625 0.292187 0.629167
3 0.335156 0.186111 0.355469 0.186111 0.355469 0.230556 0.335156 0.230556
2 0.35625 0.240278 0.367969 0.254167 0.348438 0.306944 0.336719 0.293056
2 0.385156 0.234722 0.404687 0.241667 0.396875 0.305556 0.377344 0.297222
1 0.394531 0.197222 0.486719 0.197222 0.486719 0.247222 0.394531 0.247222
1 0.319531 0.1125 0.448437 0.158333 0.442188 0.213889 0.313281 0.166667
1 0.342187 0.275 0.327344 0.279167 0.314844 0.169444 0.329688 0.163889
2 0.311719 0.295833 0.325 0.295833 0.325 0.330556 0.311719 0.330556
0 0.302344 0.380556 0.346875 0.380556 0.346875 0.404167 0.302344 0.404167
0 0.360156 0.430556 0.348438 0.434722 0.334375 0.3125 0.346875 0.308333
3 0.377344 0.401389 0.399219 0.401389 0.399219 0.426389 0.377344 0.426389
1 0.29375 0.405556 0.421094 0.416667 0.420312 0.4625 0.292187 0.45
2 0.372656 0.455556 0.398438 0.455556 0.398438 0.488889 0.372656 0.488889
3 0.367969 0.472222 0.3875 0.472222 0.3875 0.5375 0.367969 0.5375
3 0.358594 0.456944 0.371875 0.456944 0.371875 0.509722 0.358594 0.509722
2 0.359375 0.481944 0.347656 0.502778 0.325 0.461111 0.335938 0.441667
0 0.357031 0.470833 0.369531 0.472222 0.36875 0.559722 0.35625 0.558333
2 0.385156 0.569444 0.357812 0.595833 0.35 0.572222 0.378125 0.544444
2 0.4125 0.630556 0.39375 0.6375 0.388281 0.586111 0.407031 0.579167
2 0.346094 0.558333 0.374219 0.6 0.364844 0.620833 0.336719 0.577778
0 0.379688 0.65 0.371875 0.669444 0.321875 0.605556 0.329688 0.586111
0 0.392969 0.647222 0.383594 0.666667 0.332813 0.594444 0.341406 0.575
1 0.427344 0.515278 0.453125 0.533333 0.410156 0.738889 0.383594 0.720833
2 0.392188 0.733333 0.430469 0.747222 0.427344 0.777778 0.389062 0.763889
3 0.390625 0.783333 0.361719 0.7875 0.359375 0.752778 0.388281 0.748611
2 0.341406 0.638889 0.361719 0.638889 0.361719 0.701389 0.341406 0.701389
2 0.330469 0.681944 0.340625 0.697222 0.321875 0.7375 0.311719 0.722222
2 0.328125 0.705556 0.307812 0.741667 0.297656 0.725 0.317969 0.688889
2 0.292969 0.686111 0.315625 0.686111 0.315625 0.711111 0.292969 0.711111
2 0.307812 0.723611 0.300781 0.7375 0.284375 0.706944 0.291406 0.694444
0 0.300781 0.741667 0.291406 0.75 0.267188 0.673611 0.276562 0.663889
0 0.347656 0.669444 0.314844 0.7 0.308594 0.680556 0.341406 0.648611
3 0.360156 0.858333 0.342187 0.875 0.327344 0.829167 0.346094 0.811111
3 0.464844 0.911111 0.442188 0.933333 0.421094 0.8625 0.442969 0.840278
3 0.399219 0.955556 0.378906 0.980556 0.358594 0.926389 0.378906 0.901389
2 0.3625 0.834722 0.375 0.848611 0.353906 0.904167 0.341406 0.888889
2 0.278125 0.848611 0.264062 0.858333 0.252344 0.811111 0.267188 0.8
3 0.228125 0.819444 0.246875 0.819444 0.246875 0.852778 0.228125 0.852778
3 0.246094 0.902778 0.258594 0.902778 0.258594 0.955556 0.246094 0.955556
2 0.217969 0.965278 0.238281 0.965278 0.238281 0.998611 0.217969 0.998611
