2 0.144531 0.309722 0.160156 0.309722 0.160156 0.329167 0.144531 0.329167
2 0.177344 0.261111 0.207813 0.261111 0.207813 0.283333 0.177344 0.283333
1 0.144531 0.205556 0.228906 0.220833 0.226562 0.258333 0.142187 0.244444
2 0.170313 0.336111 0.182812 0.336111 0.182812 0.355556 0.170313 0.355556
2 0.153125 0.351389 0.16875 0.351389 0.16875 0.368056 0.153125 0.368056
2 0.161719 0.366667 0.172656 0.366667 0.172656 0.406944 0.161719 0.406944
0 0.178906 0.363889 0.172656 0.373611 0.15625 0.3375 0.1625 0.327778
0 0.2125 0.411111 0.185156 0.420833 0.183594 0.405556 0.210938 0.395833
2 0.186719 0.368056 0.199219 0.368056 0.199219 0.4 0.186719 0.4
2 0.174219 0.411111 0.191406 0.423611 0.1875 0.438889 0.170313 0.426389
2 0.228906 0.381944 0.239063 0.384722 0.234375 0.436111 0.223438 0.433333
2 0.214844 0.438889 0.229687 0.465278 0.21875 0.483333 0.204687 0.456944
2 0.269531 0.273611 0.285938 0.306944 0.275 0.325 0.257812 0.293056
0 0.302344 0.365278 0.34375 0.365278 0.34375 0.390278 0.302344 0.390278
0 0.334375 0.283333 0.344531 0.291667 0.320312 0.373611 0.310937 0.365278
2 0.324219 0.322222 0.339062 0.322222 0.339062 0.375 0.324219 0.375
2 0.311719 0.294444 0.325781 0.294444 0.325781 0.327778 0.311719 0.327778
2 0.432031 0.247222 0.414844 0.25 0.409375 0.166667 0.427344 0.163889
2 0.401562 0.336111 0.41875 0.336111 0.41875 0.419444 0.401562 0.419444
2 0.372656 0.343056 0.388281 0.355556 0.371875 0.420833 0.35625 0.408333
1 0.345313 0.280556 0.33125 0.284722 0.31875 0.176389 0.333594 0.170833
3 0.346094 0.181944 0.367969 0.181944 0.367969 0.230556 0.346094 0.230556
2 0.360156 0.476389 0.346094 0.483333 0.335156 0.420833 0.349219 0.413889
2 0.394531 0.504167 0.375781 0.508333 0.371875 0.436111 0.389844 0.431944
3 0.360938 0.483333 0.378906 0.483333 0.378906 0.536111 0.360938 0.536111
3 0.374219 0.505556 0.395313 0.513889 0.388281 0.576389 0.367188 0.568056
0 0.364063 0.441667 0.347656 0.448611 0.332813 0.313889 0.349219 0.308333
0 0.357031 0.413889 0.370312 0.413889 0.370312 0.558333 0.357031 0.558333
2 0.351562 0.561111 0.384375 0.561111 0.384375 0.590278 0.351562 0.590278
2 0.340625 0.5875 0.375 0.5875 0.375 0.616667 0.340625 0.616667
2 0.283594 0.584722 0.264844 0.619444 0.253125 0.601389 0.272656 0.565278
2 0.300781 0.641667 0.311719 0.651389 0.294531 0.706944 0.283594 0.695833
2 0.307812 0.643056 0.319531 0.651389 0.307031 0.705556 0.295312 0.697222
2 0.275781 0.847222 0.265625 0.856944 0.251563 0.8125 0.2625 0.802778
3 0.284375 0.85 0.308594 0.85 0.308594 0.877778 0.284375 0.877778
3 0.229687 0.875 0.251563 0.875 0.251563 0.908333 0.229687 0.908333
3 0.247656 0.898611 0.264844 0.898611 0.264844 0.934722 0.247656 0.934722
2 0.220312 0.9625 0.240625 0.9625 0.240625 1 0.220312 1
2 0.338281 0.880556 0.315625 0.913889 0.304688 0.891667 0.327344 0.858333
0 0.301563 0.772222 0.335938 0.830556 0.326562 0.848611 0.291406 0.790278
2 0.33125 0.802778 0.323437 0.819444 0.304688 0.791667 0.3125 0.775
0 0.323437 0.768056 0.358594 0.833333 0.349219 0.85 0.313281 0.783333
2 0.3625 0.809722 0.385937 0.844444 0.375 0.865278 0.352344 0.831944
2 0.366406 0.808333 0.354687 0.829167 0.332031 0.790278 0.344531 0.769444
2 0.31875 0.720833 0.332813 0.720833 0.332813 0.773611 0.31875 0.773611
0 0.336719 0.741667 0.389844 0.820833 0.380469 0.838889 0.328125 0.761111
0 0.34375 0.711111 0.397656 0.791667 0.384375 0.819444 0.330469 0.7375
1 0.484375 0.741667 0.342187 0.761111 0.339062 0.704167 0.482031 0.683333
3 0.44375 0.855556 0.471094 0.855556 0.471094 0.945833 0.44375 0.945833
2 0.4375 0.944444 0.403125 0.956944 0.4 0.929167 0.434375 0.916667
3 0.39375 0.954167 0.367188 0.968056 0.363281 0.943056 0.389844 0.929167
3 0.383594 0.959722 0.410938 0.959722 0.410938 0.995833 0.383594 0.995833
