3 0.155469 0.388889 0.172656 0.419444 0.139063 0.477778 0.121875 0.447222
2 0.278906 0.541667 0.289844 0.570833 0.245312 0.622222 0.234375 0.593056
2 0.354687 0.669444 0.335938 0.672222 0.332813 0.588889 0.351562 0.586111
2 0.414844 0.672222 0.375 0.701389 0.367188 0.666667 0.40625 0.636111
0 0.384375 0.483333 0.460156 0.576389 0.45 0.602778 0.374219 0.509722
2 0.413281 0.404167 0.423438 0.427778 0.389844 0.475 0.378906 0.451389
2 0.436719 0.484722 0.421094 0.504167 0.400781 0.45 0.416406 0.430556
0 0.446875 0.501389 0.433594 0.509722 0.403906 0.365278 0.417187 0.356944
1 0.451562 0.45 0.430469 0.459722 0.404687 0.291667 0.426563 0.280556
2 0.533594 0.6 0.547656 0.605556 0.539062 0.677778 0.525781 0.672222
0 0.498437 0.495833 0.566406 0.577778 0.55625 0.604167 0.488281 0.522222
3 0.553906 0.551389 0.584375 0.551389 0.584375 0.580556 0.553906 0.580556
2 0.660937 0.5875 0.66875 0.615278 0.635156 0.645833 0.627344 0.618056
2 0.534375 0.472222 0.566406 0.490278 0.561719 0.515278 0.529687 0.497222
3 0.532031 0.963889 0.558594 0.963889 0.558594 0.998611 0.532031 0.998611
2 0.576562 0.0611111 0.588281 0.0722222 0.574219 0.116667 0.563281 0.105556
0 0.663281 0.0333333 0.619531 0.0791667 0.613281 0.0597222 0.65625 0.0138889
3 0.609375 0.230556 0.635156 0.230556 0.635156 0.251389 0.609375 0.251389
0 0.646875 0.273611 0.571094 0.2875 0.56875 0.252778 0.645312 0.238889
2 0.632812 0.315278 0.604688 0.325 0.602344 0.301389 0.630469 0.291667
0 0.648438 0.475 0.717969 0.527778 0.711719 0.552778 0.642188 0.501389
3 0.653125 0.426389 0.667969 0.426389 0.667969 0.472222 0.653125 0.472222
0 0.64375 0.459722 0.709375 0.490278 0.70625 0.511111 0.640625 0.480556
0 0.735156 0.5 0.721875 0.511111 0.690625 0.394444 0.703125 0.383333
1 0.729688 0.441667 0.749219 0.445833 0.740625 0.5875 0.721094 0.584722
2 0.738281 0.606944 0.726562 0.618056 0.709375 0.563889 0.721875 0.551389
0 0.742188 0.584722 0.753125 0.6 0.717187 0.683333 0.70625 0.668056
3 0.7625 0.473611 0.751563 0.483333 0.738281 0.440278 0.749219 0.429167
3 0.742188 0.401389 0.766406 0.430556 0.757812 0.451389 0.733594 0.422222
2 0.717969 0.355556 0.742969 0.363889 0.739844 0.388889 0.715625 0.380556
3 0.671094 0.336111 0.690625 0.336111 0.690625 0.3875 0.671094 0.3875
2 0.719531 0.323611 0.728125 0.336111 0.713281 0.366667 0.705469 0.354167
2 0.694531 0.331944 0.680469 0.3375 0.675 0.286111 0.688281 0.280556
2 0.692969 0.304167 0.717969 0.334722 0.710156 0.354167 0.685156 0.325
2 0.752344 0.288889 0.735156 0.311111 0.728125 0.291667 0.745313 0.270833
2 0.803906 0.458333 0.817187 0.465278 0.807813 0.516667 0.795312 0.509722
2 0.822656 0.481944 0.833594 0.495833 0.817969 0.536111 0.807031 0.522222
2 0.83125 0.475 0.81875 0.479167 0.813281 0.430556 0.825781 0.426389
2 0.791406 0.290278 0.80625 0.290278 0.80625 0.344444 0.791406 0.344444
2 0.986719 0.852778 0.998437 0.852778 0.998437 0.904167 0.986719 0.904167
2 0.982812 0.786111 0.997656 0.786111 0.997656 0.836111 0.982812 0.836111
3 0.982812 0.677778 0.998437 0.677778 0.998437 0.731944 0.982812 0.731944
3 0.875 0.511111 0.89375 0.511111 0.89375 0.554167 0.875 0.554167
2 0.86875 0.540278 0.859375 0.558333 0.834375 0.516667 0.844531 0.498611
2 0.842969 0.470833 0.85625 0.470833 0.85625 0.513889 0.842969 0.513889
0 0.938281 0.434722 0.946875 0.451389 0.917188 0.502778 0.908594 0.486111
3 0.967969 0.484722 0.990625 0.484722 0.990625 0.505556 0.967969 0.505556
2 0.95625 0.4375 0.944531 0.441667 0.939063 0.393056 0.950781 0.388889
2 0.954688 0.309722 0.967187 0.313889 0.9625 0.354167 0.95 0.35
0 0.925781 0.408333 0.913281 0.413889 0.903125 0.322222 0.915625 0.316667
3 0.79375 0.218056 0.815625 0.220833 0.814844 0.245833 0.792188 0.241667
3 0.829688 0.277778 0.817969 0.293056 0.803906 0.255556 0.815625 0.241667
3 0.839063 0.279167 0.828125 0.284722 0.821094 0.244444 0.832031 0.238889
0 0.874219 0.316667 0.860938 0.320833 0.851562 0.234722 0.864062 0.230556
0 0.884375 0.325 0.871875 0.326389 0.871094 0.238889 0.883594 0.2375
2 0.903906 0.331944 0.878125 0.341667 0.875781 0.319444 0.901563 0.309722
