2 0.144531 0.305556 0.160938 0.305556 0.160938 0.326389 0.144531 0.326389
2 0.175781 0.2625 0.205469 0.2625 0.205469 0.280556 0.175781 0.280556
2 0.169531 0.334722 0.182031 0.334722 0.182031 0.351389 0.169531 0.351389
2 0.154688 0.354167 0.169531 0.354167 0.169531 0.369444 0.154688 0.369444
2 0.172656 0.405556 0.163281 0.406944 0.160938 0.369444 0.170313 0.368056
0 0.163281 0.329167 0.180469 0.369444 0.174219 0.377778 0.157031 0.3375
2 0.186719 0.363889 0.2 0.363889 0.2 0.402778 0.186719 0.402778
2 0.280469 0.356944 0.257031 0.365278 0.254688 0.343056 0.277344 0.334722
0 0.176563 0.409722 0.192969 0.425 0.1875 0.443056 0.171094 0.426389
0 0.2125 0.4125 0.185156 0.422222 0.182812 0.406944 0.210938 0.397222
2 0.227344 0.379167 0.239063 0.380556 0.235937 0.436111 0.224219 0.434722
2 0.213281 0.438889 0.226562 0.470833 0.217188 0.483333 0.203906 0.451389
2 0.25 0.558333 0.275781 0.558333 0.275781 0.584722 0.25 0.584722
0 0.342187 0.279167 0.328125 0.283333 0.317969 0.166667 0.33125 0.1625
3 0.335156 0.183333 0.35625 0.183333 0.35625 0.227778 0.335156 0.227778
2 0.396094 0.166667 0.379688 0.170833 0.375781 0.0902778 0.392188 0.0861111
2 0.389844 0.213889 0.40625 0.226389 0.390625 0.301389 0.373437 0.288889
2 0.354687 0.241667 0.366406 0.252778 0.349219 0.311111 0.336719 0.298611
2 0.330469 0.313889 0.320312 0.333333 0.30625 0.308333 0.317188 0.288889
0 0.357031 0.45 0.341406 0.452778 0.332813 0.309722 0.349219 0.306944
2 0.327344 0.447222 0.346875 0.447222 0.346875 0.494444 0.327344 0.494444
2 0.3625 0.5 0.375 0.5 0.375 0.551389 0.3625 0.551389
3 0.349219 0.463889 0.364844 0.465278 0.363281 0.526389 0.348438 0.525
0 0.35 0.404167 0.3625 0.406944 0.354687 0.556944 0.341406 0.554167
3 0.377344 0.577778 0.365625 0.5875 0.353125 0.533333 0.364844 0.525
1 0.403125 0.648611 0.376563 0.654167 0.360938 0.444444 0.3875 0.438889
1 0.477344 0.566667 0.385937 0.609722 0.378906 0.563889 0.471094 0.519444
2 0.398438 0.602778 0.434375 0.636111 0.426563 0.6625 0.390625 0.627778
2 0.360156 0.559722 0.384375 0.604167 0.375 0.619444 0.350781 0.573611
2 0.344531 0.556944 0.367969 0.595833 0.359375 0.6125 0.335938 0.572222
0 0.3375 0.568056 0.386719 0.641667 0.378906 0.656944 0.329688 0.583333
0 0.327344 0.576389 0.376563 0.640278 0.36875 0.659722 0.319531 0.594444
2 0.358594 0.656944 0.335156 0.670833 0.330469 0.643056 0.353906 0.630556
2 0.307031 0.615278 0.342187 0.620833 0.340625 0.644444 0.30625 0.638889
2 0.328125 0.65 0.302344 0.658333 0.300781 0.641667 0.326562 0.631944
2 0.302344 0.622222 0.309375 0.634722 0.292969 0.663889 0.285938 0.651389
2 0.2875 0.608333 0.298438 0.615278 0.2875 0.675 0.277344 0.668056
2 0.294531 0.594444 0.309375 0.601389 0.302344 0.645833 0.286719 0.6375
2 0.371094 0.844444 0.359375 0.852778 0.34375 0.786111 0.355469 0.777778
3 0.379688 0.809722 0.354687 0.816667 0.349219 0.755556 0.373437 0.747222
1 0.438281 0.613889 0.464844 0.629167 0.426563 0.85 0.4 0.834722
3 0.469531 0.888889 0.442969 0.9375 0.425 0.905556 0.451562 0.856944
2 0.425781 0.888889 0.446875 0.893056 0.441406 0.984722 0.420312 0.980556
3 0.384375 0.891667 0.374219 0.958333 0.353125 0.947222 0.364063 0.880556
3 0.310156 0.781944 0.290625 0.8125 0.278906 0.7875 0.298438 0.756944
2 0.278125 0.847222 0.264844 0.859722 0.250781 0.813889 0.264062 0.8
3 0.229687 0.819444 0.246875 0.819444 0.246875 0.851389 0.229687 0.851389
3 0.249219 0.902778 0.260937 0.906944 0.25625 0.947222 0.244531 0.943056
3 0.283594 0.948611 0.300781 0.948611 0.300781 0.998611 0.283594 0.998611
0 0.316406 0.984722 0.3 0.993056 0.28125 0.881944 0.297656 0.872222
2 0.220312 0.9625 0.241406 0.9625 0.241406 1 0.220312 1
1 0.544531 0.205556 0.515625 0.244444 0.440625 0.0722222 0.469531 0.0319444
