1 0.492969 0.509722 0.44375 0.565278 0.298438 0.1625 0.347656 0.106944
0 0.638281 0.652778 0.791406 0.801389 0.775781 0.852778 0.622656 0.704167
2 0.842187 0.713889 0.857812 0.773611 0.779687 0.836111 0.764844 0.776389
3 0.784375 0.6 0.834375 0.701389 0.807031 0.744444 0.757031 0.643056
3 0.896094 0.601389 0.924219 0.679167 0.854688 0.758333 0.826562 0.680556
0 0.971875 0.794444 0.99375 0.844444 0.930469 0.933333 0.908594 0.884722
1 0.932813 0.606944 0.975 0.676389 0.845313 0.919444 0.803906 0.848611
3 0.9625 0.475 0.998437 0.529167 0.936719 0.659722 0.900781 0.605556
2 0.924219 0.472222 0.954688 0.509722 0.901563 0.648611 0.871094 0.611111
0 0.935937 0.498611 0.876563 0.513889 0.842187 0.106944 0.901563 0.0902778
0 0.848437 0.491667 0.802344 0.522222 0.735938 0.198611 0.782031 0.168056
2 0.7625 0.4125 0.853125 0.501389 0.833594 0.565278 0.742969 0.476389
2 0.676562 0.468056 0.778906 0.505556 0.769531 0.586111 0.667969 0.548611
0 0.5875 0.483333 0.817187 0.565278 0.808594 0.641667 0.578125 0.559722
0 0.695312 0.376389 0.667188 0.433333 0.466406 0.125 0.49375 0.0680556
0 0.526563 0.0680556 0.734375 0.359722 0.708594 0.418056 0.500781 0.125
3 0.645312 0.143056 0.73125 0.273611 0.7 0.3375 0.614844 0.206944
