1 0.664062 0.925 0.648438 0.947222 0.625 0.897222 0.639844 0.875
3 0.630469 0.851389 0.642969 0.851389 0.642969 0.877778 0.630469 0.877778
3 0.644531 0.8375 0.63125 0.841667 0.627344 0.811111 0.640625 0.806944
0 0.620313 0.813889 0.63125 0.816667 0.625 0.879167 0.614062 0.876389
3 0.594531 0.838889 0.60625 0.838889 0.60625 0.859722 0.594531 0.859722
2 0.6125 0.819444 0.604688 0.823611 0.598437 0.788889 0.60625 0.783333
3 0.6125 0.831944 0.60625 0.843056 0.595313 0.819444 0.601562 0.809722
3 0.610156 0.818056 0.619531 0.818056 0.619531 0.843056 0.610156 0.843056
2 0.63125 0.722222 0.617969 0.725 0.614062 0.658333 0.628125 0.656944
3 0.610156 0.801389 0.623437 0.801389 0.623437 0.819444 0.610156 0.819444
2 0.582812 0.745833 0.592187 0.745833 0.592187 0.779167 0.582812 0.779167
3 0.576562 0.747222 0.584375 0.747222 0.584375 0.773611 0.576562 0.773611
2 0.573438 0.726389 0.58125 0.731944 0.575 0.759722 0.567187 0.754167
1 0.588281 0.691667 0.567969 0.718056 0.560156 0.695833 0.580469 0.670833
2 0.570312 0.7125 0.5625 0.723611 0.55 0.691667 0.557813 0.680556
2 0.585156 0.791667 0.577344 0.8 0.566406 0.763889 0.573438 0.756944
2 0.573438 0.784722 0.567969 0.790278 0.557031 0.755556 0.5625 0.75
1 0.567187 0.773611 0.555469 0.786111 0.525781 0.704167 0.5375 0.690278
0 0.535156 0.719444 0.529687 0.723611 0.520312 0.665278 0.525781 0.6625
2 0.527344 0.733333 0.5375 0.733333 0.5375 0.747222 0.527344 0.747222
0 0.555469 0.670833 0.548438 0.677778 0.524219 0.598611 0.53125 0.591667
2 0.526563 0.616667 0.536719 0.616667 0.536719 0.631944 0.526563 0.631944
2 0.532813 0.613889 0.526563 0.619444 0.517969 0.591667 0.524219 0.5875
2 0.491406 0.577778 0.505469 0.588889 0.503125 0.6 0.488281 0.590278
0 0.496875 0.527778 0.524219 0.568056 0.51875 0.579167 0.491406 0.538889
2 0.504687 0.491667 0.521875 0.5125 0.516406 0.526389 0.499219 0.506944
0 0.495312 0.434722 0.470313 0.473611 0.464844 0.461111 0.489844 0.423611
1 0.46875 0.413889 0.503125 0.475 0.492188 0.493056 0.458594 0.431944
2 0.467969 0.448611 0.4625 0.455556 0.450781 0.425 0.45625 0.418056
3 0.492969 0.513889 0.485156 0.516667 0.482031 0.490278 0.489844 0.488889
2 0.485938 0.495833 0.480469 0.502778 0.471094 0.479167 0.476562 0.472222
3 0.489063 0.363889 0.498437 0.363889 0.498437 0.3875 0.489063 0.3875
2 0.482812 0.355556 0.492188 0.355556 0.492188 0.397222 0.482812 0.397222
2 0.485156 0.313889 0.476562 0.327778 0.461719 0.297222 0.471094 0.283333
0 0.466406 0.311111 0.495312 0.347222 0.490625 0.358333 0.460938 0.323611
2 0.475781 0.377778 0.470313 0.388889 0.457031 0.370833 0.4625 0.358333
0 0.454688 0.338889 0.484375 0.373611 0.480469 0.384722 0.450781 0.35
2 0.460938 0.3125 0.453906 0.323611 0.442188 0.3 0.45 0.288889
3 0.448437 0.390278 0.4375 0.398611 0.43125 0.370833 0.442188 0.3625
3 0.453125 0.352778 0.444531 0.358333 0.435937 0.322222 0.444531 0.315278
0 0.420312 0.377778 0.414844 0.386111 0.404687 0.359722 0.410938 0.352778
2 0.414062 0.252778 0.40625 0.259722 0.398438 0.227778 0.40625 0.220833
2 0.404687 0.255556 0.396875 0.266667 0.385156 0.241667 0.392188 0.230556
2 0.398438 0.273611 0.40625 0.273611 0.40625 0.301389 0.398438 0.301389
3 0.428906 0.298611 0.420312 0.304167 0.414062 0.276389 0.422656 0.269444
2 0.409375 0.326389 0.414844 0.326389 0.414844 0.35 0.409375 0.35
