3 0.15 0.705556 0.128906 0.744444 0.0945312 0.684722 0.115625 0.647222
2 0.746875 0.916667 0.726562 0.931944 0.710156 0.8625 0.730469 0.847222
2 0.764844 0.641667 0.8 0.675 0.79375 0.695833 0.758594 0.6625
0 0.70625 0.743056 0.689063 0.748611 0.672656 0.602778 0.689844 0.595833
1 0.717969 0.711111 0.695312 0.715278 0.685156 0.545833 0.708594 0.541667
2 0.0914062 0.297222 0.110156 0.301389 0.103906 0.381944 0.0851563 0.376389
2 0.270313 0.272222 0.232031 0.309722 0.222656 0.277778 0.260937 0.241667
0 0.0367188 0.213889 0.128125 0.263889 0.123438 0.288889 0.0320312 0.2375
2 0.0875 0.166667 0.134375 0.175 0.132031 0.206944 0.0859375 0.198611
3 0.117188 0.234722 0.154688 0.234722 0.154688 0.272222 0.117188 0.272222
0 0.364063 0.206944 0.375781 0.223611 0.333594 0.320833 0.321875 0.302778
2 0.357031 0.233333 0.342969 0.247222 0.325781 0.190278 0.339844 0.176389
0 0.239844 0.127778 0.328125 0.1625 0.324219 0.193056 0.235937 0.156944
0 0.228125 0.118056 0.319531 0.125 0.31875 0.152778 0.227344 0.145833
2 0.297656 0.104167 0.285156 0.120833 0.267188 0.0736111 0.279687 0.0583333
0 0.346094 0.127778 0.335156 0.141667 0.292969 0.0333333 0.304688 0.0194444
1 0.342187 0.0694444 0.363281 0.0694444 0.363281 0.219444 0.342187 0.219444
3 0.385156 0.1 0.371875 0.115278 0.354687 0.0694444 0.367188 0.0541667
3 0.357031 0.0277778 0.3875 0.0513889 0.382812 0.0722222 0.352344 0.0486111
2 0.435156 0.0638889 0.45 0.0708333 0.440625 0.122222 0.425781 0.115278
2 0.45625 0.0819444 0.46875 0.0944444 0.451562 0.144444 0.439844 0.130556
2 0.482812 0.0916667 0.5125 0.126389 0.503906 0.147222 0.475 0.1125
2 0.504687 0.115278 0.490625 0.122222 0.48125 0.0666667 0.495312 0.0597222
2 0.473438 0.0763889 0.455469 0.0861111 0.446094 0.0333333 0.464062 0.0236111
3 0.520312 0.0875 0.544531 0.0875 0.544531 0.140278 0.520312 0.140278
0 0.585938 0.00277778 0.597656 0.0208333 0.569531 0.0791667 0.557813 0.0625
3 0.649219 0.0569444 0.628125 0.0680556 0.623437 0.0444444 0.645312 0.0333333
2 0.702344 0.136111 0.714844 0.136111 0.714844 0.188889 0.702344 0.188889
2 0.722656 0.1125 0.710156 0.113889 0.707812 0.0680556 0.720313 0.0666667
3 0.752344 0.0861111 0.763281 0.1 0.750781 0.129167 0.740625 0.113889
3 0.75625 0.145833 0.778125 0.168056 0.771875 0.1875 0.75 0.166667
2 0.723437 0.136111 0.748437 0.154167 0.742969 0.176389 0.717969 0.156944
2 0.724219 0.404167 0.713281 0.413889 0.699219 0.356944 0.710156 0.347222
2 0.655469 0.368056 0.66875 0.372222 0.663281 0.419444 0.65 0.415278
2 0.672656 0.301389 0.686719 0.301389 0.686719 0.356944 0.672656 0.356944
2 0.653906 0.311111 0.664062 0.325 0.647656 0.365278 0.6375 0.351389
2 0.635938 0.25 0.659375 0.284722 0.650781 0.302778 0.627344 0.266667
3 0.664844 0.25 0.65625 0.263889 0.640625 0.231944 0.649219 0.218056
0 0.699219 0.329167 0.688281 0.3375 0.6625 0.243056 0.673438 0.233333
