3 0.124219 0.243056 0.107031 0.268056 0.0773438 0.205556 0.0945312 0.179167
3 0.138281 0.209722 0.164062 0.241667 0.139844 0.304167 0.113281 0.273611
3 0.159375 0.355556 0.1375 0.380556 0.113281 0.318056 0.135156 0.291667
2 0.117969 0.677778 0.0984375 0.684722 0.0867187 0.583333 0.10625 0.576389
2 0.2125 0.736111 0.259375 0.793056 0.24375 0.834722 0.196875 0.777778
2 0.336719 0.880556 0.309375 0.890278 0.297656 0.784722 0.325 0.775
0 0.134375 0.801389 0.254688 0.844444 0.25 0.8875 0.129688 0.844444
3 0.425781 0.826389 0.45 0.85 0.422656 0.938889 0.398438 0.915278
3 0.336719 0.609722 0.380469 0.643056 0.36875 0.690278 0.325781 0.658333
3 0.378906 0.666667 0.425781 0.693056 0.41875 0.734722 0.371875 0.708333
3 0.559375 0.576389 0.517188 0.627778 0.503125 0.591667 0.545312 0.540278
2 0.570312 0.715278 0.613281 0.794444 0.595313 0.826389 0.552344 0.747222
2 0.646094 0.540278 0.700781 0.55 0.697656 0.594444 0.64375 0.584722
2 0.683594 0.548611 0.626563 0.559722 0.624219 0.515278 0.68125 0.505556
1 0.484375 0.229167 0.619531 0.2375 0.617969 0.294444 0.482812 0.284722
3 0.402344 0.0916667 0.424219 0.123611 0.396094 0.181944 0.375 0.15
2 0.542188 0.184722 0.565625 0.184722 0.565625 0.248611 0.542188 0.248611
2 0.592187 0.116667 0.609375 0.1375 0.583594 0.204167 0.566406 0.183333
2 0.646094 0.143056 0.629687 0.172222 0.594531 0.111111 0.610156 0.0819444
2 0.590625 0.0708333 0.60625 0.0944444 0.575781 0.158333 0.560156 0.134722
2 0.632812 0.0319444 0.678906 0.0402778 0.675781 0.0902778 0.629687 0.0819444
0 0.60625 0 0.621875 0.0194444 0.563281 0.151389 0.547656 0.129167
2 0.699219 0.0527778 0.748437 0.0527778 0.748437 0.0861111 0.699219 0.0861111
2 0.749219 0.116667 0.801562 0.116667 0.801562 0.148611 0.749219 0.148611
2 0.810937 0.119444 0.761719 0.127778 0.759375 0.0930556 0.808594 0.0847222
1 0.763281 0.231944 0.797656 0.2375 0.784375 0.477778 0.749219 0.472222
3 0.853125 0.341667 0.90625 0.341667 0.90625 0.401389 0.853125 0.401389
3 0.889062 0.536111 0.910156 0.566667 0.875781 0.638889 0.855469 0.608333
3 0.959375 0.679167 0.999219 0.679167 0.999219 0.772222 0.959375 0.772222
1 0.851562 0.718056 0.942969 0.718056 0.942969 0.998611 0.851562 0.998611
