3 0.322656 0.880556 0.341406 0.880556 0.341406 0.9375 0.322656 0.9375
3 0.3125 0.879167 0.326562 0.884722 0.320312 0.940278 0.30625 0.934722
0 0.432812 0.645833 0.421875 0.65 0.410938 0.551389 0.421875 0.547222
0 0.471094 0.580556 0.533594 0.598611 0.53125 0.622222 0.46875 0.604167
3 0.511719 0.548611 0.523438 0.548611 0.523438 0.593056 0.511719 0.593056
2 0.390625 0.530556 0.410156 0.561111 0.402344 0.577778 0.382812 0.547222
0 0.319531 0.348611 0.326562 0.361111 0.2875 0.429167 0.279687 0.416667
3 0.373437 0.394444 0.383594 0.411111 0.370312 0.438889 0.360156 0.422222
2 0.363281 0.369444 0.383594 0.393056 0.377344 0.408333 0.357812 0.383333
0 0.395313 0.315278 0.350781 0.352778 0.346875 0.336111 0.390625 0.298611
2 0.340625 0.3125 0.357031 0.323611 0.353906 0.340278 0.336719 0.329167
2 0.345313 0.301389 0.366406 0.3125 0.363281 0.329167 0.342187 0.318056
2 0.435156 0.509722 0.427344 0.523611 0.409375 0.490278 0.417187 0.476389
2 0.463281 0.479167 0.482812 0.490278 0.474219 0.538889 0.454688 0.527778
3 0.460156 0.505556 0.450781 0.519444 0.435937 0.490278 0.445312 0.475
2 0.442188 0.463889 0.4625 0.479167 0.459375 0.493056 0.439063 0.477778
3 0.460938 0.455556 0.450781 0.469444 0.439063 0.438889 0.45 0.426389
3 0.509375 0.527778 0.486719 0.538889 0.482031 0.5125 0.504687 0.501389
3 0.457813 0.369444 0.477344 0.383333 0.471875 0.405556 0.452344 0.390278
3 0.459375 0.354167 0.482031 0.369444 0.477344 0.3875 0.455469 0.372222
3 0.478906 0.326389 0.4875 0.336111 0.475 0.369444 0.465625 0.359722
0 0.482031 0.345833 0.521875 0.390278 0.516406 0.402778 0.477344 0.359722
2 0.6125 0.377778 0.621875 0.391667 0.603125 0.430556 0.59375 0.416667
0 0.621875 0.333333 0.629687 0.352778 0.579688 0.423611 0.571094 0.405556
0 0.654687 0.334722 0.590625 0.356944 0.588281 0.333333 0.652344 0.309722
2 0.6125 0.298611 0.639062 0.309722 0.636719 0.327778 0.610156 0.316667
2 0.59375 0.359722 0.573438 0.391667 0.567187 0.376389 0.5875 0.345833
2 0.559375 0.369444 0.579688 0.394444 0.574219 0.408333 0.554688 0.383333
2 0.539844 0.358333 0.561719 0.390278 0.553906 0.405556 0.532813 0.372222
3 0.547656 0.355556 0.572656 0.355556 0.572656 0.373611 0.547656 0.373611
3 0.584375 0.320833 0.592969 0.331944 0.578125 0.370833 0.56875 0.359722
3 0.592969 0.302778 0.615625 0.316667 0.611719 0.336111 0.589063 0.322222
2 0.582812 0.3 0.558594 0.326389 0.551562 0.308333 0.575781 0.281944
1 0.560937 0.345833 0.546094 0.363889 0.5125 0.275 0.526563 0.256944
1 0.573438 0.304167 0.505469 0.354167 0.498437 0.325 0.566406 0.273611
2 0.558594 0.279167 0.549219 0.286111 0.540625 0.248611 0.549219 0.240278
2 0.560937 0.269444 0.550781 0.276389 0.542188 0.234722 0.552344 0.227778
0 0.565625 0.230556 0.510156 0.259722 0.50625 0.2375 0.561719 0.206944
2 0.528125 0.280556 0.51875 0.288889 0.508594 0.255556 0.517969 0.247222
3 0.496875 0.277778 0.517969 0.277778 0.517969 0.298611 0.496875 0.298611
0 0.489844 0.273611 0.498437 0.286111 0.4625 0.363889 0.453906 0.351389
2 0.496875 0.418056 0.46875 0.427778 0.466406 0.409722 0.495312 0.4
0 0.45625 0.348611 0.448437 0.365278 0.414062 0.315278 0.421094 0.3
0 0.453125 0.255556 0.457813 0.268056 0.411719 0.322222 0.40625 0.309722
2 0.444531 0.276389 0.423438 0.293056 0.419531 0.276389 0.440625 0.259722
2 0.407813 0.298611 0.415625 0.308333 0.403125 0.334722 0.395313 0.323611
2 0.382812 0.281944 0.403906 0.281944 0.403906 0.295833 0.382812 0.295833
2 0.389844 0.270833 0.409375 0.270833 0.409375 0.284722 0.389844 0.284722
2 0.415625 0.263889 0.39375 0.276389 0.392188 0.263889 0.413281 0.251389
2 0.421875 0.241667 0.428125 0.247222 0.421094 0.268056 0.414844 0.2625
0 0.45 0.226389 0.398438 0.265278 0.395313 0.254167 0.447656 0.215278
0 0.4375 0.165278 0.441406 0.179167 0.400781 0.220833 0.396875 0.208333
2 0.39375 0.226389 0.372656 0.233333 0.371094 0.216667 0.392188 0.209722
2 0.407031 0.105556 0.423438 0.126389 0.41875 0.1375 0.402344 0.118056
1 0.564063 0.120833 0.632031 0.131944 0.629687 0.1625 0.5625 0.151389
1 0.592187 0.188889 0.523438 0.218056 0.51875 0.188889 0.588281 0.159722
2 0.558594 0.151389 0.564844 0.163889 0.544531 0.191667 0.539062 0.179167
2 0.504687 0.218056 0.5125 0.229167 0.496875 0.2625 0.489063 0.251389
2 0.489063 0.255556 0.477344 0.265278 0.470313 0.233333 0.482031 0.223611
2 0.467187 0.211111 0.489063 0.215278 0.488281 0.231944 0.466406 0.227778
2 0.465625 0.184722 0.486719 0.193056 0.484375 0.211111 0.463281 0.202778
3 0.499219 0.113889 0.510156 0.113889 0.510156 0.147222 0.499219 0.147222
2 0.502344 0.144444 0.510938 0.144444 0.510938 0.175 0.502344 0.175
