2 0.160156 0.952778 0.214062 0.952778 0.214062 0.993056 0.160156 0.993056
2 0.260156 0.965278 0.239063 0.995833 0.202344 0.918056 0.223438 0.8875
2 0.150781 0.895833 0.173437 0.908333 0.157812 0.997222 0.135156 0.986111
2 0.351562 0.955556 0.284375 0.993056 0.276562 0.948611 0.34375 0.911111
3 0.442969 0.951389 0.490625 0.951389 0.490625 0.997222 0.442969 0.997222
3 0.489844 0.943056 0.528906 0.943056 0.528906 0.998611 0.489844 0.998611
3 0.301563 0.708333 0.278125 0.730556 0.253906 0.65 0.276562 0.627778
2 0.328906 0.588889 0.352344 0.605556 0.329688 0.701389 0.30625 0.683333
0 0.264844 0.743056 0.236719 0.751389 0.21875 0.576389 0.246875 0.568056
3 0.20625 0.581944 0.167969 0.629167 0.153906 0.591667 0.192188 0.544444
3 0.210156 0.5125 0.255469 0.529167 0.250781 0.568056 0.205469 0.551389
3 0.263281 0.493056 0.284375 0.508333 0.265625 0.586111 0.244531 0.570833
2 0.1875 0.504167 0.203906 0.529167 0.166406 0.608333 0.149219 0.583333
3 0.223438 0.480556 0.184375 0.527778 0.169531 0.490278 0.208594 0.441667
3 0.1625 0.397222 0.196094 0.4375 0.182031 0.475 0.148438 0.434722
2 0.245312 0.444444 0.284375 0.481944 0.275 0.509722 0.236719 0.472222
2 0.267969 0.397222 0.282031 0.397222 0.282031 0.466667 0.267969 0.466667
2 0.258594 0.373611 0.275 0.393056 0.249219 0.459722 0.232813 0.440278
2 0.271875 0.315278 0.2875 0.334722 0.2625 0.398611 0.246875 0.380556
1 0.279687 0.351389 0.316406 0.358333 0.303125 0.593056 0.266406 0.5875
2 0.320312 0.381944 0.353906 0.381944 0.353906 0.434722 0.320312 0.434722
2 0.394531 0.4375 0.447656 0.4375 0.447656 0.477778 0.394531 0.477778
3 0.363281 0.295833 0.392188 0.295833 0.392188 0.347222 0.363281 0.347222
1 0.396094 0.125 0.428906 0.129167 0.41875 0.348611 0.386719 0.343056
2 0.438281 0.206944 0.476562 0.263889 0.464062 0.290278 0.425781 0.231944
0 0.471875 0.411111 0.595313 0.431944 0.592187 0.475 0.469531 0.454167
2 0.452344 0.0763889 0.485156 0.125 0.471875 0.154167 0.439063 0.104167
3 0.514844 0.0958333 0.546875 0.144444 0.53125 0.175 0.499219 0.127778
1 0.51875 0.0569444 0.624219 0.184722 0.605469 0.233333 0.5 0.104167
2 0.297656 0.0194444 0.330469 0.0513889 0.321875 0.0791667 0.289062 0.0472222
2 0.275 0.168056 0.292969 0.180556 0.272656 0.266667 0.254688 0.252778
2 0.732812 0.391667 0.790625 0.448611 0.779687 0.483333 0.721875 0.427778
3 0.545312 0.356944 0.59375 0.356944 0.59375 0.402778 0.545312 0.402778
3 0.749219 0.306944 0.803125 0.373611 0.790625 0.405556 0.736719 0.338889
0 0.913281 0.438889 0.888281 0.468056 0.810937 0.266667 0.835938 0.2375
2 0.809375 0.123611 0.834375 0.123611 0.834375 0.238889 0.809375 0.238889
2 0.65625 0 0.700781 0 0.700781 0.0319444 0.65625 0.0319444
