2 0.321875 0.0736111 0.334375 0.0861111 0.3125 0.15 0.3 0.1375
0 0.391406 0.229167 0.377344 0.2375 0.352344 0.0916667 0.366406 0.0833333
2 0.460156 0.104167 0.435937 0.156944 0.423438 0.140278 0.447656 0.0861111
3 0.450781 0.230556 0.422656 0.258333 0.414844 0.231944 0.442969 0.204167
0 0.474219 0.2375 0.401562 0.291667 0.396094 0.266667 0.467969 0.2125
3 0.4625 0.2375 0.497656 0.2375 0.497656 0.268056 0.4625 0.268056
2 0.355469 0.261111 0.391406 0.280556 0.385156 0.315278 0.35 0.294444
0 0.28125 0.197222 0.296875 0.220833 0.240625 0.340278 0.225 0.315278
1 0.330469 0.415278 0.303906 0.419444 0.292187 0.213889 0.31875 0.208333
3 0.275 0.326389 0.292969 0.348611 0.267188 0.415278 0.249219 0.394444
2 0.228906 0.497222 0.213281 0.504167 0.202344 0.4125 0.21875 0.406944
3 0.228906 0.595833 0.254688 0.6 0.249219 0.688889 0.223438 0.684722
3 0.304688 0.520833 0.342969 0.558333 0.33125 0.595833 0.29375 0.558333
3 0.370312 0.645833 0.351562 0.652778 0.341406 0.566667 0.360938 0.559722
2 0.435156 0.605556 0.476562 0.636111 0.467969 0.669444 0.426563 0.638889
2 0.413281 0.788889 0.458594 0.833333 0.45 0.859722 0.404687 0.816667
2 0.500781 0.877778 0.485938 0.883333 0.474219 0.786111 0.489844 0.780556
1 0.453125 0.4375 0.55 0.555556 0.535156 0.595833 0.4375 0.477778
1 0.379688 0.291667 0.473438 0.427778 0.457031 0.463889 0.363281 0.327778
0 0.699219 0.408333 0.715625 0.413889 0.7 0.551389 0.684375 0.544444
0 0.634375 0.765278 0.616406 0.791667 0.550781 0.652778 0.56875 0.626389
3 0.396875 0.897222 0.417187 0.904167 0.407031 0.990278 0.3875 0.983333
0 0.428125 0.870833 0.521875 0.940278 0.511719 0.980556 0.41875 0.911111
2 0.575 0.904167 0.590625 0.904167 0.590625 0.984722 0.575 0.984722
2 0.730469 0.922222 0.767969 0.9625 0.757812 0.993056 0.720313 0.952778
3 0.720313 0.968056 0.742188 0.968056 0.742188 0.997222 0.720313 0.997222
2 0.605469 0.965278 0.645312 0.965278 0.645312 0.998611 0.605469 0.998611
