1 0.367969 0.276389 0.359375 0.279167 0.355469 0.218056 0.364844 0.216667
0 0.371875 0.248611 0.39375 0.252778 0.392969 0.263889 0.371094 0.259722
2 0.392969 0.230556 0.400781 0.230556 0.400781 0.243056 0.392969 0.243056
2 0.440625 0.241667 0.446094 0.241667 0.446094 0.255556 0.440625 0.255556
0 0.419531 0.255556 0.439063 0.266667 0.4375 0.276389 0.417969 0.265278
0 0.441406 0.280556 0.463281 0.2875 0.461719 0.3 0.439844 0.293056
2 0.426563 0.279167 0.420312 0.2875 0.414844 0.275 0.420312 0.266667
2 0.399219 0.269444 0.407813 0.269444 0.407813 0.279167 0.399219 0.279167
2 0.405469 0.281944 0.402344 0.288889 0.39375 0.275 0.397656 0.268056
0 0.383594 0.273611 0.390625 0.273611 0.390625 0.3 0.383594 0.3
2 0.392969 0.281944 0.400781 0.281944 0.400781 0.297222 0.392969 0.297222
2 0.407031 0.279167 0.414062 0.279167 0.414062 0.293056 0.407031 0.293056
2 0.44375 0.306944 0.457031 0.306944 0.457031 0.316667 0.44375 0.316667
0 0.421094 0.313889 0.446094 0.327778 0.444531 0.340278 0.41875 0.326389
2 0.440625 0.355556 0.457031 0.355556 0.457031 0.369444 0.440625 0.369444
2 0.435156 0.386111 0.45 0.386111 0.45 0.401389 0.435156 0.401389
2 0.542188 0.338889 0.55 0.338889 0.55 0.356944 0.542188 0.356944
2 0.533594 0.390278 0.547656 0.390278 0.547656 0.401389 0.533594 0.401389
3 0.541406 0.368056 0.555469 0.368056 0.555469 0.380556 0.541406 0.380556
2 0.536719 0.373611 0.545312 0.373611 0.545312 0.390278 0.536719 0.390278
2 0.488281 0.405556 0.503125 0.405556 0.503125 0.420833 0.488281 0.420833
2 0.451562 0.405556 0.458594 0.405556 0.458594 0.422222 0.451562 0.422222
2 0.457813 0.402778 0.464062 0.402778 0.464062 0.422222 0.457813 0.422222
0 0.467187 0.429167 0.435937 0.434722 0.435156 0.425 0.467187 0.418056
0 0.422656 0.416667 0.425781 0.423611 0.405469 0.445833 0.402344 0.438889
2 0.448437 0.454167 0.460156 0.454167 0.460156 0.468056 0.448437 0.468056
3 0.449219 0.468056 0.464062 0.468056 0.464062 0.484722 0.449219 0.484722
0 0.498437 0.463889 0.492969 0.469444 0.483594 0.430556 0.489844 0.426389
2 0.503125 0.45 0.507812 0.459722 0.497656 0.475 0.492969 0.465278
0 0.540625 0.416667 0.574219 0.416667 0.574219 0.425 0.540625 0.425
2 0.557813 0.418056 0.572656 0.426389 0.571094 0.434722 0.55625 0.426389
3 0.549219 0.425 0.563281 0.425 0.563281 0.434722 0.549219 0.434722
3 0.532813 0.423611 0.547656 0.423611 0.547656 0.434722 0.532813 0.434722
1 0.542188 0.430556 0.588281 0.430556 0.588281 0.445833 0.542188 0.445833
0 0.542188 0.440278 0.575 0.440278 0.575 0.451389 0.542188 0.451389
2 0.544531 0.445833 0.557031 0.445833 0.557031 0.454167 0.544531 0.454167
2 0.553125 0.447222 0.566406 0.447222 0.566406 0.459722 0.553125 0.459722
1 0.523438 0.429167 0.561719 0.458333 0.557031 0.475 0.519531 0.447222
2 0.578125 0.506944 0.572656 0.520833 0.559375 0.504167 0.564063 0.491667
2 0.546875 0.495833 0.560937 0.505556 0.558594 0.518056 0.544531 0.508333
2 0.532031 0.490278 0.546094 0.490278 0.546094 0.502778 0.532031 0.502778
2 0.525781 0.495833 0.538281 0.495833 0.538281 0.511111 0.525781 0.511111
0 0.484375 0.486111 0.517969 0.504167 0.515625 0.516667 0.482031 0.498611
3 0.585156 0.508333 0.590625 0.516667 0.582812 0.531944 0.577344 0.523611
2 0.616406 0.543056 0.596094 0.55 0.594531 0.536111 0.614844 0.529167
0 0.639844 0.530556 0.603125 0.5375 0.602344 0.526389 0.639062 0.519444
2 0.596094 0.509722 0.603125 0.515278 0.597656 0.536111 0.591406 0.531944
3 0.598437 0.4875 0.614062 0.4875 0.614062 0.501389 0.598437 0.501389
3 0.596094 0.501389 0.610156 0.501389 0.610156 0.516667 0.596094 0.516667
2 0.616406 0.488889 0.632812 0.495833 0.63125 0.511111 0.614844 0.504167
0 0.646875 0.516667 0.607812 0.522222 0.607031 0.5125 0.646094 0.505556
1 0.604688 0.472222 0.651563 0.498611 0.649219 0.5125 0.602344 0.486111
2 0.45625 0.548611 0.477344 0.548611 0.477344 0.563889 0.45625 0.563889
2 0.471094 0.508333 0.478906 0.508333 0.478906 0.534722 0.471094 0.534722
3 0.482812 0.508333 0.489063 0.515278 0.483594 0.534722 0.477344 0.527778
2 0.489844 0.513889 0.504687 0.523611 0.501563 0.536111 0.486719 0.525
2 0.488281 0.529167 0.501563 0.529167 0.501563 0.538889 0.488281 0.538889
2 0.486719 0.534722 0.498437 0.534722 0.498437 0.547222 0.486719 0.547222
0 0.498437 0.579167 0.489844 0.5875 0.477344 0.545833 0.485938 0.5375
2 0.517969 0.554167 0.502344 0.568056 0.499219 0.558333 0.514844 0.543056
3 0.517188 0.548611 0.532813 0.556944 0.529687 0.570833 0.514062 0.5625
3 0.549219 0.548611 0.564063 0.548611 0.564063 0.570833 0.549219 0.570833
3 0.425 0.668056 0.434375 0.668056 0.434375 0.694444 0.425 0.694444
3 0.410156 0.661111 0.421875 0.661111 0.421875 0.691667 0.410156 0.691667
0 0.529687 0.572222 0.574219 0.588889 0.571875 0.605556 0.527344 0.590278
2 0.521875 0.366667 0.53125 0.366667 0.53125 0.381944 0.521875 0.381944
