3 0.028125 0.722222 0.0859375 0.754167 0.0789062 0.795833 0.0210938 0.763889
0 0.205469 0.147222 0.226562 0.15 0.223438 0.298611 0.202344 0.297222
3 0.208594 0.119444 0.246875 0.119444 0.246875 0.155556 0.208594 0.155556
2 0.0273438 0 0.0445313 0 0.0445313 0.0666667 0.0273438 0.0666667
2 0.328906 0.561111 0.307812 0.576389 0.288281 0.493056 0.308594 0.477778
1 0.439844 0.740278 0.411719 0.765278 0.353906 0.566667 0.382031 0.541667
2 0.447656 0.529167 0.410156 0.575 0.397656 0.543056 0.435937 0.497222
2 0.489844 0.580556 0.523438 0.631944 0.511719 0.656944 0.477344 0.605556
0 0.408594 0.747222 0.509375 0.823611 0.501563 0.854167 0.400781 0.777778
2 0.530469 0.827778 0.515625 0.843056 0.49375 0.769444 0.508594 0.755556
3 0.525781 0.718056 0.54375 0.727778 0.532031 0.797222 0.513281 0.7875
2 0.514062 0.890278 0.464062 0.894444 0.463281 0.855556 0.513281 0.851389
0 0.538281 0.706944 0.555469 0.7125 0.535156 0.890278 0.517969 0.884722
0 0.549219 0.688889 0.566406 0.690278 0.5625 0.886111 0.545312 0.884722
0 0.603125 0.958333 0.586719 0.963889 0.566406 0.784722 0.582812 0.779167
2 0.645312 0.744444 0.603906 0.758333 0.600781 0.726389 0.642188 0.7125
1 0.655469 0.479167 0.667969 0.516667 0.58125 0.609722 0.56875 0.573611
2 0.757031 0.570833 0.766406 0.570833 0.766406 0.645833 0.757031 0.645833
2 0.505469 0.461111 0.492188 0.472222 0.475781 0.402778 0.489063 0.393056
1 0.514062 0.522222 0.49375 0.538889 0.445312 0.355556 0.465625 0.338889
3 0.46875 0.277778 0.484375 0.286111 0.475781 0.340278 0.459375 0.330556
3 0.447656 0.259722 0.464062 0.259722 0.464062 0.316667 0.447656 0.316667
0 0.457031 0.3125 0.522656 0.431944 0.514844 0.444444 0.45 0.325
2 0.459375 0.179167 0.43125 0.219444 0.421094 0.197222 0.448437 0.155556
3 0.548438 0.0319444 0.572656 0.0319444 0.572656 0.0916667 0.548438 0.0916667
2 0.335156 0.140278 0.35 0.156944 0.328125 0.213889 0.314063 0.195833
2 0.302344 0.186111 0.289062 0.202778 0.263281 0.136111 0.276562 0.119444
2 0.295312 0.127778 0.319531 0.183333 0.304688 0.204167 0.279687 0.148611
3 0.308594 0.105556 0.333594 0.151389 0.320312 0.175 0.295312 0.129167
2 0.283594 0.0791667 0.300781 0.0791667 0.300781 0.1375 0.283594 0.1375
2 0.272656 0.0583333 0.246875 0.119444 0.233594 0.1 0.258594 0.0402778
0 0.265625 0.00416667 0.283594 0.00416667 0.283594 0.120833 0.265625 0.120833
2 0.475 0.0263889 0.4875 0.0375 0.471094 0.0888889 0.459375 0.0777778
2 0.50625 0.0361111 0.535937 0.0722222 0.526563 0.0958333 0.496875 0.0597222
2 0.522656 0.0513889 0.508594 0.0569444 0.502344 0.00694444 0.517188 0.00138889
2 0.452344 0.00277778 0.467969 0.0125 0.457031 0.0722222 0.442188 0.0638889
2 0.746094 0.0875 0.757031 0.0875 0.757031 0.143056 0.746094 0.143056
2 0.767188 0.0861111 0.79375 0.111111 0.785937 0.136111 0.760156 0.109722
2 0.751563 0.0111111 0.764844 0.0111111 0.764844 0.0527778 0.751563 0.0527778
3 0.810156 0.0472222 0.797656 0.075 0.786719 0.0583333 0.798438 0.0319444
3 0.801562 0.0986111 0.825781 0.123611 0.819531 0.144444 0.795312 0.120833
0 0.729688 0.00416667 0.780469 0.0791667 0.773438 0.0944444 0.722656 0.0194444
