1 0.275 0.45 0.125 0.463889 0.123438 0.405556 0.273438 0.393056
1 0.174219 0.344444 0.325781 0.344444 0.325781 0.404167 0.174219 0.404167
1 0.332813 0.227778 0.224219 0.377778 0.201563 0.326389 0.310156 0.176389
2 0.250781 0.430556 0.315625 0.430556 0.315625 0.469444 0.250781 0.469444
2 0.349219 0.515278 0.289844 0.536111 0.285156 0.495833 0.344531 0.475
2 0.330469 0.656944 0.303125 0.666667 0.292969 0.572222 0.319531 0.5625
2 0.369531 0.638889 0.315625 0.695833 0.303906 0.661111 0.357812 0.602778
2 0.261719 0.588889 0.285938 0.593056 0.280469 0.694444 0.25625 0.690278
2 0.232031 0.519444 0.274219 0.570833 0.259375 0.608333 0.217969 0.556944
3 0.382812 0.255556 0.3625 0.286111 0.334375 0.229167 0.355469 0.197222
0 0.253125 0.730556 0.239063 0.758333 0.146875 0.6125 0.160156 0.586111
3 0.10625 0.498611 0.135937 0.508333 0.127344 0.586111 0.0976562 0.575
3 0.0851563 0.443056 0.127344 0.443056 0.127344 0.4875 0.0851563 0.4875
0 0.120313 0.379167 0.133594 0.408333 0.0453125 0.531944 0.0328125 0.502778
2 0.003125 0.419444 0.0625 0.419444 0.0625 0.461111 0.003125 0.461111
3 0.0773438 0.176389 0.090625 0.206944 0.0515625 0.261111 0.0382813 0.231944
3 0.0726563 0.2125 0.09375 0.238889 0.0671875 0.306944 0.0460938 0.281944
2 0.084375 0.211111 0.101562 0.213889 0.096875 0.295833 0.0796875 0.293056
3 0.0976562 0.129167 0.114844 0.138889 0.103906 0.204167 0.0867187 0.194444
3 0.126562 0.102778 0.0984375 0.144444 0.0851563 0.115278 0.113281 0.0736111
2 0.182812 0.170833 0.132031 0.219444 0.123438 0.190278 0.174219 0.141667
2 0.1625 0.231944 0.123438 0.252778 0.117188 0.216667 0.15625 0.195833
2 0.215625 0.286111 0.19375 0.294444 0.184375 0.2125 0.20625 0.205556
3 0.246875 0.236111 0.223438 0.248611 0.210938 0.177778 0.234375 0.165278
3 0.270313 0.1375 0.296094 0.152778 0.283594 0.222222 0.257812 0.208333
2 0.324219 0.105556 0.284375 0.154167 0.272656 0.125 0.3125 0.0763889
2 0.266406 0.0263889 0.279687 0.05 0.244531 0.109722 0.232031 0.0861111
2 0.2625 0.0638889 0.277344 0.0916667 0.242188 0.152778 0.227344 0.126389
