2 0.25 0.195833 0.267188 0.198611 0.2625 0.272222 0.245312 0.269444
3 0.347656 0.188889 0.315625 0.220833 0.304688 0.184722 0.336719 0.154167
3 0.310937 0.438889 0.347656 0.438889 0.347656 0.481944 0.310937 0.481944
3 0.339844 0.409722 0.379688 0.409722 0.379688 0.45 0.339844 0.45
2 0.346094 0.456944 0.370312 0.461111 0.365625 0.536111 0.341406 0.531944
3 0.378906 0.675 0.403125 0.675 0.403125 0.7625 0.378906 0.7625
2 0.396875 0.526389 0.433594 0.570833 0.421094 0.602778 0.384375 0.558333
2 0.388281 0.5875 0.426563 0.625 0.417969 0.654167 0.378906 0.616667
0 0.520312 0.569444 0.432031 0.655556 0.421094 0.619444 0.509375 0.533333
0 0.533594 0.447222 0.553125 0.45 0.546875 0.647222 0.528125 0.644444
2 0.536719 0.513889 0.515625 0.518056 0.510156 0.429167 0.532031 0.425
3 0.55 0.531944 0.572656 0.531944 0.572656 0.6125 0.55 0.6125
2 0.442188 0.304167 0.421094 0.308333 0.417187 0.236111 0.4375 0.233333
3 0.438281 0.180556 0.458594 0.180556 0.458594 0.234722 0.438281 0.234722
3 0.453906 0.168056 0.432031 0.180556 0.422656 0.125 0.444531 0.113889
3 0.411719 0.143056 0.433594 0.143056 0.433594 0.204167 0.411719 0.204167
3 0.428906 0.0375 0.460156 0.0375 0.460156 0.0902778 0.428906 0.0902778
3 0.475781 0.0138889 0.514844 0.0138889 0.514844 0.05 0.475781 0.05
2 0.554688 0.0472222 0.573438 0.0694444 0.546875 0.138889 0.528906 0.116667
2 0.592187 0 0.628125 0 0.628125 0.0333333 0.592187 0.0333333
2 0.603125 0.697222 0.65 0.766667 0.633594 0.801389 0.586719 0.731944
2 0.657813 0.816667 0.603125 0.869444 0.592187 0.834722 0.646875 0.781944
2 0.519531 0.738889 0.567969 0.804167 0.551562 0.841667 0.503125 0.776389
2 0.528125 0.797222 0.544531 0.826389 0.501563 0.9 0.485156 0.870833
2 0.551562 0.893056 0.614844 0.915278 0.609375 0.965278 0.546094 0.941667
3 0.423438 0.193056 0.438281 0.211111 0.41875 0.261111 0.403906 0.243056
