0 0.853906 0.648611 0.83125 0.654167 0.81875 0.483333 0.841406 0.477778
1 0.839844 0.275 0.802344 0.311111 0.719531 0.0388889 0.75625 0.00277778
1 0.857031 0.394444 0.822656 0.436111 0.73125 0.198611 0.765625 0.156944
0 0.84375 0.443056 0.825781 0.470833 0.751563 0.313889 0.769531 0.286111
0 0.834375 0.463889 0.819531 0.491667 0.735938 0.347222 0.750781 0.319444
0 0.815625 0.515278 0.803906 0.531944 0.725 0.366667 0.736719 0.348611
1 0.796094 0.640278 0.761719 0.652778 0.7375 0.436111 0.771875 0.423611
2 0.738281 0.555556 0.760938 0.555556 0.760938 0.619444 0.738281 0.619444
2 0.727344 0.301389 0.746875 0.323611 0.717969 0.4 0.698438 0.376389
3 0.7 0.176389 0.722656 0.176389 0.722656 0.256944 0.7 0.256944
0 0.713281 0.336111 0.69375 0.341667 0.673438 0.129167 0.692969 0.123611
3 0.716406 0.408333 0.739062 0.408333 0.739062 0.475 0.716406 0.475
2 0.728906 0.486111 0.713281 0.491667 0.703125 0.4 0.71875 0.394444
3 0.724219 0.483333 0.747656 0.483333 0.747656 0.541667 0.724219 0.541667
3 0.692187 0.4875 0.734375 0.527778 0.723437 0.563889 0.68125 0.523611
0 0.653125 0.554167 0.7625 0.619444 0.757031 0.648611 0.647656 0.583333
0 0.689063 0.498611 0.608594 0.515278 0.607031 0.486111 0.686719 0.469444
0 0.707812 0.398611 0.696875 0.423611 0.601562 0.288889 0.6125 0.265278
2 0.642188 0.406944 0.6875 0.423611 0.683594 0.458333 0.638281 0.441667
2 0.623437 0.45 0.669531 0.45 0.669531 0.481944 0.623437 0.481944
2 0.557031 0.143056 0.579688 0.143056 0.579688 0.2375 0.557031 0.2375
2 0.65625 0.161111 0.63125 0.170833 0.619531 0.0722222 0.645312 0.0625
0 0.638281 0.205556 0.61875 0.2125 0.596094 0.00972222 0.614844 0.00277778
0 0.620313 0.209722 0.601562 0.216667 0.578906 0.0152778 0.596875 0.00833333
0 0.453906 0.166667 0.545312 0.236111 0.5375 0.266667 0.446094 0.197222
0 0.460938 0.226389 0.544531 0.255556 0.540625 0.2875 0.457031 0.256944
0 0.461719 0.252778 0.544531 0.298611 0.539062 0.329167 0.45625 0.283333
3 0.564063 0.3375 0.604688 0.352778 0.600781 0.384722 0.560156 0.369444
0 0.525781 0.318056 0.621875 0.390278 0.615625 0.418056 0.51875 0.345833
0 0.521094 0.3375 0.613281 0.406944 0.607031 0.431944 0.514844 0.3625
0 0.478125 0.313889 0.564063 0.377778 0.557031 0.406944 0.471094 0.343056
