2 0.253906 0.25 0.270313 0.25 0.270313 0.269444 0.253906 0.269444
2 0.314063 0.191667 0.339844 0.205556 0.335938 0.225 0.310156 0.211111
2 0.285156 0.270833 0.301563 0.270833 0.301563 0.293056 0.285156 0.293056
2 0.272656 0.301389 0.282031 0.301389 0.282031 0.338889 0.272656 0.338889
2 0.2625 0.288889 0.283594 0.288889 0.283594 0.304167 0.2625 0.304167
0 0.276562 0.266667 0.298438 0.3 0.292969 0.309722 0.271094 0.276389
0 0.3375 0.336111 0.30625 0.343056 0.305469 0.326389 0.336719 0.318056
2 0.290625 0.3375 0.309375 0.347222 0.305469 0.365278 0.2875 0.355556
0 0.3375 0.355556 0.352344 0.379167 0.346094 0.393056 0.330469 0.369444
2 0.360938 0.3 0.371094 0.304167 0.366406 0.348611 0.355469 0.344444
2 0.404687 0.255556 0.429688 0.255556 0.429688 0.277778 0.404687 0.277778
2 0.383594 0.447222 0.410156 0.447222 0.410156 0.469444 0.383594 0.469444
3 0.338281 0.679167 0.359375 0.686111 0.35625 0.709722 0.335938 0.702778
3 0.363281 0.75 0.353125 0.763889 0.340625 0.731944 0.351562 0.718056
2 0.396875 0.697222 0.385937 0.711111 0.369531 0.669444 0.380469 0.655556
3 0.3625 0.745833 0.374219 0.754167 0.363281 0.798611 0.352344 0.788889
3 0.405469 0.776389 0.421094 0.776389 0.421094 0.825 0.405469 0.825
0 0.439063 0.820833 0.425781 0.826389 0.408594 0.713889 0.421875 0.706944
2 0.336719 0.848611 0.326562 0.866667 0.310156 0.8375 0.320312 0.819444
2 0.29375 0.894444 0.274219 0.908333 0.270313 0.890278 0.289844 0.876389
2 0.375 0.959722 0.360938 0.9625 0.357031 0.906944 0.371875 0.904167
2 0.546875 0.965278 0.575781 0.965278 0.575781 0.998611 0.546875 0.998611
3 0.390625 0.966667 0.408594 0.966667 0.408594 0.997222 0.390625 0.997222
0 0.485156 0.879167 0.546875 0.958333 0.538281 0.977778 0.477344 0.898611
2 0.497656 0.873611 0.527344 0.905556 0.51875 0.930556 0.489063 0.898611
2 0.485938 0.844444 0.516406 0.866667 0.510156 0.894444 0.479687 0.870833
3 0.517188 0.836111 0.5 0.856944 0.482031 0.808333 0.499219 0.7875
3 0.552344 0.802778 0.5375 0.830556 0.517188 0.793056 0.53125 0.766667
2 0.580469 0.673611 0.596875 0.676389 0.592187 0.748611 0.576562 0.744444
3 0.611719 0.638889 0.624219 0.663889 0.598437 0.708333 0.585938 0.684722
3 0.515625 0.681944 0.53125 0.7 0.510156 0.755556 0.494531 0.736111
2 0.514844 0.661111 0.504687 0.669444 0.491406 0.611111 0.501563 0.604167
1 0.60625 0.433333 0.629687 0.451389 0.585938 0.636111 0.5625 0.619444
3 0.520312 0.633333 0.504687 0.6375 0.498437 0.580556 0.513281 0.575
3 0.514062 0.569444 0.541406 0.569444 0.541406 0.606944 0.514062 0.606944
3 0.439844 0.630556 0.416406 0.654167 0.408594 0.629167 0.432031 0.605556
2 0.5625 0.440278 0.595313 0.463889 0.588281 0.490278 0.55625 0.466667
1 0.647656 0.402778 0.554688 0.452778 0.547656 0.413889 0.641406 0.3625
1 0.560937 0.486111 0.535156 0.488889 0.53125 0.3125 0.55625 0.309722
2 0.54375 0.404167 0.532813 0.415278 0.51875 0.372222 0.528906 0.361111
3 0.538281 0.429167 0.527344 0.441667 0.5125 0.398611 0.523438 0.386111
3 0.514062 0.336111 0.527344 0.340278 0.521094 0.393056 0.507812 0.3875
2 0.54375 0.45 0.535156 0.468056 0.508594 0.431944 0.517188 0.4125
2 0.499219 0.413889 0.524219 0.447222 0.516406 0.465278 0.491406 0.430556
2 0.492969 0.325 0.5125 0.356944 0.503125 0.373611 0.483594 0.341667
0 0.514062 0.281944 0.527344 0.2875 0.511719 0.423611 0.498437 0.419444
0 0.489844 0.429167 0.541406 0.479167 0.535156 0.498611 0.483594 0.447222
0 0.478125 0.438889 0.530469 0.484722 0.525 0.504167 0.472656 0.458333
0 0.50625 0.275 0.507031 0.294444 0.460156 0.301389 0.459375 0.281944
2 0.569531 0.129167 0.582031 0.140278 0.564063 0.202778 0.552344 0.191667
2 0.538281 0.180556 0.514062 0.216667 0.505469 0.197222 0.529687 0.161111
3 0.513281 0.109722 0.532813 0.129167 0.525 0.152778 0.505469 0.133333
0 0.510938 0.190278 0.499219 0.194444 0.488281 0.104167 0.5 0.0986111
2 0.471094 0.208333 0.486719 0.208333 0.486719 0.231944 0.471094 0.231944
2 0.5625 0.0291667 0.577344 0.0291667 0.577344 0.0986111 0.5625 0.0986111
2 0.508594 0.501389 0.483594 0.520833 0.478906 0.498611 0.503906 0.479167
2 0.480469 0.511111 0.457813 0.527778 0.453906 0.508333 0.475781 0.491667
2 0.467187 0.506944 0.44375 0.518056 0.441406 0.502778 0.464844 0.491667
2 0.451562 0.5 0.429688 0.527778 0.424219 0.513889 0.446875 0.486111
2 0.439844 0.459722 0.451562 0.473611 0.438281 0.508333 0.427344 0.494444
2 0.425781 0.477778 0.436719 0.486111 0.425 0.536111 0.413281 0.527778
0 0.490625 0.497222 0.448437 0.5 0.448437 0.475 0.490625 0.473611
1 0.649219 0 0.73125 0 0.73125 0.122222 0.649219 0.122222
0 0.503125 0.2125 0.515625 0.2125 0.515625 0.340278 0.503125 0.340278
