3 0.241406 0.758333 0.294531 0.758333 0.294531 0.805556 0.241406 0.805556
3 0.238281 0.718056 0.292969 0.718056 0.292969 0.758333 0.238281 0.758333
3 0.275781 0.676389 0.330469 0.686111 0.327344 0.730556 0.273438 0.720833
2 0.261719 0.570833 0.316406 0.6125 0.30625 0.655556 0.251563 0.613889
2 0.382031 0.691667 0.435156 0.734722 0.425 0.773611 0.371875 0.730556
0 0.360156 0.723611 0.465625 0.794444 0.45625 0.836111 0.350781 0.765278
0 0.305469 0.719444 0.409375 0.788889 0.399219 0.836111 0.295312 0.765278
2 0.597656 0.247222 0.592187 0.330556 0.577344 0.326389 0.583594 0.243056
2 0.557813 0.281944 0.511719 0.306944 0.505469 0.273611 0.552344 0.248611
2 0.446875 0.177778 0.489063 0.209722 0.48125 0.241667 0.439063 0.209722
2 0.421875 0.275 0.472656 0.275 0.472656 0.308333 0.421875 0.308333
1 0.392969 0.280556 0.51875 0.322222 0.513281 0.375 0.3875 0.333333
0 0.389062 0.316667 0.497656 0.345833 0.494531 0.379167 0.385937 0.35
1 0.372656 0.379167 0.335938 0.383333 0.33125 0.265278 0.367969 0.259722
2 0.328906 0.306944 0.342969 0.306944 0.342969 0.373611 0.328906 0.373611
0 0.308594 0.130556 0.328906 0.131944 0.325 0.301389 0.304688 0.298611
0 0.382031 0.144444 0.403906 0.148611 0.395313 0.297222 0.373437 0.293056
2 0.474219 0.388889 0.508594 0.422222 0.499219 0.452778 0.464844 0.419444
0 0.476562 0.355556 0.527344 0.418056 0.514062 0.45 0.463281 0.388889
3 0.438281 0.351389 0.476562 0.397222 0.464062 0.427778 0.426563 0.381944
1 0.426563 0.380556 0.491406 0.440278 0.479687 0.479167 0.415625 0.419444
