2 0.248438 0.226389 0.267188 0.245833 0.24375 0.315278 0.225 0.295833
2 0.140625 0.659722 0.164062 0.677778 0.142969 0.766667 0.119531 0.748611
3 0.167187 0.6625 0.205469 0.6625 0.205469 0.718056 0.167187 0.718056
3 0.228125 0.790278 0.207813 0.820833 0.176563 0.755556 0.197656 0.725
2 0.196875 0.855556 0.255469 0.876389 0.250781 0.916667 0.192188 0.895833
0 0.305469 0.880556 0.283594 0.9125 0.21875 0.775 0.239844 0.741667
2 0.260937 0.958333 0.24375 0.988889 0.203906 0.919444 0.221094 0.888889
2 0.159375 0.954167 0.213281 0.954167 0.213281 0.998611 0.159375 0.998611
0 0.3625 0.673611 0.475 0.783333 0.4625 0.825 0.349219 0.715278
2 0.323437 0.683333 0.342969 0.725 0.297656 0.788889 0.278125 0.747222
3 0.285156 0.673611 0.304688 0.702778 0.269531 0.777778 0.25 0.748611
2 0.271094 0.648611 0.2875 0.663889 0.264844 0.7375 0.248438 0.722222
3 0.286719 0.620833 0.325781 0.641667 0.317969 0.684722 0.278906 0.663889
2 0.310156 0.6 0.360156 0.6375 0.352344 0.672222 0.301563 0.634722
2 0.291406 0.593056 0.304688 0.622222 0.265625 0.676389 0.252344 0.647222
3 0.2875 0.544444 0.301563 0.566667 0.269531 0.634722 0.254688 0.613889
3 0.255469 0.4875 0.225781 0.552778 0.200781 0.516667 0.230469 0.451389
3 0.260156 0.602778 0.213281 0.619444 0.207031 0.5625 0.253906 0.545833
1 0.301563 0.531944 0.43125 0.629167 0.416406 0.690278 0.2875 0.593056
3 0.425781 0.515278 0.45 0.515278 0.45 0.597222 0.425781 0.597222
2 0.477344 0.5375 0.459375 0.554167 0.433594 0.470833 0.451562 0.452778
3 0.44375 0.95 0.494531 0.95 0.494531 0.998611 0.44375 0.998611
3 0.495312 0.945833 0.528125 0.945833 0.528125 0.998611 0.495312 0.998611
2 0.353906 0.331944 0.371875 0.363889 0.335938 0.426389 0.317969 0.393056
1 0.444531 0.183333 0.314063 0.2375 0.30625 0.181944 0.4375 0.127778
2 0.354687 0.154167 0.3375 0.166667 0.322656 0.105556 0.339844 0.0916667
0 0.383594 0.173611 0.282813 0.201389 0.280469 0.172222 0.38125 0.144444
2 0.355469 0.0402778 0.378125 0.0472222 0.369531 0.125 0.346875 0.116667
2 0.292969 0.0152778 0.330469 0.0527778 0.320312 0.0861111 0.282031 0.0486111
1 0.448437 0 0.467969 0.0430556 0.378906 0.168056 0.359375 0.125
3 0.471875 0.0916667 0.516406 0.0986111 0.513281 0.148611 0.469531 0.140278
2 0.544531 0.147222 0.521875 0.154167 0.513281 0.075 0.535156 0.0680556
3 0.532813 0.2 0.510938 0.2125 0.499219 0.144444 0.521094 0.133333
2 0.524219 0.230556 0.507812 0.245833 0.485156 0.172222 0.501563 0.156944
2 0.56875 0.0527778 0.592187 0.0611111 0.582031 0.145833 0.558594 0.1375
2 0.548438 0.122222 0.604688 0.122222 0.604688 0.163889 0.548438 0.163889
0 0.550781 0.144444 0.667969 0.188889 0.6625 0.230556 0.545312 0.186111
2 0.608594 0.280556 0.672656 0.280556 0.672656 0.326389 0.608594 0.326389
2 0.498437 0.305556 0.515625 0.305556 0.515625 0.406944 0.498437 0.406944
0 0.517188 0.202778 0.540625 0.202778 0.540625 0.394444 0.517188 0.394444
2 0.6 0.448611 0.573438 0.458333 0.561719 0.354167 0.588281 0.344444
2 0.609375 0.568056 0.628906 0.597222 0.588281 0.683333 0.56875 0.654167
0 0.689063 0.375 0.709375 0.398611 0.6375 0.584722 0.617188 0.559722
0 0.79375 0.725 0.646094 0.836111 0.635938 0.794444 0.783594 0.683333
0 0.849219 0.526389 0.871875 0.548611 0.79375 0.786111 0.771875 0.7625
3 0.885938 0.519444 0.909375 0.548611 0.875781 0.636111 0.851562 0.606944
2 0.838281 0.893056 0.811719 0.9125 0.78125 0.784722 0.807813 0.765278
