2 0.391406 0.00833333 0.419531 0.0430556 0.409375 0.0680556 0.38125 0.0347222
2 0.475781 0.227778 0.439063 0.2625 0.430469 0.234722 0.467187 0.198611
2 0.310937 0.551389 0.292969 0.565278 0.276562 0.498611 0.295312 0.484722
3 0.166406 0.726389 0.144531 0.730556 0.140625 0.654167 0.1625 0.65
0 0.439844 0.358333 0.363281 0.426389 0.35625 0.401389 0.432812 0.331944
0 0.488281 0.306944 0.5 0.320833 0.460938 0.423611 0.449219 0.409722
0 0.461719 0.429167 0.450781 0.441667 0.404687 0.327778 0.414844 0.313889
2 0.452344 0.431944 0.440625 0.445833 0.419531 0.390278 0.43125 0.376389
3 0.428906 0.458333 0.414062 0.465278 0.403906 0.408333 0.419531 0.4
0 0.455469 0.429167 0.530469 0.458333 0.528125 0.479167 0.452344 0.451389
2 0.465625 0.454167 0.498437 0.454167 0.498437 0.480556 0.465625 0.480556
2 0.536719 0.448611 0.553125 0.45 0.550781 0.515278 0.534375 0.513889
3 0.522656 0.497222 0.491406 0.498611 0.490625 0.470833 0.521875 0.469444
2 0.539844 0.480556 0.516406 0.523611 0.505469 0.504167 0.528906 0.461111
2 0.467187 0.497222 0.502344 0.523611 0.496094 0.55 0.460938 0.522222
2 0.577344 0.345833 0.607812 0.375 0.599219 0.401389 0.569531 0.370833
3 0.596875 0.441667 0.578906 0.447222 0.572656 0.391667 0.590625 0.386111
2 0.602344 0.395833 0.614844 0.4 0.608594 0.454167 0.596094 0.45
3 0.615625 0.481944 0.5875 0.491667 0.584375 0.465278 0.613281 0.455556
3 0.584375 0.483333 0.61875 0.488889 0.616406 0.518056 0.582031 0.5125
2 0.652344 0.4625 0.619531 0.470833 0.617188 0.443056 0.65 0.434722
0 0.6875 0.422222 0.692969 0.448611 0.629687 0.491667 0.624219 0.466667
3 0.740625 0.381944 0.714063 0.395833 0.709375 0.370833 0.736719 0.355556
2 0.589063 0.511111 0.623437 0.515278 0.622656 0.538889 0.588281 0.534722
2 0.655469 0.519444 0.620313 0.526389 0.61875 0.5 0.653906 0.493056
2 0.661719 0.536111 0.650781 0.552778 0.625781 0.498611 0.636719 0.483333
2 0.777344 0.377778 0.791406 0.379167 0.788281 0.434722 0.774219 0.433333
2 0.6625 0.544444 0.697656 0.551389 0.696094 0.580556 0.660937 0.573611
0 0.7375 0.5 0.685937 0.5625 0.676562 0.5375 0.728125 0.475
0 0.664062 0.5625 0.60625 0.618056 0.6 0.595833 0.657813 0.540278
3 0.595313 0.534722 0.630469 0.534722 0.630469 0.566667 0.595313 0.566667
2 0.744531 0.4375 0.76875 0.483333 0.7625 0.494444 0.7375 0.45
2 0.744531 0.459722 0.771094 0.501389 0.761719 0.519444 0.735156 0.476389
3 0.734375 0.5125 0.767969 0.5125 0.767969 0.544444 0.734375 0.544444
2 0.766406 0.723611 0.750781 0.725 0.748437 0.656944 0.764062 0.655556
2 0.771875 0.755556 0.7875 0.755556 0.7875 0.830556 0.771875 0.830556
3 0.767188 0.65 0.755469 0.668056 0.73125 0.618056 0.74375 0.6
1 0.741406 0.765278 0.716406 0.773611 0.695312 0.5875 0.720313 0.577778
0 0.669531 0.726389 0.748437 0.795833 0.740625 0.820833 0.6625 0.752778
2 0.705469 0.784722 0.747656 0.816667 0.741406 0.840278 0.699219 0.808333
2 0.692187 0.825 0.736719 0.825 0.736719 0.856944 0.692187 0.856944
2 0.586719 0.855556 0.570312 0.875 0.544531 0.808333 0.560937 0.7875
3 0.555469 0.869444 0.5875 0.916667 0.574219 0.943056 0.542969 0.895833
2 0.526563 0.977778 0.510156 0.9875 0.499219 0.925 0.515625 0.915278
1 0.560156 0.781944 0.467969 0.833333 0.460156 0.790278 0.553125 0.738889
2 0.415625 0.75 0.36875 0.775 0.363281 0.744444 0.410938 0.718056
0 0.313281 0.759722 0.416406 0.777778 0.414062 0.808333 0.310937 0.788889
2 0.325 0.816667 0.369531 0.816667 0.369531 0.85 0.325 0.85
2 0.274219 0.809722 0.321094 0.809722 0.321094 0.843056 0.274219 0.843056
