3 0.417969 0.148611 0.403906 0.1625 0.389062 0.113889 0.403906 0.1
2 0.394531 0.141667 0.427344 0.154167 0.424219 0.180556 0.391406 0.169444
2 0.45625 0.194444 0.446875 0.216667 0.422656 0.183333 0.43125 0.1625
2 0.397656 0.183333 0.434375 0.183333 0.434375 0.208333 0.397656 0.208333
2 0.414062 0.195833 0.446094 0.206944 0.442969 0.231944 0.410938 0.220833
0 0.407813 0.211111 0.482031 0.2375 0.478906 0.2625 0.404687 0.236111
3 0.459375 0.266667 0.435156 0.279167 0.43125 0.254167 0.455469 0.240278
2 0.427344 0.279167 0.435937 0.298611 0.407813 0.338889 0.399219 0.318056
2 0.414062 0.247222 0.44375 0.276389 0.436719 0.3 0.407031 0.270833
0 0.460156 0.245833 0.469531 0.261111 0.421094 0.343056 0.4125 0.327778
1 0.465625 0.306944 0.539844 0.397222 0.526563 0.431944 0.452344 0.340278
2 0.46875 0.391667 0.5 0.402778 0.496875 0.427778 0.466406 0.416667
2 0.510156 0.440278 0.485938 0.483333 0.475781 0.466667 0.5 0.422222
3 0.505469 0.402778 0.530469 0.433333 0.521875 0.455556 0.496875 0.425
2 0.454688 0.563889 0.485938 0.5875 0.480469 0.608333 0.45 0.586111
2 0.54375 0.597222 0.530469 0.6 0.526563 0.543056 0.540625 0.540278
3 0.605469 0.498611 0.575 0.504167 0.573438 0.477778 0.603906 0.472222
0 0.503906 0.0277778 0.517969 0.0305556 0.510156 0.158333 0.496875 0.156944
3 0.58125 0.105556 0.59375 0.119444 0.575781 0.165278 0.564063 0.151389
3 0.584375 0.134722 0.611719 0.144444 0.607812 0.172222 0.58125 0.163889
0 0.584375 0.0819444 0.648438 0.143056 0.642188 0.1625 0.578125 0.101389
3 0.651563 0.143056 0.678906 0.170833 0.670312 0.195833 0.642969 0.169444
2 0.685937 0.101389 0.65 0.115278 0.647656 0.0930556 0.682813 0.0791667
0 0.704688 0.0569444 0.690625 0.0694444 0.675 0.0166667 0.688281 0.00416667
1 0.703125 0 0.735156 0 0.735156 0.0486111 0.703125 0.0486111
2 0.708594 0.0263889 0.694531 0.0402778 0.686719 0.0138889 0.700781 0
2 0.709375 0.208333 0.714844 0.229167 0.697656 0.245833 0.691406 0.223611
2 0.742188 0.202778 0.752344 0.215278 0.732031 0.265278 0.722656 0.254167
2 0.721875 0.3 0.710156 0.306944 0.700781 0.254167 0.7125 0.247222
0 0.717969 0.336111 0.703906 0.343056 0.682813 0.220833 0.696094 0.213889
0 0.773438 0.184722 0.848437 0.184722 0.848437 0.209722 0.773438 0.209722
0 0.860938 0.115278 0.875 0.120833 0.860938 0.241667 0.847656 0.2375
2 0.890625 0.193056 0.875781 0.195833 0.871875 0.138889 0.8875 0.136111
2 0.91875 0.309722 0.8875 0.331944 0.88125 0.306944 0.9125 0.283333
2 0.9375 0.320833 0.935156 0.348611 0.900781 0.341667 0.903125 0.3125
0 0.8875 0.405556 0.875 0.418056 0.842969 0.313889 0.85625 0.301389
3 0.864844 0.383333 0.877344 0.401389 0.860156 0.436111 0.848437 0.418056
3 0.888281 0.465278 0.876563 0.479167 0.858594 0.433333 0.871094 0.418056
3 0.84375 0.463889 0.872656 0.463889 0.872656 0.490278 0.84375 0.490278
2 0.925781 0.501389 0.941406 0.509722 0.93125 0.563889 0.916406 0.556944
2 0.942187 0.511111 0.953906 0.520833 0.940625 0.573611 0.929688 0.565278
3 0.88125 0.531944 0.89375 0.55 0.875 0.5875 0.863281 0.570833
0 0.801562 0.6 0.876563 0.626389 0.873437 0.652778 0.798438 0.626389
2 0.823438 0.683333 0.809375 0.691667 0.798438 0.630556 0.813281 0.623611
2 0.776563 0.616667 0.792188 0.625 0.78125 0.686111 0.766406 0.676389
2 0.783594 0.744444 0.751563 0.755556 0.747656 0.727778 0.780469 0.716667
3 0.767969 0.813889 0.778125 0.836111 0.753125 0.872222 0.74375 0.85
2 0.747656 0.931944 0.732812 0.938889 0.724219 0.875 0.739062 0.868056
0 0.497656 0.856944 0.560937 0.941667 0.551562 0.963889 0.488281 0.879167
0 0.567969 0.986111 0.561719 0.998611 0.504687 0.9 0.511719 0.888889
2 0.423438 0.834722 0.432812 0.854167 0.404687 0.893056 0.396094 0.873611
3 0.435156 0.826389 0.407813 0.854167 0.4 0.829167 0.427344 0.801389
0 0.509375 0.747222 0.578125 0.759722 0.576562 0.786111 0.507812 0.775
2 0.319531 0.644444 0.336719 0.644444 0.336719 0.709722 0.319531 0.709722
2 0.351562 0.694444 0.339844 0.698611 0.332813 0.636111 0.344531 0.631944
2 0.363281 0.6625 0.374219 0.681944 0.348438 0.725 0.338281 0.705556
3 0.347656 0.620833 0.365625 0.620833 0.365625 0.676389 0.347656 0.676389
2 0.64375 0.540278 0.660156 0.55 0.65 0.605556 0.633594 0.597222
2 0.675 0.563889 0.685937 0.576389 0.667188 0.625 0.65625 0.6125
3 0.742188 0.576389 0.751563 0.597222 0.728906 0.629167 0.719531 0.606944
2 0.760938 0.494444 0.775 0.502778 0.764844 0.561111 0.750781 0.552778
2 0.672656 0.463889 0.684375 0.475 0.667969 0.529167 0.655469 0.516667
2 0.685156 0.470833 0.696875 0.481944 0.682031 0.530556 0.670312 0.518056
2 0.70625 0.441667 0.671875 0.459722 0.667969 0.436111 0.702344 0.418056
0 0.839063 0.466667 0.774219 0.502778 0.771094 0.480556 0.835156 0.444444
3 0.642188 0.266667 0.653125 0.283333 0.635938 0.322222 0.625 0.305556
