2 0.605469 0.5 0.6 0.505556 0.59375 0.486111 0.6 0.480556
2 0.604688 0.518056 0.592187 0.534722 0.5875 0.523611 0.600781 0.508333
3 0.598437 0.504167 0.5875 0.520833 0.58125 0.506944 0.592969 0.490278
3 0.564844 0.498611 0.580469 0.498611 0.580469 0.515278 0.564844 0.515278
2 0.528906 0.520833 0.523438 0.526389 0.517969 0.506944 0.524219 0.501389
2 0.574219 0.547222 0.558594 0.561111 0.554688 0.548611 0.570312 0.534722
2 0.444531 0.584722 0.453125 0.584722 0.453125 0.611111 0.444531 0.611111
2 0.465625 0.675 0.458594 0.679167 0.453906 0.65 0.461719 0.645833
2 0.373437 0.723611 0.380469 0.726389 0.376563 0.759722 0.369531 0.756944
2 0.399219 0.733333 0.407813 0.733333 0.407813 0.755556 0.399219 0.755556
3 0.452344 0.777778 0.461719 0.777778 0.461719 0.801389 0.452344 0.801389
3 0.467969 0.815278 0.477344 0.815278 0.477344 0.838889 0.467969 0.838889
0 0.466406 0.838889 0.464062 0.855556 0.425 0.838889 0.426563 0.823611
2 0.419531 0.802778 0.427344 0.813889 0.411719 0.847222 0.404687 0.836111
3 0.421875 0.820833 0.428125 0.834722 0.413281 0.855556 0.407813 0.841667
3 0.385937 0.830556 0.404687 0.830556 0.404687 0.844444 0.385937 0.844444
0 0.378906 0.836111 0.429688 0.847222 0.428125 0.8625 0.377344 0.851389
0 0.338281 0.855556 0.380469 0.879167 0.378125 0.893056 0.335938 0.869444
2 0.454688 0.931944 0.44375 0.9375 0.438281 0.894444 0.448437 0.888889
2 0.425 0.913889 0.445312 0.9375 0.439063 0.952778 0.419531 0.927778
0 0.391406 0.902778 0.385156 0.909722 0.369531 0.868056 0.375781 0.859722
1 0.428906 0.95 0.414062 0.961111 0.395313 0.879167 0.409375 0.868056
2 0.371094 0.936111 0.389062 0.952778 0.382812 0.972222 0.365625 0.955556
2 0.332813 0.979167 0.358594 0.979167 0.358594 0.997222 0.332813 0.997222
0 0.276562 0.843056 0.313281 0.870833 0.309375 0.884722 0.272656 0.856944
2 0.466406 0.870833 0.489844 0.876389 0.488281 0.891667 0.465625 0.8875
3 0.559375 0.898611 0.569531 0.911111 0.554688 0.95 0.544531 0.936111
0 0.59375 0.888889 0.582031 0.897222 0.567969 0.822222 0.579688 0.815278
2 0.530469 0.829167 0.521875 0.833333 0.515625 0.798611 0.525 0.793056
3 0.540625 0.795833 0.564063 0.804167 0.560937 0.825 0.538281 0.816667
2 0.621094 0.790278 0.63125 0.791667 0.627344 0.834722 0.617969 0.833333
1 0.510938 0.772222 0.571875 0.786111 0.569531 0.809722 0.509375 0.795833
2 0.660156 0.75 0.678125 0.772222 0.672656 0.7875 0.653906 0.763889
2 0.655469 0.716667 0.663281 0.733333 0.645312 0.758333 0.638281 0.740278
2 0.615625 0.740278 0.607031 0.741667 0.60625 0.713889 0.615625 0.7125
2 0.597656 0.718056 0.607031 0.718056 0.607031 0.747222 0.597656 0.747222
3 0.607812 0.740278 0.614844 0.755556 0.6 0.777778 0.592969 0.7625
3 0.592969 0.7375 0.601562 0.745833 0.592187 0.776389 0.584375 0.768056
3 0.582031 0.743056 0.590625 0.75 0.58125 0.781944 0.572656 0.775
2 0.564063 0.748611 0.577344 0.748611 0.577344 0.766667 0.564063 0.766667
2 0.529687 0.693056 0.552344 0.697222 0.550781 0.715278 0.528906 0.709722
1 0.573438 0.715278 0.521094 0.759722 0.514844 0.736111 0.567187 0.693056
