1 0.400781 0.0722222 0.513281 0.143056 0.503906 0.190278 0.391406 0.119444
2 0.515625 0.209722 0.545312 0.209722 0.545312 0.251389 0.515625 0.251389
3 0.547656 0.325 0.574219 0.345833 0.567187 0.376389 0.539844 0.355556
3 0.507031 0.333333 0.51875 0.358333 0.494531 0.393056 0.482812 0.366667
0 0.4375 0.193056 0.453906 0.2125 0.403906 0.343056 0.3875 0.323611
3 0.405469 0.155556 0.426563 0.176389 0.405469 0.245833 0.384375 0.225
0 0.148438 0.270833 0.167969 0.277778 0.147656 0.458333 0.128125 0.451389
2 0.202344 0.3 0.167187 0.345833 0.155469 0.316667 0.190625 0.272222
3 0.186719 0.3125 0.197656 0.3375 0.167969 0.379167 0.157031 0.354167
2 0.189844 0.404167 0.23125 0.444444 0.223438 0.470833 0.182031 0.430556
2 0.272656 0.419444 0.234375 0.458333 0.224219 0.427778 0.2625 0.388889
2 0.278125 0.658333 0.294531 0.661111 0.289844 0.738889 0.274219 0.736111
2 0.296094 0.709722 0.332031 0.729167 0.326562 0.761111 0.290625 0.741667
2 0.317969 0.497222 0.353906 0.531944 0.345313 0.559722 0.309375 0.523611
2 0.366406 0.551389 0.352344 0.559722 0.340625 0.491667 0.354687 0.484722
2 0.3625 0.525 0.374219 0.531944 0.3625 0.597222 0.350781 0.591667
3 0.3625 0.677778 0.346875 0.680556 0.342969 0.620833 0.358594 0.618056
2 0.360938 0.431944 0.397656 0.445833 0.394531 0.477778 0.357031 0.463889
0 0.396875 0.451389 0.461719 0.480556 0.457813 0.509722 0.392969 0.479167
2 0.459375 0.491667 0.489844 0.491667 0.489844 0.515278 0.459375 0.515278
2 0.460938 0.501389 0.492188 0.518056 0.4875 0.540278 0.457031 0.523611
2 0.484375 0.533333 0.495312 0.541667 0.485156 0.583333 0.474219 0.575
2 0.451562 0.5375 0.478906 0.558333 0.473438 0.580556 0.446094 0.559722
1 0.510938 0.616667 0.421875 0.619444 0.421875 0.580556 0.510938 0.576389
0 0.5625 0.598611 0.511719 0.611111 0.509375 0.5875 0.560937 0.573611
0 0.600781 0.526389 0.609375 0.545833 0.55625 0.620833 0.547656 0.601389
2 0.648438 0.588889 0.677344 0.588889 0.677344 0.613889 0.648438 0.613889
2 0.409375 0.565278 0.425 0.565278 0.425 0.630556 0.409375 0.630556
2 0.398438 0.586111 0.4125 0.586111 0.4125 0.654167 0.398438 0.654167
3 0.398438 0.654167 0.427344 0.654167 0.427344 0.677778 0.398438 0.677778
2 0.430469 0.680556 0.446094 0.695833 0.428906 0.75 0.413281 0.734722
2 0.388281 0.801389 0.371094 0.804167 0.367188 0.734722 0.384375 0.731944
0 0.415625 0.85 0.482031 0.9125 0.475781 0.934722 0.409375 0.872222
3 0.426563 0.880556 0.45 0.898611 0.442188 0.930556 0.41875 0.9125
0 0.339844 0.901389 0.409375 0.958333 0.403906 0.980556 0.333594 0.925
3 0.51875 0.948611 0.533594 0.948611 0.533594 0.995833 0.51875 0.995833
0 0.433594 0.940278 0.480469 0.966667 0.475 0.995833 0.428125 0.969444
