2 0.332031 0.890278 0.323437 0.897222 0.315625 0.865278 0.325 0.858333
2 0.377344 0.925 0.385937 0.927778 0.38125 0.969444 0.372656 0.965278
2 0.380469 0.951389 0.388281 0.952778 0.385937 0.993056 0.378906 0.991667
2 0.4375 0.909722 0.454688 0.927778 0.45 0.943056 0.432812 0.925
2 0.440625 0.888889 0.421094 0.902778 0.417187 0.8875 0.436719 0.873611
0 0.432812 0.847222 0.425781 0.854167 0.401562 0.791667 0.408594 0.783333
0 0.482812 0.861111 0.475 0.870833 0.446875 0.811111 0.454688 0.801389
0 0.478125 0.75 0.435937 0.775 0.433594 0.7625 0.475 0.736111
2 0.390625 0.754167 0.398438 0.756944 0.394531 0.791667 0.386719 0.790278
3 0.383594 0.761111 0.402344 0.768056 0.4 0.781944 0.382031 0.776389
3 0.425781 0.716667 0.432031 0.723611 0.421875 0.75 0.415625 0.743056
2 0.557813 0.709722 0.571094 0.709722 0.571094 0.723611 0.557813 0.723611
2 0.521875 0.677778 0.527344 0.6875 0.514062 0.713889 0.508594 0.704167
2 0.514844 0.672222 0.521094 0.681944 0.507812 0.706944 0.502344 0.698611
1 0.577344 0.673611 0.528906 0.686111 0.527344 0.666667 0.575781 0.655556
2 0.482812 0.645833 0.500781 0.652778 0.499219 0.665278 0.48125 0.658333
3 0.457813 0.609722 0.472656 0.620833 0.46875 0.634722 0.454688 0.623611
3 0.511719 0.626389 0.521875 0.648611 0.514844 0.658333 0.505469 0.634722
3 0.535156 0.625 0.542969 0.627778 0.539062 0.655556 0.532031 0.652778
0 0.528906 0.631944 0.565625 0.644444 0.564063 0.656944 0.528125 0.643056
3 0.561719 0.629167 0.55625 0.638889 0.545312 0.618056 0.55 0.609722
2 0.552344 0.576389 0.569531 0.576389 0.569531 0.590278 0.552344 0.590278
2 0.535937 0.572222 0.551562 0.590278 0.546875 0.6 0.53125 0.581944
2 0.525781 0.601389 0.507812 0.608333 0.50625 0.595833 0.524219 0.588889
2 0.522656 0.584722 0.516406 0.594444 0.505469 0.572222 0.511719 0.5625
2 0.514844 0.559722 0.5 0.575 0.496875 0.565278 0.5125 0.551389
0 0.534375 0.602778 0.530469 0.608333 0.5125 0.563889 0.516406 0.558333
2 0.459375 0.577778 0.445312 0.594444 0.441406 0.583333 0.455469 0.566667
3 0.465625 0.551389 0.478125 0.566667 0.472656 0.580556 0.460156 0.563889
2 0.464062 0.572222 0.455469 0.573611 0.453125 0.544444 0.461719 0.543056
2 0.488281 0.561111 0.483594 0.569444 0.472656 0.547222 0.478125 0.538889
0 0.496094 0.590278 0.489063 0.591667 0.482812 0.519444 0.489844 0.518056
3 0.501563 0.552778 0.49375 0.558333 0.489063 0.530556 0.496875 0.526389
3 0.457031 0.526389 0.471094 0.526389 0.471094 0.541667 0.457031 0.541667
0 0.453125 0.551389 0.446094 0.554167 0.434375 0.4875 0.441406 0.483333
2 0.461719 0.483333 0.44375 0.494444 0.441406 0.479167 0.458594 0.469444
3 0.447656 0.45 0.455469 0.45 0.455469 0.477778 0.447656 0.477778
2 0.478125 0.481944 0.485156 0.484722 0.48125 0.513889 0.474219 0.511111
2 0.479687 0.477778 0.473438 0.484722 0.465625 0.459722 0.471875 0.452778
2 0.496094 0.484722 0.503906 0.491667 0.495312 0.519444 0.4875 0.5125
0 0.510156 0.531944 0.502344 0.533333 0.498437 0.4625 0.50625 0.461111
2 0.528906 0.427778 0.533594 0.4375 0.519531 0.459722 0.514844 0.45
3 0.553906 0.509722 0.566406 0.529167 0.560156 0.541667 0.547656 0.522222
2 0.583594 0.491667 0.589844 0.5 0.578906 0.526389 0.572656 0.519444
0 0.6 0.5875 0.592187 0.588889 0.591406 0.516667 0.599219 0.515278
0 0.61875 0.518056 0.583594 0.519444 0.583594 0.505556 0.61875 0.504167
3 0.617188 0.577778 0.602344 0.5875 0.599219 0.575 0.614062 0.563889
1 0.65 0.433333 0.607812 0.448611 0.605469 0.427778 0.648438 0.4125
1 0.621875 0.361111 0.589844 0.4 0.582031 0.381944 0.614844 0.341667
0 0.553906 0.333333 0.546875 0.336111 0.536719 0.277778 0.54375 0.273611
2 0.561719 0.648611 0.555469 0.658333 0.54375 0.633333 0.55 0.623611
