2 0.0179687 0.654167 0.0414062 0.654167 0.0414062 0.731944 0.0179687 0.731944
2 0.260937 0.511111 0.278906 0.511111 0.278906 0.572222 0.260937 0.572222
1 0.339844 0.890278 0.319531 0.915278 0.282813 0.818056 0.302344 0.794444
2 0.377344 0.836111 0.389844 0.836111 0.389844 0.881944 0.377344 0.881944
2 0.403125 0.729167 0.417187 0.729167 0.417187 0.781944 0.403125 0.781944
3 0.444531 0.823611 0.432031 0.827778 0.427344 0.791667 0.440625 0.786111
3 0.44375 0.772222 0.464844 0.772222 0.464844 0.791667 0.44375 0.791667
2 0.452344 0.756944 0.461719 0.7625 0.453125 0.8125 0.44375 0.806944
1 0.529687 0.748611 0.466406 0.8125 0.457031 0.784722 0.521094 0.720833
3 0.48125 0.783333 0.492969 0.788889 0.485156 0.831944 0.474219 0.826389
0 0.429688 0.479167 0.442188 0.4875 0.417969 0.608333 0.405469 0.6
2 0.560937 0.756944 0.567969 0.768056 0.549219 0.8 0.542969 0.7875
0 0.580469 0.783333 0.60625 0.815278 0.6 0.830556 0.574219 0.798611
0 0.541406 0.7125 0.585938 0.720833 0.584375 0.738889 0.539844 0.731944
3 0.553125 0.706944 0.5625 0.713889 0.553906 0.748611 0.544531 0.740278
3 0.510938 0.611111 0.520312 0.623611 0.504687 0.6625 0.495312 0.651389
3 0.528125 0.65 0.510938 0.670833 0.505469 0.656944 0.522656 0.634722
3 0.527344 0.625 0.5375 0.633333 0.529687 0.668056 0.51875 0.659722
2 0.546875 0.630556 0.551562 0.644444 0.532031 0.666667 0.527344 0.652778
0 0.567187 0.643056 0.55625 0.656944 0.530469 0.583333 0.541406 0.570833
0 0.609375 0.701389 0.600781 0.715278 0.571875 0.656944 0.580469 0.644444
2 0.610938 0.708333 0.617969 0.718056 0.601562 0.752778 0.595313 0.741667
2 0.609375 0.734722 0.614844 0.75 0.596094 0.770833 0.590625 0.755556
3 0.628125 0.708333 0.633594 0.725 0.617969 0.741667 0.6125 0.726389
3 0.623437 0.683333 0.632031 0.691667 0.621094 0.725 0.6125 0.716667
2 0.769531 0.501389 0.790625 0.5125 0.786719 0.530556 0.766406 0.519444
0 0.5875 0.581944 0.613281 0.645833 0.60625 0.656944 0.579688 0.591667
3 0.600781 0.625 0.591406 0.640278 0.578125 0.613889 0.586719 0.598611
2 0.554688 0.383333 0.564063 0.393056 0.549219 0.441667 0.539844 0.431944
2 0.56875 0.454167 0.559375 0.468056 0.546094 0.438889 0.555469 0.425
2 0.627344 0.459722 0.636719 0.476389 0.615625 0.511111 0.607031 0.495833
2 0.586719 0.476389 0.598437 0.4875 0.585156 0.527778 0.573438 0.516667
2 0.632812 0.384722 0.642188 0.393056 0.628125 0.438889 0.61875 0.429167
2 0.64375 0.369444 0.652344 0.376389 0.639844 0.426389 0.63125 0.419444
3 0.591406 0.380556 0.603906 0.3875 0.595313 0.434722 0.582812 0.427778
2 0.624219 0.333333 0.610156 0.344444 0.598437 0.294444 0.611719 0.284722
2 0.621875 0.288889 0.63125 0.293056 0.625 0.345833 0.615625 0.343056
2 0.686719 0.4 0.678906 0.413889 0.663281 0.386111 0.670312 0.372222
3 0.617188 0.433333 0.636719 0.433333 0.636719 0.4625 0.617188 0.4625
0 0.764062 0.447222 0.719531 0.480556 0.714844 0.4625 0.759375 0.429167
0 0.698438 0.4375 0.728125 0.451389 0.725781 0.466667 0.696094 0.454167
1 0.646875 0.391667 0.7 0.431944 0.69375 0.458333 0.640625 0.418056
2 0.683594 0.348611 0.702344 0.376389 0.69375 0.393056 0.675781 0.366667
2 0.692187 0.338889 0.708594 0.358333 0.700781 0.377778 0.685156 0.358333
0 0.6625 0.286111 0.69375 0.338889 0.685156 0.355556 0.653125 0.302778
2 0.644531 0.254167 0.666406 0.280556 0.657031 0.304167 0.635938 0.277778
2 0.578906 0.208333 0.566406 0.219444 0.550781 0.168056 0.5625 0.155556
2 0.603906 0.206944 0.578125 0.216667 0.575 0.190278 0.600781 0.180556
0 0.566406 0.0347222 0.578906 0.05 0.528906 0.179167 0.516406 0.163889
2 0.59375 0.0805556 0.563281 0.0986111 0.558594 0.0722222 0.589063 0.0541667
3 0.580469 0.116667 0.553906 0.130556 0.549219 0.101389 0.575781 0.0861111
1 0.794531 0.0347222 0.844531 0.140278 0.823438 0.170833 0.773438 0.0652778
2 0.817969 0.1875 0.847656 0.202778 0.842187 0.233333 0.8125 0.218056
0 0.783594 0.141667 0.792969 0.165278 0.733594 0.238889 0.725 0.215278
3 0.776563 0.102778 0.7875 0.123611 0.764844 0.1625 0.753906 0.141667
3 0.788281 0.272222 0.796094 0.3 0.775 0.318056 0.767188 0.291667
