2 0.526563 0.325 0.520312 0.326389 0.517969 0.308333 0.524219 0.306944
2 0.567969 0.327778 0.555469 0.333333 0.554688 0.325 0.567187 0.320833
2 0.534375 0.336111 0.544531 0.348611 0.541406 0.356944 0.53125 0.343056
2 0.538281 0.333333 0.547656 0.347222 0.545312 0.352778 0.535937 0.340278
3 0.503906 0.311111 0.515625 0.311111 0.515625 0.323611 0.503906 0.323611
2 0.508594 0.323611 0.513281 0.323611 0.513281 0.340278 0.508594 0.340278
0 0.492188 0.330556 0.513281 0.35 0.510156 0.358333 0.489063 0.340278
3 0.513281 0.327778 0.51875 0.327778 0.51875 0.345833 0.513281 0.345833
2 0.546094 0.309722 0.550781 0.309722 0.550781 0.326389 0.546094 0.326389
2 0.553906 0.298611 0.561719 0.311111 0.558594 0.316667 0.550781 0.305556
2 0.542969 0.297222 0.552344 0.297222 0.552344 0.306944 0.542969 0.306944
2 0.542188 0.305556 0.546875 0.305556 0.546875 0.322222 0.542188 0.322222
1 0.60625 0.244444 0.617188 0.244444 0.617188 0.266667 0.60625 0.266667
0 0.53125 0.406944 0.525 0.413889 0.514062 0.381944 0.520312 0.376389
0 0.549219 0.379167 0.567187 0.401389 0.563281 0.4125 0.545312 0.390278
2 0.575 0.390278 0.578906 0.395833 0.572656 0.411111 0.56875 0.405556
2 0.585938 0.377778 0.595313 0.377778 0.595313 0.393056 0.585938 0.393056
2 0.609375 0.366667 0.621094 0.366667 0.621094 0.380556 0.609375 0.380556
2 0.595313 0.369444 0.603906 0.369444 0.603906 0.383333 0.595313 0.383333
0 0.585156 0.366667 0.589844 0.372222 0.576562 0.4 0.572656 0.393056
2 0.607812 0.408333 0.619531 0.408333 0.619531 0.422222 0.607812 0.422222
2 0.504687 0.422222 0.519531 0.422222 0.519531 0.434722 0.504687 0.434722
2 0.454688 0.402778 0.467187 0.4125 0.464844 0.420833 0.452344 0.411111
3 0.477344 0.440278 0.491406 0.440278 0.491406 0.452778 0.477344 0.452778
0 0.526563 0.425 0.55625 0.440278 0.553906 0.451389 0.525 0.4375
2 0.546094 0.440278 0.559375 0.454167 0.55625 0.466667 0.542969 0.452778
2 0.470313 0.491667 0.479687 0.491667 0.479687 0.5125 0.470313 0.5125
2 0.492188 0.516667 0.508594 0.533333 0.503906 0.545833 0.488281 0.530556
2 0.513281 0.486111 0.528125 0.486111 0.528125 0.498611 0.513281 0.498611
2 0.540625 0.518056 0.55 0.518056 0.55 0.543056 0.540625 0.543056
1 0.532813 0.469444 0.55625 0.505556 0.55 0.518056 0.525781 0.483333
1 0.528906 0.497222 0.571875 0.526389 0.567187 0.544444 0.525 0.515278
3 0.557813 0.544444 0.575 0.544444 0.575 0.5625 0.557813 0.5625
0 0.569531 0.525 0.605469 0.538889 0.603906 0.551389 0.567969 0.5375
2 0.571094 0.509722 0.578906 0.509722 0.578906 0.530556 0.571094 0.530556
2 0.578906 0.516667 0.592187 0.516667 0.592187 0.534722 0.578906 0.534722
2 0.567187 0.4625 0.573438 0.4625 0.573438 0.479167 0.567187 0.479167
2 0.571875 0.480556 0.567969 0.484722 0.560937 0.465278 0.564063 0.461111
2 0.597656 0.516667 0.614062 0.516667 0.614062 0.531944 0.597656 0.531944
0 0.621875 0.526389 0.616406 0.533333 0.603125 0.494444 0.609375 0.488889
2 0.636719 0.508333 0.632812 0.519444 0.621094 0.504167 0.625 0.493056
3 0.599219 0.497222 0.607812 0.497222 0.607812 0.519444 0.599219 0.519444
2 0.715625 0.473611 0.722656 0.473611 0.722656 0.493056 0.715625 0.493056
3 0.661719 0.475 0.674219 0.475 0.674219 0.488889 0.661719 0.488889
2 0.638281 0.431944 0.641406 0.436111 0.635938 0.45 0.632031 0.447222
0 0.617188 0.445833 0.65 0.466667 0.648438 0.476389 0.615625 0.455556
2 0.61875 0.613889 0.628125 0.613889 0.628125 0.643056 0.61875 0.643056
2 0.477344 0.640278 0.457031 0.658333 0.453906 0.648611 0.473438 0.629167
