0 0.496875 0.365278 0.488281 0.369444 0.482031 0.336111 0.491406 0.331944
2 0.575781 0.383333 0.5875 0.402778 0.582031 0.413889 0.570312 0.394444
2 0.596875 0.380556 0.585156 0.384722 0.583594 0.373611 0.595313 0.369444
2 0.664062 0.379167 0.682813 0.379167 0.682813 0.393056 0.664062 0.393056
1 0.630469 0.369444 0.678125 0.369444 0.678125 0.388889 0.630469 0.388889
2 0.792188 0.408333 0.785937 0.4125 0.78125 0.386111 0.7875 0.381944
2 0.748437 0.376389 0.752344 0.3875 0.739844 0.402778 0.735938 0.391667
2 0.735156 0.375 0.746094 0.375 0.746094 0.388889 0.735156 0.388889
2 0.724219 0.372222 0.71875 0.380556 0.709375 0.365278 0.714844 0.355556
0 0.7125 0.351389 0.748437 0.370833 0.746875 0.381944 0.710156 0.3625
3 0.750781 0.306944 0.744531 0.311111 0.739844 0.293056 0.746875 0.288889
2 0.738281 0.294444 0.74375 0.294444 0.74375 0.309722 0.738281 0.309722
0 0.744531 0.313889 0.739062 0.320833 0.723437 0.290278 0.728906 0.283333
2 0.7 0.318056 0.696094 0.326389 0.685937 0.3125 0.689844 0.304167
3 0.697656 0.327778 0.692969 0.334722 0.685156 0.320833 0.689063 0.3125
0 0.688281 0.336111 0.692187 0.348611 0.674219 0.370833 0.669531 0.356944
2 0.678125 0.352778 0.667188 0.361111 0.664844 0.35 0.675 0.341667
2 0.666406 0.354167 0.653125 0.365278 0.649219 0.351389 0.663281 0.341667
2 0.657813 0.323611 0.671094 0.323611 0.671094 0.338889 0.657813 0.338889
2 0.68125 0.330556 0.6875 0.330556 0.6875 0.348611 0.68125 0.348611
3 0.645312 0.322222 0.657031 0.322222 0.657031 0.338889 0.645312 0.338889
3 0.602344 0.329167 0.614844 0.329167 0.614844 0.344444 0.602344 0.344444
2 0.615625 0.326389 0.599219 0.331944 0.598437 0.320833 0.614844 0.315278
2 0.574219 0.268056 0.585938 0.284722 0.58125 0.294444 0.570312 0.277778
3 0.597656 0.3125 0.610938 0.3125 0.610938 0.323611 0.597656 0.323611
2 0.602344 0.281944 0.616406 0.281944 0.616406 0.291667 0.602344 0.291667
2 0.65625 0.3 0.652344 0.309722 0.642188 0.294444 0.646094 0.286111
2 0.689844 0.276389 0.692187 0.284722 0.680469 0.297222 0.678125 0.288889
1 0.636719 0.215278 0.64375 0.223611 0.634375 0.248611 0.627344 0.238889
1 0.628906 0.233333 0.623437 0.243056 0.611719 0.222222 0.617188 0.2125
2 0.645312 0.223611 0.648438 0.231944 0.640625 0.243056 0.636719 0.233333
