2 0.467969 0.527778 0.48125 0.527778 0.48125 0.577778 0.467969 0.577778
2 0.523438 0.666667 0.532031 0.680556 0.514062 0.718056 0.505469 0.705556
2 0.51875 0.7 0.527344 0.711111 0.5125 0.748611 0.503906 0.738889
2 0.592969 0.670833 0.622656 0.670833 0.622656 0.691667 0.592969 0.691667
2 0.608594 0.693056 0.635156 0.7125 0.629687 0.733333 0.603906 0.7125
2 0.603906 0.469444 0.613281 0.476389 0.601562 0.525 0.592969 0.518056
3 0.594531 0.475 0.61875 0.493056 0.614062 0.511111 0.590625 0.493056
3 0.638281 0.429167 0.653125 0.436111 0.645312 0.479167 0.63125 0.472222
2 0.778906 0.704167 0.767969 0.711111 0.759375 0.673611 0.770312 0.665278
0 0.786719 0.575 0.795312 0.586111 0.760156 0.672222 0.751563 0.661111
2 0.80625 0.580556 0.8125 0.601389 0.786719 0.623611 0.78125 0.604167
2 0.739062 0.566667 0.749219 0.576389 0.736719 0.616667 0.727344 0.606944
0 0.751563 0.545833 0.803906 0.577778 0.8 0.595833 0.748437 0.563889
0 0.815625 0.527778 0.828125 0.531944 0.815625 0.630556 0.803906 0.626389
2 0.817969 0.552778 0.805469 0.556944 0.8 0.511111 0.8125 0.506944
2 0.782031 0.505556 0.79375 0.506944 0.792969 0.554167 0.78125 0.554167
1 0.761719 0.497222 0.775 0.523611 0.720313 0.613889 0.707031 0.5875
0 0.720313 0.444444 0.776563 0.490278 0.771875 0.509722 0.714844 0.465278
0 0.749219 0.4125 0.683594 0.419444 0.682813 0.401389 0.749219 0.394444
1 0.696875 0.366667 0.777344 0.380556 0.775 0.413889 0.695312 0.398611
3 0.770312 0.3375 0.776563 0.352778 0.753906 0.384722 0.747656 0.369444
2 0.795312 0.309722 0.803906 0.325 0.78125 0.363889 0.773438 0.348611
2 0.815625 0.375 0.823438 0.393056 0.797656 0.429167 0.789844 0.411111
2 0.805469 0.408333 0.835938 0.408333 0.835938 0.430556 0.805469 0.430556
2 0.814063 0.422222 0.825781 0.429167 0.817969 0.473611 0.80625 0.466667
2 0.850781 0.436111 0.8375 0.443056 0.828906 0.393056 0.841406 0.386111
2 0.703906 0.106944 0.714063 0.126389 0.689844 0.168056 0.679688 0.148611
0 0.721875 0.216667 0.777344 0.269444 0.771094 0.288889 0.716406 0.234722
3 0.75 0.259722 0.772656 0.281944 0.765625 0.305556 0.742969 0.281944
2 0.792969 0.279167 0.78125 0.297222 0.761719 0.254167 0.773438 0.2375
2 0.81875 0.266667 0.807813 0.283333 0.789844 0.244444 0.800781 0.229167
3 0.81875 0.302778 0.832031 0.305556 0.828906 0.354167 0.815625 0.351389
3 0.833594 0.272222 0.846875 0.277778 0.841406 0.323611 0.828125 0.318056
3 0.84375 0.101389 0.854688 0.118056 0.835156 0.159722 0.824219 0.141667
0 0.846875 0.266667 0.857031 0.270833 0.841406 0.373611 0.83125 0.369444
2 0.847656 0.290278 0.860156 0.291667 0.857812 0.338889 0.845313 0.3375
0 0.871094 0.359722 0.857812 0.361111 0.853125 0.252778 0.865625 0.25
2 0.878906 0.241667 0.888281 0.25 0.875781 0.301389 0.866406 0.293056
3 0.888281 0.258333 0.898438 0.270833 0.88125 0.315278 0.871094 0.302778
2 0.892969 0.358333 0.885156 0.376389 0.864844 0.345833 0.872656 0.327778
0 0.910937 0.218056 0.921875 0.229167 0.885156 0.3375 0.874219 0.326389
2 0.867969 0.380556 0.896094 0.380556 0.896094 0.401389 0.867969 0.401389
3 0.877344 0.397222 0.903125 0.397222 0.903125 0.422222 0.877344 0.422222
2 0.903906 0.404167 0.926562 0.420833 0.921875 0.441667 0.899219 0.423611
2 0.902344 0.383333 0.928906 0.398611 0.925 0.418056 0.898438 0.404167
2 0.964063 0.216667 0.93125 0.227778 0.928906 0.204167 0.960938 0.191667
3 0.958594 0.398611 0.947656 0.411111 0.935156 0.377778 0.946094 0.363889
3 0.848437 0.666667 0.866406 0.666667 0.866406 0.691667 0.848437 0.691667
