2 0.275781 0.255556 0.270313 0.2625 0.258594 0.233333 0.264062 0.226389
2 0.323437 0.426389 0.332031 0.436111 0.320312 0.466667 0.311719 0.456944
0 0.369531 0.4625 0.361719 0.466667 0.349219 0.391667 0.357031 0.386111
0 0.379688 0.372222 0.417187 0.415278 0.4125 0.429167 0.375 0.386111
2 0.376563 0.313889 0.385156 0.320833 0.377344 0.35 0.369531 0.343056
3 0.401562 0.384722 0.417187 0.4 0.4125 0.4125 0.397656 0.398611
3 0.419531 0.384722 0.426563 0.390278 0.421094 0.4125 0.414062 0.406944
3 0.425781 0.386111 0.410938 0.390278 0.410156 0.375 0.424219 0.370833
1 0.45 0.169444 0.400781 0.195833 0.397656 0.175 0.446094 0.148611
2 0.399219 0.286111 0.391406 0.294444 0.382031 0.2625 0.389062 0.255556
2 0.403906 0.240278 0.408594 0.254167 0.39375 0.272222 0.388281 0.259722
2 0.417969 0.234722 0.422656 0.245833 0.407813 0.266667 0.403125 0.255556
2 0.436719 0.258333 0.417969 0.259722 0.417187 0.245833 0.436719 0.244444
2 0.436719 0.283333 0.430469 0.291667 0.41875 0.266667 0.424219 0.256944
2 0.448437 0.227778 0.454688 0.2375 0.442969 0.261111 0.4375 0.251389
0 0.432812 0.2875 0.436719 0.298611 0.401562 0.338889 0.397656 0.327778
3 0.40625 0.327778 0.413281 0.330556 0.408594 0.358333 0.401562 0.354167
2 0.425 0.341667 0.417969 0.35 0.410156 0.325 0.417969 0.318056
0 0.475781 0.269444 0.435937 0.284722 0.434375 0.273611 0.475 0.258333
2 0.464844 0.245833 0.467187 0.259722 0.448437 0.269444 0.446875 0.254167
2 0.475781 0.223611 0.482031 0.233333 0.46875 0.256944 0.463281 0.245833
3 0.473438 0.213889 0.479687 0.225 0.467969 0.244444 0.461719 0.233333
3 0.496094 0.226389 0.480469 0.236111 0.478125 0.222222 0.49375 0.213889
3 0.5125 0.215278 0.496875 0.225 0.494531 0.211111 0.510156 0.202778
3 0.494531 0.215278 0.479687 0.222222 0.478125 0.211111 0.492969 0.202778
2 0.475781 0.683333 0.482812 0.684722 0.48125 0.719444 0.475 0.718056
3 0.469531 0.7 0.486719 0.7 0.486719 0.711111 0.469531 0.711111
3 0.486719 0.683333 0.49375 0.683333 0.49375 0.715278 0.486719 0.715278
3 0.607812 0.556944 0.623437 0.559722 0.622656 0.575 0.607031 0.570833
3 0.6125 0.559722 0.598437 0.573611 0.594531 0.561111 0.609375 0.547222
1 0.557813 0.5125 0.565625 0.530556 0.527344 0.583333 0.519531 0.565278
0 0.5375 0.4875 0.575781 0.515278 0.571875 0.527778 0.534375 0.5
1 0.504687 0.498611 0.496094 0.511111 0.465625 0.438889 0.475 0.426389
2 0.464844 0.4375 0.478906 0.448611 0.475781 0.461111 0.461719 0.45
3 0.45625 0.376389 0.46875 0.391667 0.463281 0.404167 0.451562 0.390278
2 0.511719 0.4375 0.526563 0.455556 0.521875 0.466667 0.507031 0.448611
2 0.513281 0.426389 0.529687 0.438889 0.525781 0.454167 0.509375 0.441667
2 0.524219 0.406944 0.532031 0.408333 0.530469 0.441667 0.523438 0.441667
2 0.525 0.433333 0.517969 0.436111 0.514062 0.405556 0.521875 0.402778
2 0.525781 0.383333 0.542188 0.398611 0.5375 0.411111 0.521875 0.395833
0 0.517188 0.425 0.510938 0.433333 0.488281 0.381944 0.494531 0.373611
2 0.499219 0.404167 0.491406 0.411111 0.483594 0.383333 0.490625 0.376389
0 0.510156 0.365278 0.473438 0.3875 0.471875 0.376389 0.507812 0.354167
2 0.482812 0.358333 0.486719 0.366667 0.473438 0.383333 0.469531 0.373611
2 0.473438 0.343056 0.45625 0.355556 0.453906 0.345833 0.471094 0.334722
3 0.450781 0.420833 0.444531 0.429167 0.435937 0.411111 0.442188 0.401389
2 0.699219 0.372222 0.680469 0.373611 0.679688 0.358333 0.698438 0.356944
0 0.639062 0.322222 0.64375 0.331944 0.614844 0.377778 0.610156 0.369444
0 0.616406 0.365278 0.585938 0.379167 0.583594 0.366667 0.614062 0.351389
1 0.542969 0.320833 0.586719 0.356944 0.580469 0.379167 0.5375 0.341667
2 0.529687 0.358333 0.546094 0.368056 0.544531 0.380556 0.528125 0.370833
2 0.523438 0.336111 0.530469 0.340278 0.522656 0.370833 0.515625 0.366667
3 0.542969 0.333333 0.553125 0.356944 0.546094 0.365278 0.535937 0.343056
0 0.5875 0.288889 0.59375 0.295833 0.575 0.354167 0.56875 0.347222
0 0.6 0.308333 0.592969 0.313889 0.578906 0.243056 0.586719 0.2375
0 0.589844 0.254167 0.624219 0.273611 0.621875 0.2875 0.5875 0.268056
3 0.633594 0.233333 0.625781 0.234722 0.624219 0.202778 0.632031 0.202778
2 0.521875 0.320833 0.516406 0.330556 0.503125 0.304167 0.508594 0.295833
2 0.521875 0.294444 0.505469 0.302778 0.503125 0.290278 0.520312 0.281944
0 0.551562 0.279167 0.51875 0.305556 0.515625 0.293056 0.549219 0.268056
2 0.534375 0.325 0.528125 0.327778 0.524219 0.297222 0.53125 0.294444
2 0.539844 0.333333 0.533594 0.336111 0.53125 0.305556 0.5375 0.304167
2 0.564063 0.311111 0.546875 0.311111 0.546094 0.297222 0.564063 0.297222
2 0.576562 0.325 0.56875 0.351389 0.563281 0.345833 0.570312 0.320833
2 0.554688 0.3125 0.569531 0.330556 0.565625 0.341667 0.550781 0.323611
2 0.555469 0.302778 0.574219 0.320833 0.570312 0.333333 0.552344 0.315278
2 0.548438 0.025 0.557813 0.0291667 0.552344 0.0666667 0.54375 0.0625
