2 0.222656 0.9375 0.233594 0.938889 0.23125 0.986111 0.220312 0.984722
2 0.300781 0.869444 0.3125 0.870833 0.310156 0.916667 0.297656 0.913889
0 0.320312 0.819444 0.328125 0.833333 0.289062 0.905556 0.28125 0.891667
2 0.386719 0.844444 0.376563 0.863889 0.357812 0.829167 0.367969 0.811111
2 0.429688 0.831944 0.438281 0.831944 0.438281 0.870833 0.429688 0.870833
2 0.459375 0.856944 0.450781 0.868056 0.436719 0.8375 0.445312 0.826389
2 0.415625 0.805556 0.421094 0.819444 0.401562 0.844444 0.395313 0.829167
3 0.43125 0.85 0.410156 0.854167 0.409375 0.8375 0.430469 0.833333
3 0.380469 0.816667 0.371094 0.823611 0.361719 0.7875 0.371875 0.780556
2 0.358594 0.752778 0.367969 0.759722 0.359375 0.797222 0.349219 0.788889
3 0.347656 0.738889 0.357031 0.740278 0.35625 0.773611 0.346875 0.772222
1 0.392969 0.826389 0.38125 0.836111 0.35625 0.738889 0.367969 0.729167
3 0.388281 0.758333 0.397656 0.758333 0.397656 0.793056 0.388281 0.793056
3 0.409375 0.763889 0.428125 0.763889 0.428125 0.783333 0.409375 0.783333
3 0.444531 0.777778 0.447656 0.793056 0.429688 0.806944 0.425781 0.790278
2 0.407031 0.765278 0.399219 0.772222 0.392188 0.743056 0.399219 0.7375
2 0.485156 0.922222 0.492188 0.936111 0.476562 0.963889 0.469531 0.95
2 0.492969 0.897222 0.500781 0.901389 0.495312 0.945833 0.4875 0.941667
2 0.533594 0.884722 0.540625 0.893056 0.527344 0.925 0.521094 0.918056
2 0.552344 0.873611 0.544531 0.880556 0.534375 0.847222 0.542188 0.840278
0 0.595313 0.716667 0.603906 0.720833 0.595313 0.783333 0.586719 0.779167
3 0.571094 0.815278 0.578906 0.815278 0.578906 0.847222 0.571094 0.847222
2 0.564063 0.825 0.583594 0.825 0.583594 0.838889 0.564063 0.838889
3 0.571875 0.819444 0.557031 0.830556 0.553906 0.816667 0.56875 0.804167
2 0.560156 0.779167 0.567187 0.783333 0.559375 0.813889 0.553125 0.809722
2 0.510938 0.836111 0.528125 0.841667 0.526563 0.856944 0.508594 0.851389
1 0.521094 0.730556 0.534375 0.738889 0.514844 0.831944 0.501563 0.823611
3 0.541406 0.734722 0.55 0.734722 0.55 0.766667 0.541406 0.766667
2 0.542188 0.761111 0.55625 0.770833 0.552344 0.784722 0.538281 0.775
2 0.528906 0.738889 0.536719 0.744444 0.533594 0.763889 0.525 0.759722
0 0.5125 0.744444 0.521875 0.751389 0.503125 0.826389 0.494531 0.819444
2 0.4875 0.726389 0.496094 0.731944 0.4875 0.766667 0.478906 0.761111
2 0.498437 0.727778 0.50625 0.733333 0.498437 0.766667 0.490625 0.761111
3 0.516406 0.706944 0.524219 0.713889 0.515625 0.741667 0.507812 0.734722
2 0.533594 0.698611 0.525781 0.701389 0.521875 0.665278 0.529687 0.6625
2 0.405469 0.730556 0.414062 0.730556 0.414062 0.765278 0.405469 0.765278
3 0.41875 0.720833 0.432031 0.745833 0.425781 0.758333 0.411719 0.733333
2 0.400781 0.709722 0.409375 0.709722 0.409375 0.745833 0.400781 0.745833
0 0.417969 0.704167 0.459375 0.747222 0.455469 0.761111 0.414062 0.718056
0 0.494531 0.711111 0.448437 0.733333 0.446875 0.719444 0.492188 0.697222
0 0.423438 0.688889 0.455469 0.7375 0.451562 0.747222 0.41875 0.698611
2 0.4375 0.673611 0.442969 0.686111 0.429688 0.705556 0.424219 0.693056
2 0.414844 0.686111 0.421875 0.693056 0.413281 0.718056 0.407031 0.7125
2 0.427344 0.654167 0.433594 0.6625 0.421875 0.691667 0.415625 0.683333
0 0.417969 0.652778 0.424219 0.661111 0.397656 0.725 0.391406 0.715278
0 0.403125 0.695833 0.363281 0.733333 0.360156 0.722222 0.399219 0.683333
2 0.395313 0.670833 0.403125 0.673611 0.398438 0.7125 0.390625 0.708333
2 0.385937 0.65 0.407813 0.661111 0.405469 0.675 0.383594 0.663889
2 0.375781 0.598611 0.382812 0.602778 0.375 0.638889 0.367969 0.634722
3 0.424219 0.615278 0.442969 0.615278 0.442969 0.633333 0.424219 0.633333
0 0.389062 0.641667 0.438281 0.641667 0.438281 0.658333 0.389062 0.658333
1 0.378906 0.611111 0.435156 0.629167 0.432812 0.652778 0.376563 0.634722
2 0.521094 0.590278 0.540625 0.601389 0.538281 0.615278 0.517969 0.604167
