2 0.0648438 0.236111 0.103125 0.269444 0.0960938 0.294444 0.0578125 0.259722
2 0.144531 0.202778 0.103125 0.220833 0.0992187 0.193056 0.141406 0.173611
2 0.144531 0.179167 0.153125 0.202778 0.119531 0.243056 0.110937 0.218056
3 0.164844 0.222222 0.134375 0.259722 0.124219 0.231944 0.154688 0.194444
3 0.190625 0.188889 0.173437 0.201389 0.158594 0.136111 0.175781 0.123611
2 0.107031 0.359722 0.123438 0.375 0.103906 0.4375 0.0875 0.422222
2 0.110937 0.295833 0.126562 0.297222 0.125781 0.372222 0.110156 0.370833
2 0.165625 0.301389 0.124219 0.315278 0.120313 0.283333 0.1625 0.268056
2 0.152344 0.363889 0.119531 0.395833 0.113281 0.375 0.146094 0.343056
2 0.191406 0.366667 0.15625 0.401389 0.147656 0.375 0.183594 0.340278
2 0.226562 0.279167 0.185938 0.288889 0.183594 0.255556 0.224219 0.245833
3 0.211719 0.276389 0.228125 0.297222 0.210938 0.340278 0.194531 0.320833
2 0.176563 0.380556 0.214844 0.415278 0.20625 0.444444 0.167969 0.409722
2 0.15625 0.425 0.192969 0.447222 0.186719 0.479167 0.15 0.456944
0 0.178125 0.413889 0.267188 0.470833 0.260156 0.501389 0.171094 0.444444
2 0.294531 0.479167 0.3375 0.513889 0.330469 0.538889 0.288281 0.505556
2 0.291406 0.609722 0.275 0.6125 0.271094 0.541667 0.2875 0.538889
2 0.300781 0.620833 0.310156 0.648611 0.274219 0.688889 0.264844 0.661111
3 0.292187 0.531944 0.324219 0.5625 0.315625 0.588889 0.284375 0.556944
3 0.338281 0.577778 0.369531 0.608333 0.360938 0.636111 0.329688 0.604167
2 0.310156 0.0986111 0.353125 0.130556 0.346094 0.159722 0.303125 0.127778
2 0.346094 0.00138889 0.39375 0.00138889 0.39375 0.025 0.346094 0.025
3 0.532031 0.0527778 0.516406 0.0736111 0.494531 0.0222222 0.510156 0.00277778
0 0.578125 0.138889 0.5625 0.156944 0.510938 0.0222222 0.526563 0.00416667
2 0.595313 0.1125 0.613281 0.1125 0.613281 0.198611 0.595313 0.198611
0 0.646094 0.188889 0.628125 0.193056 0.614844 0.00972222 0.632812 0.00555556
2 0.648438 0.280556 0.63125 0.286111 0.623437 0.204167 0.641406 0.2
3 0.594531 0.220833 0.633594 0.243056 0.628125 0.273611 0.589063 0.252778
2 0.573438 0.256944 0.589063 0.263889 0.576562 0.343056 0.561719 0.334722
2 0.601562 0.259722 0.61875 0.270833 0.603125 0.348611 0.586719 0.3375
1 0.667188 0.290278 0.636719 0.291667 0.635938 0.0625 0.665625 0.0611111
2 0.66875 0.418056 0.653125 0.430556 0.632812 0.356944 0.648438 0.343056
2 0.652344 0.418056 0.610938 0.448611 0.604688 0.422222 0.646094 0.391667
2 0.553906 0.384722 0.542188 0.404167 0.510938 0.35 0.521875 0.329167
1 0.610156 0.430556 0.592187 0.463889 0.507031 0.316667 0.525781 0.283333
2 0.667188 0.459722 0.677344 0.484722 0.641406 0.534722 0.63125 0.511111
0 0.673438 0.534722 0.688281 0.534722 0.688281 0.702778 0.673438 0.702778
2 0.634375 0.608333 0.675781 0.627778 0.670312 0.658333 0.629687 0.638889
2 0.714844 0.623611 0.730469 0.6375 0.710938 0.705556 0.696094 0.691667
2 0.684375 0.731944 0.7 0.745833 0.682031 0.809722 0.666406 0.794444
0 0.727344 0.883333 0.710156 0.8875 0.694531 0.711111 0.711719 0.705556
0 0.828906 0.693056 0.8125 0.708333 0.764062 0.551389 0.780469 0.534722
1 0.553125 0.808333 0.584375 0.808333 0.584375 0.998611 0.553125 0.998611
0 0.474219 0.838889 0.460156 0.851389 0.421094 0.723611 0.435156 0.709722
3 0.4125 0.755556 0.441406 0.783333 0.433594 0.805556 0.404687 0.777778
3 0.492969 0.7 0.509375 0.7 0.509375 0.761111 0.492969 0.761111
3 0.422656 0.698611 0.457813 0.698611 0.457813 0.727778 0.422656 0.727778
2 0.422656 0.713889 0.378906 0.720833 0.377344 0.693056 0.421094 0.684722
2 0.410156 0.686111 0.367188 0.701389 0.364063 0.669444 0.407031 0.654167
3 0.451562 0.594444 0.484375 0.626389 0.474219 0.659722 0.441406 0.626389
0 0.386719 0.505556 0.464844 0.563889 0.459375 0.586111 0.38125 0.529167
3 0.691406 0.498611 0.721094 0.544444 0.70625 0.576389 0.675781 0.530556
