1 0.735156 0.254167 0.627344 0.284722 0.623437 0.240278 0.73125 0.209722
2 0.764062 0.245833 0.779687 0.245833 0.779687 0.293056 0.764062 0.293056
3 0.820312 0.329167 0.858594 0.343056 0.854688 0.376389 0.816406 0.3625
3 0.766406 0.376389 0.782031 0.397222 0.761719 0.441667 0.746875 0.420833
3 0.642969 0.308333 0.659375 0.315278 0.652344 0.375 0.635938 0.368056
0 0.672656 0.3125 0.689063 0.323611 0.6625 0.455556 0.646875 0.444444
2 0.707812 0.561111 0.744531 0.561111 0.744531 0.590278 0.707812 0.590278
2 0.542969 0.583333 0.575 0.588889 0.573438 0.616667 0.541406 0.609722
2 0.550781 0.65 0.541406 0.661111 0.523438 0.613889 0.532813 0.602778
3 0.528906 0.622222 0.548438 0.665278 0.535156 0.684722 0.516406 0.641667
2 0.557813 0.673611 0.571875 0.683333 0.557813 0.741667 0.544531 0.730556
2 0.563281 0.709722 0.573438 0.719444 0.55625 0.773611 0.546875 0.765278
3 0.560937 0.738889 0.575 0.738889 0.575 0.790278 0.560937 0.790278
3 0.598437 0.726389 0.585156 0.743056 0.56875 0.7 0.582031 0.683333
3 0.65 0.773611 0.634375 0.779167 0.628125 0.720833 0.64375 0.715278
2 0.660156 0.638889 0.674219 0.65 0.660156 0.705556 0.646875 0.695833
2 0.653906 0.6375 0.660156 0.661111 0.629687 0.6875 0.623437 0.665278
2 0.751563 0.641667 0.767188 0.651389 0.755469 0.709722 0.740625 0.701389
2 0.633594 0.854167 0.64375 0.872222 0.61875 0.918056 0.608594 0.9
0 0.625 0.820833 0.636719 0.836111 0.591406 0.951389 0.578906 0.936111
0 0.825 0.570833 0.748437 0.613889 0.744531 0.588889 0.821094 0.547222
2 0.825781 0.543056 0.864062 0.556944 0.860156 0.584722 0.822656 0.572222
2 0.8625 0.726389 0.90625 0.726389 0.90625 0.754167 0.8625 0.754167
2 0.928125 0.813889 0.910937 0.818056 0.907031 0.747222 0.924219 0.744444
2 0.865625 0.745833 0.909375 0.755556 0.907031 0.784722 0.863281 0.775
2 0.885938 0.875 0.869531 0.881944 0.859375 0.808333 0.876563 0.801389
2 0.865625 0.756944 0.875781 0.780556 0.844531 0.825 0.834375 0.8
3 0.874219 0.958333 0.8625 0.972222 0.841406 0.918056 0.853906 0.902778
0 0.832031 0.883333 0.838281 0.905556 0.766406 0.975 0.759375 0.954167
2 0.819531 0.913889 0.85625 0.948611 0.847656 0.977778 0.810937 0.943056
3 0.792188 0.9375 0.825 0.9375 0.825 0.965278 0.792188 0.965278
3 0.805469 0.958333 0.842187 0.958333 0.842187 0.988889 0.805469 0.988889
