2 0.819531 0.231944 0.955469 0.231944 0.955469 0.319444 0.819531 0.319444
2 0.50625 0.245833 0.553125 0.315278 0.467187 0.497222 0.420312 0.426389
2 0.228906 0.143056 0.286719 0.213889 0.199219 0.441667 0.141406 0.370833
0 0.334375 0.915278 0.283594 0.947222 0.211719 0.584722 0.2625 0.552778
0 0.253906 0.9 0.221094 0.940278 0.1125 0.656944 0.145313 0.616667
3 0.025 0.609722 0.107031 0.690278 0.0820312 0.772222 0 0.693056
2 0.170313 0.844444 0.253906 0.919444 0.233594 0.990278 0.150781 0.915278
2 0.0726563 0.922222 0.188281 0.922222 0.188281 0.998611 0.0726563 0.998611
2 0.476562 0.865278 0.371094 0.923611 0.360156 0.861111 0.465625 0.802778
0 0.539062 0.477778 0.569531 0.523611 0.410938 0.858333 0.380469 0.813889
3 0.546094 0.5625 0.578125 0.633333 0.497656 0.747222 0.466406 0.676389
0 0.510938 0.805556 0.545312 0.816667 0.524219 0.998611 0.489844 0.986111
0 0.454688 0.844444 0.494531 0.851389 0.486719 0.990278 0.446875 0.981944
0 0.415625 0.873611 0.452344 0.873611 0.452344 0.990278 0.415625 0.990278
1 0.692969 0.416667 0.764844 0.470833 0.660156 0.909722 0.588281 0.855556
1 0.582031 0.633333 0.646875 0.673611 0.586719 0.9875 0.521094 0.948611
0 0.4625 0.0263889 0.505469 0.0777778 0.342969 0.5 0.3 0.448611
0 0.522656 0.0166667 0.567969 0.0722222 0.389062 0.527778 0.34375 0.470833
