0 0.403125 0.547222 0.411719 0.547222 0.411719 0.598611 0.403125 0.598611
2 0.504687 0.644444 0.496875 0.654167 0.485938 0.627778 0.49375 0.618056
2 0.520312 0.598611 0.50625 0.6125 0.503906 0.602778 0.517969 0.590278
2 0.592187 0.602778 0.6125 0.602778 0.6125 0.616667 0.592187 0.616667
1 0.607031 0.609722 0.557031 0.611111 0.55625 0.591667 0.607031 0.588889
2 0.683594 0.591667 0.6875 0.601389 0.673438 0.622222 0.669531 0.611111
2 0.66875 0.588889 0.6875 0.588889 0.6875 0.604167 0.66875 0.604167
0 0.64375 0.558333 0.684375 0.580556 0.682031 0.593056 0.641406 0.570833
2 0.657813 0.590278 0.65 0.595833 0.644531 0.573611 0.652344 0.568056
1 0.548438 0.543056 0.596875 0.579167 0.592187 0.598611 0.544531 0.561111
0 0.624219 0.536111 0.628906 0.548611 0.605469 0.581944 0.600781 0.569444
2 0.615625 0.527778 0.622656 0.527778 0.622656 0.552778 0.615625 0.552778
2 0.592187 0.523611 0.608594 0.523611 0.608594 0.5375 0.592187 0.5375
2 0.595313 0.55 0.597656 0.561111 0.58125 0.572222 0.578906 0.561111
3 0.604688 0.536111 0.616406 0.536111 0.616406 0.548611 0.604688 0.548611
2 0.625781 0.508333 0.633594 0.508333 0.633594 0.531944 0.625781 0.531944
2 0.639844 0.516667 0.634375 0.523611 0.625781 0.5 0.63125 0.493056
3 0.697656 0.483333 0.690625 0.491667 0.683594 0.473611 0.690625 0.465278
2 0.683594 0.475 0.689063 0.475 0.689063 0.497222 0.683594 0.497222
0 0.688281 0.497222 0.68125 0.504167 0.66875 0.465278 0.675781 0.458333
3 0.582031 0.523611 0.591406 0.523611 0.591406 0.538889 0.582031 0.538889
2 0.583594 0.495833 0.590625 0.501389 0.585938 0.522222 0.578125 0.518056
2 0.635938 0.4625 0.623437 0.475 0.621094 0.466667 0.633594 0.454167
3 0.53125 0.531944 0.546094 0.531944 0.546094 0.55 0.53125 0.55
2 0.549219 0.525 0.532813 0.534722 0.530469 0.520833 0.546875 0.511111
3 0.53125 0.505556 0.542969 0.505556 0.542969 0.519444 0.53125 0.519444
3 0.523438 0.494444 0.535937 0.494444 0.535937 0.511111 0.523438 0.511111
2 0.515625 0.480556 0.510938 0.488889 0.501563 0.469444 0.50625 0.4625
2 0.489063 0.427778 0.492188 0.4375 0.478906 0.45 0.475781 0.438889
3 0.563281 0.484722 0.573438 0.484722 0.573438 0.504167 0.563281 0.504167
2 0.595313 0.488889 0.588281 0.495833 0.58125 0.475 0.589063 0.466667
3 0.601562 0.483333 0.595313 0.490278 0.588281 0.472222 0.594531 0.465278
2 0.535937 0.465278 0.553125 0.465278 0.553125 0.475 0.535937 0.475
0 0.539062 0.470833 0.580469 0.477778 0.579688 0.488889 0.538281 0.481944
3 0.578125 0.456944 0.589844 0.456944 0.589844 0.470833 0.578125 0.470833
1 0.585156 0.373611 0.592187 0.381944 0.578906 0.416667 0.571875 0.406944
2 0.594531 0.380556 0.597656 0.391667 0.586719 0.404167 0.583594 0.393056
1 0.573438 0.402778 0.564063 0.408333 0.557031 0.375 0.566406 0.368056
