1 0.31875 0.0805556 0.335156 0.0972222 0.304688 0.195833 0.288281 0.180556
2 0.329688 0.0791667 0.355469 0.0791667 0.355469 0.102778 0.329688 0.102778
3 0.358594 0.151389 0.374219 0.151389 0.374219 0.193056 0.358594 0.193056
3 0.395313 0.0888889 0.375781 0.1125 0.367969 0.0916667 0.3875 0.0680556
0 0.4625 0.0569444 0.5125 0.075 0.509375 0.0972222 0.460156 0.0791667
2 0.485938 0.180556 0.49375 0.194444 0.478906 0.219444 0.471094 0.205556
0 0.467187 0.208333 0.475781 0.215278 0.455469 0.295833 0.446875 0.288889
2 0.439844 0.272222 0.446875 0.283333 0.432031 0.3125 0.425781 0.302778
2 0.471875 0.354167 0.460938 0.358333 0.455469 0.313889 0.467187 0.309722
2 0.434375 0.416667 0.423438 0.419444 0.41875 0.379167 0.429688 0.375
2 0.417969 0.388889 0.425781 0.395833 0.417187 0.431944 0.408594 0.426389
2 0.378906 0.406944 0.385156 0.419444 0.371094 0.444444 0.364844 0.430556
2 0.364063 0.441667 0.383594 0.4625 0.378125 0.479167 0.358594 0.459722
3 0.366406 0.465278 0.384375 0.479167 0.380469 0.495833 0.3625 0.481944
3 0.397656 0.463889 0.413281 0.476389 0.408594 0.494444 0.39375 0.481944
3 0.441406 0.468056 0.432812 0.480556 0.419531 0.452778 0.428125 0.440278
2 0.3875 0.476389 0.396875 0.476389 0.396875 0.5125 0.3875 0.5125
2 0.39375 0.491667 0.401562 0.491667 0.401562 0.533333 0.39375 0.533333
3 0.4125 0.531944 0.402344 0.538889 0.395313 0.509722 0.405469 0.501389
0 0.438281 0.5125 0.447656 0.513889 0.445312 0.616667 0.435937 0.615278
2 0.446875 0.531944 0.457031 0.534722 0.451562 0.580556 0.442188 0.576389
0 0.627344 0.0527778 0.635938 0.0652778 0.586719 0.168056 0.578125 0.155556
0 0.611719 0.227778 0.555469 0.283333 0.549219 0.2625 0.605469 0.206944
2 0.563281 0.291667 0.552344 0.302778 0.539062 0.261111 0.550781 0.25
2 0.535937 0.25 0.54375 0.263889 0.523438 0.3 0.515625 0.284722
2 0.542188 0.268056 0.548438 0.283333 0.528125 0.311111 0.521875 0.297222
2 0.525781 0.304167 0.536719 0.311111 0.528125 0.359722 0.517188 0.352778
2 0.539062 0.326389 0.555469 0.363889 0.546875 0.376389 0.530469 0.338889
0 0.528906 0.406944 0.538281 0.411111 0.520312 0.515278 0.510156 0.509722
2 0.529687 0.433333 0.557813 0.433333 0.557813 0.452778 0.529687 0.452778
3 0.545312 0.398611 0.567187 0.420833 0.560937 0.441667 0.539062 0.419444
3 0.535156 0.443056 0.542969 0.458333 0.527344 0.484722 0.519531 0.470833
3 0.544531 0.445833 0.554688 0.459722 0.538281 0.493056 0.528906 0.479167
2 0.552344 0.530556 0.539844 0.536111 0.535156 0.491667 0.547656 0.486111
2 0.607031 0.729167 0.597656 0.744444 0.578906 0.704167 0.589063 0.690278
1 0.513281 0.719444 0.544531 0.7375 0.539062 0.768056 0.507812 0.75
0 0.488281 0.777778 0.498437 0.790278 0.469531 0.863889 0.460156 0.852778
2 0.44375 0.919444 0.432031 0.923611 0.426563 0.876389 0.438281 0.872222
3 0.447656 0.902778 0.425781 0.911111 0.424219 0.897222 0.446094 0.888889
1 0.667969 0.323611 0.589844 0.370833 0.583594 0.3375 0.661719 0.290278
0 0.675781 0.213889 0.6875 0.231944 0.642188 0.322222 0.63125 0.302778
