2 0.396875 0.641667 0.414844 0.641667 0.414844 0.659722 0.396875 0.659722
2 0.461719 0.652778 0.438281 0.655556 0.4375 0.636111 0.461719 0.634722
2 0.328906 0.588889 0.35 0.588889 0.35 0.605556 0.328906 0.605556
3 0.386719 0.577778 0.39375 0.5875 0.383594 0.609722 0.376563 0.598611
2 0.417187 0.55 0.397656 0.563889 0.394531 0.55 0.413281 0.536111
0 0.367188 0.509722 0.335938 0.513889 0.335156 0.497222 0.366406 0.493056
0 0.3875 0.504167 0.414844 0.513889 0.4125 0.529167 0.385156 0.519444
3 0.5375 0.568056 0.545312 0.581944 0.53125 0.605556 0.524219 0.590278
2 0.492969 0.577778 0.510938 0.5875 0.507812 0.605556 0.489844 0.594444
1 0.526563 0.581944 0.46875 0.602778 0.466406 0.579167 0.524219 0.558333
0 0.567969 0.55 0.527344 0.572222 0.524219 0.554167 0.565625 0.533333
2 0.627344 0.566667 0.647656 0.577778 0.645312 0.594444 0.624219 0.583333
2 0.528906 0.551389 0.524219 0.5625 0.514844 0.548611 0.51875 0.5375
2 0.528125 0.5375 0.546875 0.5375 0.546875 0.551389 0.528125 0.551389
2 0.557031 0.504167 0.5625 0.518056 0.55 0.534722 0.544531 0.522222
0 0.538281 0.493056 0.575781 0.509722 0.574219 0.520833 0.536719 0.504167
2 0.558594 0.479167 0.578906 0.479167 0.578906 0.497222 0.558594 0.497222
2 0.552344 0.479167 0.546094 0.481944 0.541406 0.458333 0.548438 0.455556
3 0.546094 0.476389 0.554688 0.476389 0.554688 0.495833 0.546094 0.495833
3 0.499219 0.55 0.515625 0.55 0.515625 0.563889 0.499219 0.563889
1 0.507031 0.577778 0.45625 0.579167 0.455469 0.555556 0.50625 0.554167
3 0.448437 0.554167 0.459375 0.554167 0.459375 0.573611 0.448437 0.573611
2 0.453906 0.573611 0.459375 0.586111 0.445312 0.604167 0.440625 0.593056
2 0.483594 0.509722 0.498437 0.522222 0.496094 0.531944 0.48125 0.520833
2 0.452344 0.523611 0.471875 0.523611 0.471875 0.5375 0.452344 0.5375
0 0.459375 0.513889 0.460938 0.529167 0.424219 0.547222 0.421875 0.531944
0 0.45 0.488889 0.421875 0.490278 0.421094 0.476389 0.449219 0.475
2 0.453906 0.458333 0.460156 0.461111 0.457031 0.483333 0.451562 0.480556
3 0.455469 0.438889 0.469531 0.438889 0.469531 0.454167 0.455469 0.454167
2 0.459375 0.427778 0.472656 0.427778 0.472656 0.438889 0.459375 0.438889
2 0.486719 0.419444 0.473438 0.423611 0.471875 0.4125 0.485938 0.408333
0 0.451562 0.436111 0.457813 0.4375 0.45625 0.466667 0.449219 0.466667
3 0.38125 0.483333 0.390625 0.483333 0.390625 0.498611 0.38125 0.498611
0 0.382031 0.4875 0.378906 0.497222 0.363281 0.479167 0.365625 0.470833
2 0.382031 0.463889 0.396875 0.463889 0.396875 0.476389 0.382031 0.476389
2 0.386719 0.458333 0.401562 0.458333 0.401562 0.468056 0.386719 0.468056
2 0.408594 0.422222 0.4125 0.429167 0.402344 0.447222 0.398438 0.438889
2 0.626563 0.383333 0.640625 0.383333 0.640625 0.4 0.626563 0.4
0 0.613281 0.440278 0.571094 0.454167 0.569531 0.443056 0.6125 0.429167
3 0.597656 0.436111 0.58125 0.443056 0.579688 0.433333 0.596094 0.426389
0 0.564844 0.440278 0.566406 0.451389 0.526563 0.470833 0.525 0.459722
2 0.535156 0.427778 0.542188 0.427778 0.542188 0.45 0.535156 0.45
3 0.503125 0.441667 0.515625 0.441667 0.515625 0.456944 0.503125 0.456944
2 0.349219 0.476389 0.358594 0.476389 0.358594 0.494444 0.349219 0.494444
2 0.478906 0.516667 0.485156 0.525 0.477344 0.540278 0.471875 0.531944
1 0.408594 0.344444 0.425781 0.344444 0.425781 0.358333 0.408594 0.358333
3 0.351562 0.479167 0.3375 0.4875 0.335156 0.473611 0.349219 0.465278
3 0.382031 0.433333 0.390625 0.433333 0.390625 0.445833 0.382031 0.445833
0 0.382812 0.422222 0.403125 0.422222 0.403125 0.433333 0.382812 0.433333
2 0.386719 0.444444 0.382812 0.451389 0.375 0.440278 0.378906 0.433333
