2 0.269531 0.983333 0.257031 0.995833 0.242188 0.947222 0.254688 0.934722
0 0.385937 0.883333 0.373437 0.904167 0.320312 0.806944 0.332031 0.786111
0 0.402344 0.791667 0.463281 0.884722 0.453125 0.905556 0.391406 0.813889
2 0.410156 0.948611 0.386719 0.983333 0.375781 0.961111 0.4 0.925
2 0.313281 0.805556 0.300781 0.808333 0.296875 0.747222 0.310156 0.745833
3 0.289844 0.7625 0.317969 0.7625 0.317969 0.791667 0.289844 0.791667
3 0.33125 0.659722 0.346875 0.668056 0.338281 0.715278 0.323437 0.705556
0 0.413281 0.661111 0.422656 0.681944 0.366406 0.759722 0.357812 0.740278
2 0.471875 0.508333 0.486719 0.519444 0.471875 0.581944 0.457031 0.570833
2 0.457813 0.505556 0.471094 0.515278 0.45625 0.576389 0.442969 0.566667
2 0.392188 0.477778 0.428906 0.477778 0.428906 0.505556 0.392188 0.505556
3 0.341406 0.4375 0.370312 0.4375 0.370312 0.468056 0.341406 0.468056
3 0.434375 0.411111 0.463281 0.445833 0.453125 0.470833 0.425 0.434722
2 0.627344 0.366667 0.669531 0.368056 0.66875 0.398611 0.626563 0.397222
2 0.626563 0.391667 0.672656 0.391667 0.672656 0.422222 0.626563 0.422222
2 0.451562 0.340278 0.420312 0.377778 0.411719 0.354167 0.442969 0.316667
2 0.364063 0.347222 0.399219 0.373611 0.392969 0.398611 0.357812 0.372222
2 0.319531 0.358333 0.334375 0.369444 0.322656 0.418056 0.307812 0.405556
2 0.357812 0.323611 0.370312 0.330556 0.359375 0.388889 0.346875 0.383333
2 0.338281 0.345833 0.355469 0.359722 0.35 0.379167 0.332813 0.366667
2 0.3375 0.354167 0.325781 0.365278 0.308594 0.309722 0.320312 0.298611
3 0.330469 0.313889 0.360156 0.330556 0.354687 0.358333 0.325781 0.341667
3 0.3375 0.277778 0.315625 0.304167 0.305469 0.277778 0.327344 0.25
2 0.378906 0.315278 0.367969 0.334722 0.341406 0.288889 0.352344 0.269444
0 0.396094 0.345833 0.382812 0.356944 0.345313 0.227778 0.358594 0.216667
3 0.39375 0.275 0.379688 0.291667 0.358594 0.238889 0.373437 0.220833
2 0.407031 0.255556 0.41875 0.268056 0.399219 0.325 0.386719 0.311111
2 0.4125 0.276389 0.442188 0.313889 0.432812 0.3375 0.403125 0.298611
0 0.417187 0.256944 0.469531 0.326389 0.460938 0.345833 0.409375 0.276389
2 0.458594 0.268056 0.491406 0.286111 0.486719 0.308333 0.454688 0.291667
2 0.53125 0.258333 0.492188 0.279167 0.4875 0.251389 0.526563 0.230556
2 0.305469 0.183333 0.278906 0.225 0.26875 0.202778 0.295312 0.1625
3 0.295312 0.170833 0.277344 0.184722 0.265625 0.134722 0.283594 0.120833
2 0.35 0.211111 0.332031 0.218056 0.325 0.156944 0.342969 0.15
2 0.353906 0.138889 0.371875 0.138889 0.371875 0.211111 0.353906 0.211111
2 0.329688 0.147222 0.31875 0.166667 0.294531 0.125 0.30625 0.104167
0 0.400781 0.2125 0.385156 0.223611 0.349219 0.0805556 0.364844 0.0680556
3 0.464844 0.0986111 0.499219 0.111111 0.494531 0.145833 0.460938 0.134722
2 0.521094 0.00277778 0.5375 0.00694444 0.529687 0.0888889 0.513281 0.0847222
3 0.671875 0.252778 0.652344 0.2625 0.640625 0.193056 0.660156 0.181944
3 0.617188 0.119444 0.630469 0.144444 0.599219 0.198611 0.585938 0.172222
0 0.596094 0.201389 0.576562 0.211111 0.546094 0.0375 0.566406 0.0263889
