2 0.446875 0.476389 0.4625 0.476389 0.4625 0.488889 0.446875 0.488889
2 0.509375 0.463889 0.502344 0.469444 0.496094 0.443056 0.503125 0.4375
3 0.507812 0.445833 0.520312 0.452778 0.517188 0.468056 0.505469 0.461111
2 0.51875 0.430556 0.525781 0.431944 0.524219 0.459722 0.517188 0.458333
3 0.529687 0.447222 0.542969 0.454167 0.540625 0.466667 0.528125 0.459722
2 0.519531 0.427778 0.5125 0.429167 0.510938 0.401389 0.517969 0.4
2 0.503125 0.397222 0.516406 0.413889 0.511719 0.426389 0.498437 0.409722
2 0.496094 0.491667 0.489844 0.497222 0.483594 0.472222 0.490625 0.466667
2 0.503906 0.551389 0.498437 0.555556 0.491406 0.531944 0.496875 0.526389
2 0.492969 0.505556 0.498437 0.5125 0.489063 0.5375 0.483594 0.529167
2 0.491406 0.491667 0.496094 0.5 0.483594 0.522222 0.479687 0.513889
3 0.486719 0.483333 0.492969 0.490278 0.484375 0.5125 0.478906 0.504167
2 0.483594 0.520833 0.478125 0.525 0.472656 0.498611 0.478906 0.494444
2 0.482812 0.534722 0.477344 0.5375 0.471094 0.511111 0.476562 0.508333
2 0.491406 0.558333 0.485938 0.5625 0.478125 0.538889 0.482812 0.534722
0 0.499219 0.588889 0.491406 0.591667 0.485156 0.536111 0.492969 0.533333
3 0.507031 0.597222 0.5 0.6 0.495312 0.573611 0.503125 0.569444
2 0.492969 0.6875 0.478125 0.693056 0.476562 0.679167 0.491406 0.675
2 0.492188 0.65 0.497656 0.652778 0.494531 0.680556 0.489063 0.677778
3 0.525 0.494444 0.538281 0.494444 0.538281 0.508333 0.525 0.508333
0 0.549219 0.359722 0.520312 0.369444 0.519531 0.356944 0.548438 0.347222
0 0.564844 0.327778 0.569531 0.336111 0.549219 0.370833 0.545312 0.3625
0 0.603906 0.380556 0.575781 0.3875 0.574219 0.375 0.603125 0.368056
3 0.552344 0.402778 0.559375 0.404167 0.557813 0.425 0.550781 0.423611
3 0.615625 0.3875 0.620313 0.398611 0.610156 0.4125 0.605469 0.401389
0 0.615625 0.404167 0.61875 0.411111 0.592969 0.443056 0.590625 0.434722
2 0.584375 0.431944 0.598437 0.438889 0.596875 0.448611 0.582812 0.441667
3 0.580469 0.438889 0.592969 0.445833 0.590625 0.458333 0.578906 0.451389
2 0.574219 0.440278 0.578906 0.448611 0.567969 0.465278 0.564063 0.456944
2 0.575781 0.468056 0.560937 0.477778 0.558594 0.466667 0.574219 0.458333
2 0.579688 0.475 0.59375 0.483333 0.591406 0.494444 0.578125 0.486111
2 0.548438 0.551389 0.551562 0.561111 0.535937 0.573611 0.533594 0.565278
2 0.56875 0.544444 0.574219 0.554167 0.5625 0.572222 0.557813 0.563889
3 0.532813 0.608333 0.546094 0.620833 0.542188 0.631944 0.529687 0.619444
3 0.582031 0.586111 0.596875 0.588889 0.596094 0.601389 0.58125 0.6
2 0.605469 0.597222 0.599219 0.601389 0.594531 0.576389 0.600781 0.572222
2 0.609375 0.580556 0.615625 0.586111 0.609375 0.609722 0.603906 0.605556
1 0.616406 0.6125 0.626563 0.619444 0.611719 0.684722 0.602344 0.679167
1 0.558594 0.791667 0.569531 0.794444 0.565625 0.873611 0.553906 0.870833
1 0.564063 0.725 0.572656 0.733333 0.552344 0.797222 0.542969 0.788889
0 0.591406 0.769444 0.598437 0.773611 0.584375 0.833333 0.578125 0.827778
2 0.574219 0.847222 0.578906 0.858333 0.566406 0.875 0.561719 0.865278
0 0.661719 0.833333 0.654687 0.834722 0.647656 0.769444 0.654687 0.766667
2 0.614844 0.720833 0.630469 0.731944 0.627344 0.743056 0.611719 0.731944
3 0.590625 0.744444 0.604688 0.75 0.603125 0.761111 0.589844 0.756944
2 0.577344 0.733333 0.585156 0.736111 0.58125 0.7625 0.574219 0.761111
2 0.592187 0.7 0.583594 0.701389 0.582031 0.669444 0.590625 0.668056
2 0.565625 0.683333 0.580469 0.698611 0.577344 0.708333 0.561719 0.694444
0 0.685156 0.561111 0.692187 0.566667 0.676562 0.616667 0.670312 0.611111
2 0.689844 0.561111 0.696875 0.561111 0.696875 0.584722 0.689844 0.584722
2 0.704688 0.579167 0.699219 0.583333 0.69375 0.556944 0.699219 0.552778
2 0.698438 0.5125 0.703906 0.518056 0.689063 0.565278 0.683594 0.559722
3 0.7 0.497222 0.705469 0.502778 0.698438 0.519444 0.69375 0.513889
2 0.688281 0.522222 0.682031 0.531944 0.672656 0.511111 0.678125 0.502778
1 0.703906 0.463889 0.7125 0.473611 0.692187 0.523611 0.683594 0.513889
2 0.642969 0.418056 0.655469 0.436111 0.650781 0.445833 0.638281 0.427778
0 0.678125 0.498611 0.671875 0.502778 0.664062 0.452778 0.669531 0.45
2 0.678125 0.490278 0.671875 0.490278 0.670312 0.466667 0.677344 0.466667
3 0.671875 0.436111 0.678906 0.436111 0.678906 0.461111 0.671875 0.461111
2 0.671875 0.4125 0.658594 0.419444 0.65625 0.408333 0.670312 0.401389
