1 0.29375 0.0375 0.367969 0.0777778 0.26875 0.645833 0.194531 0.605556
0 0.430469 0 0.473438 0.00694444 0.454688 0.416667 0.411719 0.411111
0 0.444531 0.222222 0.479687 0.225 0.473438 0.580556 0.438281 0.579167
0 0.470313 0.248611 0.500781 0.248611 0.499219 0.584722 0.46875 0.584722
3 0.489844 0.3875 0.525781 0.3875 0.525781 0.5125 0.489844 0.5125
0 0.5375 0.4375 0.566406 0.4625 0.501563 0.701389 0.472656 0.676389
2 0.459375 0.620833 0.4875 0.620833 0.4875 0.752778 0.459375 0.752778
2 0.416406 0.627778 0.460156 0.706944 0.433594 0.752778 0.390625 0.673611
2 0.66875 0.225 0.692187 0.276389 0.629687 0.365278 0.60625 0.313889
3 0.807031 0.227778 0.771094 0.2625 0.74375 0.173611 0.780469 0.138889
0 0.717187 0.216667 0.804688 0.245833 0.799219 0.297222 0.711719 0.268056
0 0.738281 0.251389 0.757812 0.295833 0.647656 0.448611 0.628125 0.404167
0 0.760938 0.279167 0.774219 0.316667 0.642969 0.466667 0.629687 0.429167
2 0.722656 0.370833 0.734375 0.411111 0.669531 0.469444 0.657813 0.429167
0 0.686719 0.494444 0.7 0.526389 0.598437 0.661111 0.585156 0.629167
3 0.667188 0.540278 0.684375 0.579167 0.636719 0.645833 0.619531 0.606944
2 0.595313 0.722222 0.542188 0.733333 0.539062 0.683333 0.592187 0.673611
1 0.724219 0.504167 0.754687 0.55 0.703125 0.659722 0.672656 0.615278
1 0.659375 0.604167 0.688281 0.645833 0.578906 0.890278 0.55 0.85
0 0.604688 0.693056 0.621094 0.715278 0.54375 0.893056 0.526563 0.870833
0 0.582031 0.7 0.598437 0.720833 0.522656 0.909722 0.50625 0.888889
0 0.566406 0.709722 0.58125 0.731944 0.484375 0.9375 0.469531 0.915278
3 0.528125 0.715278 0.548438 0.745833 0.505469 0.836111 0.485156 0.806944
2 0.514844 0.698611 0.536719 0.731944 0.485938 0.8375 0.464062 0.804167
3 0.490625 0.851389 0.436719 0.918056 0.416406 0.865278 0.471094 0.8
3 0.407031 0.791667 0.4375 0.802778 0.425781 0.904167 0.396094 0.893056
2 0.423438 0.955556 0.366406 0.998611 0.354687 0.948611 0.411719 0.905556
