2 0.203906 0.273611 0.191406 0.277778 0.186719 0.233333 0.2 0.229167
2 0.328125 0.238889 0.339844 0.25 0.326562 0.293056 0.315625 0.281944
3 0.320312 0.306944 0.309375 0.313889 0.303906 0.281944 0.314844 0.276389
0 0.369531 0.3125 0.308594 0.327778 0.307812 0.308333 0.367969 0.294444
0 0.351562 0.230556 0.363281 0.240278 0.345313 0.309722 0.333594 0.3
1 0.397656 0.313889 0.41875 0.333333 0.378125 0.463889 0.357812 0.444444
2 0.213281 0.480556 0.242969 0.494444 0.239063 0.518056 0.210156 0.504167
2 0.261719 0.594444 0.269531 0.615278 0.244531 0.643056 0.2375 0.622222
2 0.314844 0.418056 0.319531 0.4375 0.291406 0.461111 0.286719 0.441667
2 0.320312 0.427778 0.326562 0.445833 0.300781 0.475 0.294531 0.456944
2 0.332031 0.490278 0.321094 0.502778 0.30625 0.463889 0.316406 0.45
0 0.35 0.509722 0.341406 0.519444 0.315625 0.452778 0.324219 0.441667
3 0.396875 0.613889 0.416406 0.648611 0.40625 0.666667 0.3875 0.630556
2 0.3125 0.711111 0.339062 0.741667 0.328906 0.766667 0.303125 0.736111
2 0.304688 0.766667 0.316406 0.783333 0.292187 0.833333 0.28125 0.815278
0 0.285938 0.7375 0.345313 0.769444 0.341406 0.790278 0.282031 0.759722
0 0.273438 0.726389 0.289062 0.727778 0.286719 0.868056 0.271094 0.866667
3 0.261719 0.747222 0.245312 0.758333 0.235156 0.715278 0.250781 0.702778
2 0.08125 0.726389 0.0703125 0.736111 0.0585938 0.697222 0.0695313 0.6875
2 0.0726563 0.718056 0.0664062 0.7375 0.0429688 0.715278 0.0492187 0.695833
0 0.0867187 0.752778 0.0210938 0.8 0.015625 0.776389 0.08125 0.730556
0 0.0765625 0.741667 0.0851563 0.752778 0.04375 0.852778 0.0351562 0.841667
2 0.09375 0.791667 0.0695313 0.836111 0.0601563 0.819444 0.084375 0.775
1 0.422656 0.784722 0.441406 0.8 0.401562 0.969444 0.382031 0.954167
0 0.486719 0.976389 0.475781 0.991667 0.430469 0.895833 0.440625 0.879167
2 0.478906 0.904167 0.515625 0.930556 0.509375 0.955556 0.472656 0.930556
3 0.584375 0.302778 0.565625 0.316667 0.553906 0.266667 0.572656 0.251389
