3 0.465625 0.341667 0.479687 0.3625 0.471875 0.379167 0.457813 0.356944
3 0.499219 0.397222 0.479687 0.401389 0.478125 0.379167 0.498437 0.376389
3 0.547656 0.345833 0.559375 0.358333 0.54375 0.397222 0.532813 0.384722
2 0.582812 0.394444 0.591406 0.411111 0.572656 0.443056 0.563281 0.425
2 0.590625 0.394444 0.602344 0.405556 0.5875 0.451389 0.576562 0.440278
0 0.478906 0.398611 0.521875 0.420833 0.51875 0.440278 0.475781 0.418056
0 0.459375 0.505556 0.467969 0.519444 0.434375 0.588889 0.425781 0.576389
0 0.463281 0.491667 0.471094 0.506944 0.430469 0.572222 0.421875 0.555556
1 0.479687 0.454167 0.495312 0.468056 0.465625 0.581944 0.45 0.568056
2 0.557813 0.484722 0.567187 0.495833 0.551562 0.536111 0.542188 0.525
2 0.31875 0.948611 0.308594 0.958333 0.297656 0.923611 0.308594 0.9125
2 0.504687 0.694444 0.530469 0.704167 0.528125 0.725 0.502344 0.715278
2 0.525 0.644444 0.546875 0.6625 0.542188 0.681944 0.519531 0.665278
2 0.541406 0.640278 0.565625 0.641667 0.564844 0.663889 0.540625 0.6625
0 0.576562 0.668056 0.526563 0.706944 0.522656 0.691667 0.572656 0.652778
3 0.53125 0.698611 0.553125 0.698611 0.553125 0.720833 0.53125 0.720833
3 0.553125 0.679167 0.572656 0.690278 0.56875 0.713889 0.549219 0.701389
1 0.434375 0.695833 0.492969 0.695833 0.492969 0.725 0.434375 0.725
2 0.464062 0.716667 0.467969 0.736111 0.444531 0.752778 0.440625 0.733333
2 0.489063 0.7875 0.479687 0.795833 0.466406 0.752778 0.475781 0.744444
2 0.573438 0.695833 0.596875 0.695833 0.596875 0.719444 0.573438 0.719444
2 0.600781 0.638889 0.627344 0.648611 0.624219 0.670833 0.598437 0.6625
2 0.616406 0.694444 0.646094 0.7 0.644531 0.723611 0.614844 0.719444
2 0.661719 0.704167 0.63125 0.705556 0.630469 0.679167 0.660937 0.677778
0 0.675781 0.7625 0.663281 0.7625 0.660156 0.629167 0.673438 0.627778
2 0.551562 0.801389 0.579688 0.816667 0.575 0.844444 0.546875 0.827778
3 0.595313 0.779167 0.570312 0.801389 0.565625 0.781944 0.590625 0.761111
0 0.603125 0.884722 0.592969 0.890278 0.577344 0.797222 0.5875 0.791667
2 0.588281 0.795833 0.599219 0.795833 0.599219 0.826389 0.588281 0.826389
2 0.627344 0.766667 0.608594 0.777778 0.604688 0.754167 0.623437 0.743056
2 0.653125 0.783333 0.623437 0.806944 0.61875 0.7875 0.649219 0.765278
2 0.674219 0.815278 0.640625 0.819444 0.639844 0.794444 0.673438 0.790278
2 0.655469 0.838889 0.685937 0.861111 0.679688 0.886111 0.649219 0.863889
1 0.725781 0.830556 0.632812 0.854167 0.630469 0.818056 0.723437 0.794444
0 0.742969 0.745833 0.749219 0.769444 0.682813 0.825 0.675781 0.801389
1 0.724219 0.708333 0.733594 0.744444 0.65 0.809722 0.641406 0.773611
2 0.5125 0.869444 0.524219 0.877778 0.510938 0.933333 0.499219 0.925
3 0.485156 0.808333 0.50625 0.833333 0.498437 0.854167 0.477344 0.827778
2 0.461719 0.795833 0.472656 0.797222 0.471094 0.848611 0.460938 0.847222
2 0.474219 0.905556 0.4625 0.905556 0.461719 0.851389 0.473438 0.85
2 0.479687 0.880556 0.467969 0.881944 0.467187 0.831944 0.478906 0.830556
2 0.489844 0.895833 0.478906 0.898611 0.474219 0.847222 0.485938 0.844444
2 0.503906 0.895833 0.49375 0.904167 0.48125 0.859722 0.491406 0.85
0 0.516406 0.884722 0.510156 0.895833 0.465625 0.819444 0.471875 0.806944
3 0.503906 0.940278 0.482812 0.951389 0.478906 0.926389 0.5 0.915278
2 0.551562 0.977778 0.579688 0.977778 0.579688 0.998611 0.551562 0.998611
0 0.773438 0.775 0.760156 0.783333 0.732812 0.656944 0.745313 0.648611
0 0.770312 0.55 0.785937 0.558333 0.7625 0.691667 0.746875 0.681944
0 0.7625 0.626389 0.752344 0.648611 0.695312 0.566667 0.705469 0.545833
2 0.916406 0.486111 0.925781 0.506944 0.892969 0.552778 0.883594 0.530556
0 0.742188 0.448611 0.751563 0.4625 0.704688 0.552778 0.696094 0.5375
3 0.722656 0.426389 0.709375 0.438889 0.696094 0.393056 0.708594 0.380556
