1 0.592187 0.736111 0.542969 0.754167 0.498437 0.361111 0.547656 0.343056
0 0.732812 0.501389 0.700781 0.540278 0.584375 0.231944 0.616406 0.193056
0 0.804688 0.6375 0.767969 0.679167 0.661719 0.391667 0.698438 0.348611
0 0.839063 0.640278 0.807031 0.679167 0.690625 0.376389 0.722656 0.3375
3 0.846094 0.561111 0.810156 0.601389 0.767969 0.480556 0.803906 0.441667
0 0.780469 0.345833 0.738281 0.388889 0.632812 0.0680556 0.674219 0.025
0 0.839844 0.308333 0.807813 0.348611 0.689844 0.0486111 0.721875 0.00972222
2 0.759375 0.716667 0.836719 0.758333 0.825781 0.823611 0.748437 0.780556
2 0.889844 0.790278 0.859375 0.827778 0.817187 0.718056 0.847656 0.680556
0 0.858594 0.494444 0.897656 0.494444 0.897656 0.756944 0.858594 0.756944
0 0.951562 0.466667 0.985156 0.479167 0.95 0.7875 0.916406 0.775
2 0.942187 0.238889 0.996875 0.238889 0.996875 0.345833 0.942187 0.345833
0 0.677344 0.722222 0.8625 0.823611 0.852344 0.879167 0.667969 0.777778
2 0.940625 0.759722 0.965625 0.795833 0.913281 0.905556 0.889062 0.869444
3 0.997656 0.825 0.939063 0.9125 0.914844 0.861111 0.973437 0.773611
3 0.922656 0.936111 0.871875 0.986111 0.85 0.915278 0.901563 0.866667
3 0.807031 0.866667 0.849219 0.866667 0.849219 0.961111 0.807031 0.961111
0 0.696875 0.869444 0.746094 0.958333 0.725 0.994444 0.676562 0.905556
