2 0.278125 0.195833 0.296094 0.213889 0.272656 0.2875 0.255469 0.270833
2 0.376563 0.263889 0.3625 0.279167 0.34375 0.220833 0.358594 0.206944
0 0.369531 0.286111 0.296094 0.340278 0.289844 0.311111 0.363281 0.256944
2 0.447656 0.0708333 0.459375 0.0930556 0.430469 0.143056 0.417969 0.122222
3 0.457031 0.166667 0.439063 0.168056 0.436719 0.108333 0.455469 0.106944
3 0.40625 0.144444 0.422656 0.173611 0.396094 0.219444 0.380469 0.188889
2 0.429688 0.154167 0.442188 0.165278 0.423438 0.229167 0.410938 0.216667
2 0.484375 0.268056 0.459375 0.277778 0.45625 0.25 0.48125 0.240278
3 0.45625 0.291667 0.432031 0.3 0.428125 0.269444 0.453125 0.259722
0 0.517969 0.280556 0.464062 0.311111 0.460156 0.290278 0.514844 0.259722
1 0.524219 0.333333 0.45625 0.352778 0.452344 0.3125 0.520312 0.293056
2 0.391406 0.258333 0.403906 0.259722 0.403125 0.326389 0.390625 0.326389
1 0.446875 0.391667 0.425781 0.398611 0.410938 0.265278 0.432031 0.256944
2 0.430469 0.386111 0.41875 0.393056 0.410938 0.347222 0.422656 0.341667
2 0.394531 0.338889 0.421094 0.361111 0.414844 0.386111 0.388281 0.363889
3 0.39375 0.363889 0.414844 0.380556 0.409375 0.401389 0.388281 0.386111
2 0.432812 0.394444 0.442969 0.402778 0.428906 0.458333 0.41875 0.451389
2 0.436719 0.406944 0.446094 0.413889 0.433594 0.470833 0.424219 0.463889
2 0.428125 0.4625 0.440625 0.466667 0.435156 0.516667 0.422656 0.5125
0 0.404687 0.397222 0.417187 0.398611 0.411719 0.491667 0.399219 0.488889
2 0.407031 0.430556 0.395313 0.440278 0.384375 0.393056 0.396094 0.384722
0 0.383594 0.431944 0.395313 0.431944 0.395313 0.544444 0.383594 0.544444
0 0.392969 0.4625 0.319531 0.523611 0.313281 0.5 0.386719 0.438889
3 0.496875 0.425 0.477344 0.440278 0.472656 0.420833 0.492188 0.405556
2 0.503906 0.445833 0.514062 0.458333 0.497656 0.498611 0.4875 0.484722
1 0.539062 0.459722 0.550781 0.476389 0.504687 0.575 0.492969 0.556944
3 0.502344 0.516667 0.511719 0.530556 0.496094 0.563889 0.486719 0.551389
3 0.523438 0.452778 0.540625 0.452778 0.540625 0.470833 0.523438 0.470833
3 0.530469 0.433333 0.546875 0.433333 0.546875 0.452778 0.530469 0.452778
2 0.535937 0.365278 0.542969 0.376389 0.525 0.413889 0.517969 0.402778
0 0.574219 0.347222 0.528906 0.355556 0.528125 0.334722 0.573438 0.326389
2 0.603125 0.166667 0.614844 0.170833 0.607812 0.227778 0.596094 0.222222
2 0.563281 0.0347222 0.588281 0.0638889 0.578125 0.0888889 0.553125 0.0597222
2 0.666406 0.2 0.655469 0.204167 0.65 0.158333 0.661719 0.154167
2 0.564063 0.309722 0.584375 0.309722 0.584375 0.330556 0.564063 0.330556
2 0.589063 0.261111 0.603125 0.279167 0.595313 0.298611 0.58125 0.280556
2 0.615625 0.270833 0.625 0.272222 0.622656 0.316667 0.613281 0.315278
3 0.622656 0.308333 0.63125 0.323611 0.617188 0.347222 0.608594 0.331944
2 0.477344 0.65 0.490625 0.65 0.490625 0.684722 0.477344 0.684722
2 0.532031 0.551389 0.542188 0.563889 0.527344 0.601389 0.517188 0.588889
2 0.509375 0.618056 0.515625 0.623611 0.504687 0.659722 0.498437 0.652778
0 0.554688 0.5 0.560937 0.513889 0.519531 0.570833 0.514062 0.558333
3 0.542969 0.6125 0.553125 0.626389 0.539844 0.652778 0.530469 0.638889
0 0.603906 0.468056 0.611719 0.477778 0.586719 0.543056 0.578906 0.531944
1 0.584375 0.481944 0.595313 0.490278 0.573438 0.579167 0.563281 0.572222
