2 0.335156 0.727778 0.345313 0.740278 0.328906 0.781944 0.319531 0.769444
2 0.442188 0.891667 0.45 0.908333 0.426563 0.941667 0.41875 0.925
1 0.504687 0.719444 0.520312 0.741667 0.467969 0.855556 0.452344 0.831944
3 0.476562 0.826389 0.488281 0.826389 0.488281 0.872222 0.476562 0.872222
2 0.498437 0.859722 0.488281 0.859722 0.485938 0.804167 0.496875 0.802778
0 0.495312 0.784722 0.505469 0.786111 0.503125 0.897222 0.492969 0.897222
2 0.503125 0.826389 0.515625 0.827778 0.511719 0.888889 0.499219 0.886111
2 0.515625 0.820833 0.504687 0.820833 0.503906 0.769444 0.514844 0.768056
2 0.514062 0.806944 0.525781 0.811111 0.519531 0.868056 0.507812 0.863889
2 0.5125 0.783333 0.542188 0.783333 0.542188 0.806944 0.5125 0.806944
2 0.51875 0.756944 0.547656 0.772222 0.54375 0.794444 0.515625 0.777778
2 0.526563 0.734722 0.552344 0.759722 0.545312 0.780556 0.520312 0.756944
0 0.524219 0.802778 0.535156 0.809722 0.513281 0.916667 0.503125 0.908333
2 0.557813 0.8 0.567969 0.8125 0.550781 0.856944 0.540625 0.844444
2 0.564063 0.875 0.540625 0.911111 0.53125 0.893056 0.555469 0.856944
3 0.567187 0.854167 0.577344 0.873611 0.55625 0.909722 0.546094 0.890278
2 0.582812 0.8 0.615625 0.825 0.610156 0.845833 0.577344 0.822222
2 0.583594 0.752778 0.594531 0.770833 0.570312 0.8125 0.560156 0.793056
0 0.582031 0.777778 0.591406 0.791667 0.550781 0.877778 0.541406 0.8625
3 0.579688 0.729167 0.589063 0.747222 0.56875 0.780556 0.559375 0.763889
3 0.580469 0.698611 0.603125 0.731944 0.592969 0.752778 0.571094 0.719444
2 0.780469 0.875 0.792969 0.898611 0.766406 0.945833 0.753906 0.920833
0 0.901563 0.772222 0.911719 0.790278 0.848437 0.901389 0.8375 0.881944
1 0.727344 0.869444 0.704688 0.883333 0.672656 0.719444 0.694531 0.705556
0 0.778125 0.722222 0.696094 0.743056 0.694531 0.715278 0.776563 0.695833
2 0.791406 0.679167 0.805469 0.693056 0.7875 0.75 0.774219 0.736111
3 0.755469 0.716667 0.785156 0.745833 0.777344 0.769444 0.748437 0.740278
2 0.784375 0.675 0.772656 0.691667 0.752344 0.641667 0.764062 0.626389
2 0.955469 0.523611 0.974219 0.523611 0.974219 0.597222 0.955469 0.597222
2 0.891406 0.541667 0.878125 0.561111 0.853125 0.506944 0.866406 0.4875
0 0.6375 0.647222 0.628906 0.666667 0.572656 0.5875 0.582031 0.568056
2 0.473438 0.733333 0.4625 0.741667 0.45 0.690278 0.460938 0.681944
2 0.489063 0.688889 0.509375 0.719444 0.500781 0.738889 0.480469 0.708333
2 0.474219 0.645833 0.485938 0.65 0.479687 0.702778 0.46875 0.698611
2 0.467187 0.619444 0.496094 0.630556 0.492969 0.651389 0.464844 0.641667
3 0.484375 0.645833 0.50625 0.673611 0.498437 0.693056 0.476562 0.665278
3 0.458594 0.647222 0.472656 0.647222 0.472656 0.697222 0.458594 0.697222
2 0.454688 0.554167 0.475781 0.580556 0.469531 0.595833 0.448437 0.570833
0 0.43125 0.520833 0.444531 0.525 0.432031 0.634722 0.419531 0.629167
0 0.439844 0.509722 0.453906 0.509722 0.453906 0.626389 0.439844 0.626389
0 0.495312 0.509722 0.482812 0.516667 0.464844 0.4125 0.477344 0.405556
2 0.483594 0.380556 0.494531 0.3875 0.485938 0.434722 0.475781 0.429167
0 0.517188 0.441667 0.50625 0.445833 0.496875 0.358333 0.507812 0.354167
0 0.519531 0.381944 0.509375 0.386111 0.496875 0.275 0.507031 0.272222
1 0.4875 0.322222 0.560937 0.3625 0.55625 0.388889 0.482031 0.348611
2 0.585938 0.344444 0.596875 0.363889 0.574219 0.402778 0.564063 0.383333
2 0.571875 0.447222 0.541406 0.448611 0.540625 0.426389 0.571875 0.423611
3 0.571094 0.416667 0.596094 0.416667 0.596094 0.440278 0.571094 0.440278
3 0.630469 0.404167 0.607031 0.433333 0.599219 0.413889 0.622656 0.384722
3 0.619531 0.458333 0.633594 0.465278 0.625 0.511111 0.611719 0.504167
3 0.467969 0.293056 0.455469 0.294444 0.453125 0.252778 0.465625 0.251389
0 0.477344 0.298611 0.465625 0.301389 0.461719 0.195833 0.473438 0.194444
2 0.473438 0.166667 0.484375 0.170833 0.478125 0.220833 0.467187 0.218056
2 0.482031 0.1875 0.503906 0.215278 0.497656 0.231944 0.475781 0.204167
0 0.435156 0.131944 0.474219 0.186111 0.467969 0.2 0.428906 0.145833
2 0.696875 0.563889 0.73125 0.563889 0.73125 0.588889 0.696875 0.588889
1 0.683594 0.529167 0.782031 0.555556 0.778906 0.591667 0.680469 0.565278
2 0.713281 0.525 0.680469 0.543056 0.677344 0.523611 0.710156 0.505556
3 0.710938 0.5 0.688281 0.527778 0.679688 0.505556 0.702344 0.477778
2 0.73125 0.491667 0.753125 0.531944 0.74375 0.547222 0.721875 0.506944
3 0.744531 0.476389 0.759375 0.511111 0.746875 0.527778 0.732031 0.494444
2 0.769531 0.434722 0.735156 0.468056 0.728906 0.447222 0.763281 0.413889
3 0.747656 0.386111 0.719531 0.420833 0.711719 0.4 0.739844 0.365278
2 0.726562 0.369444 0.715625 0.380556 0.7 0.329167 0.710938 0.319444
2 0.684375 0.344444 0.69375 0.359722 0.672656 0.404167 0.663281 0.388889
3 0.671094 0.35 0.692969 0.376389 0.685937 0.393056 0.664062 0.366667
