3 0.482812 0.3625 0.489844 0.3625 0.489844 0.381944 0.482812 0.381944
1 0.552344 0.327778 0.542969 0.331944 0.536719 0.284722 0.546094 0.280556
2 0.555469 0.318056 0.55 0.322222 0.545312 0.297222 0.551562 0.293056
2 0.578125 0.283333 0.582812 0.291667 0.571875 0.313889 0.567187 0.305556
1 0.567969 0.276389 0.576562 0.284722 0.560156 0.333333 0.552344 0.323611
2 0.550781 0.325 0.56875 0.326389 0.567969 0.341667 0.55 0.340278
2 0.542188 0.327778 0.552344 0.331944 0.550781 0.344444 0.540625 0.340278
0 0.533594 0.327778 0.541406 0.329167 0.538281 0.372222 0.53125 0.370833
2 0.596875 0.326389 0.613281 0.330556 0.611719 0.343056 0.596094 0.338889
2 0.61875 0.373611 0.625 0.384722 0.611719 0.406944 0.60625 0.397222
2 0.686719 0.415278 0.678906 0.416667 0.677344 0.386111 0.685156 0.384722
3 0.696875 0.397222 0.689844 0.405556 0.68125 0.381944 0.688281 0.373611
0 0.685937 0.423611 0.677344 0.430556 0.664844 0.372222 0.672656 0.366667
3 0.554688 0.404167 0.572656 0.404167 0.572656 0.422222 0.554688 0.422222
3 0.577344 0.440278 0.567969 0.444444 0.565625 0.419444 0.575 0.416667
2 0.570312 0.444444 0.561719 0.451389 0.55625 0.425 0.564063 0.419444
2 0.523438 0.438889 0.503906 0.445833 0.501563 0.429167 0.521875 0.422222
0 0.50625 0.434722 0.550781 0.4375 0.55 0.451389 0.50625 0.448611
3 0.532031 0.444444 0.54375 0.444444 0.54375 0.470833 0.532031 0.470833
2 0.555469 0.461111 0.563281 0.465278 0.557813 0.495833 0.55 0.490278
2 0.615625 0.4875 0.607031 0.491667 0.603906 0.4625 0.6125 0.459722
2 0.623437 0.469444 0.614844 0.476389 0.607031 0.443056 0.615625 0.436111
2 0.583594 0.509722 0.5625 0.5125 0.561719 0.497222 0.582812 0.493056
2 0.589844 0.494444 0.599219 0.494444 0.599219 0.526389 0.589844 0.526389
3 0.571875 0.506944 0.591406 0.506944 0.591406 0.526389 0.571875 0.526389
3 0.561719 0.518056 0.552344 0.527778 0.545312 0.502778 0.553906 0.493056
3 0.485938 0.477778 0.499219 0.477778 0.499219 0.498611 0.485938 0.498611
3 0.50625 0.508333 0.488281 0.513889 0.485938 0.498611 0.504687 0.491667
2 0.573438 0.516667 0.578906 0.529167 0.565625 0.547222 0.559375 0.534722
2 0.579688 0.522222 0.585156 0.534722 0.571094 0.554167 0.565625 0.541667
0 0.601562 0.508333 0.608594 0.522222 0.578125 0.575 0.571094 0.561111
2 0.567187 0.551389 0.548438 0.572222 0.54375 0.559722 0.561719 0.5375
2 0.511719 0.5125 0.492188 0.530556 0.489063 0.518056 0.507812 0.5
3 0.492188 0.523611 0.509375 0.538889 0.503906 0.555556 0.4875 0.538889
0 0.503906 0.479167 0.54375 0.513889 0.539844 0.525 0.5 0.491667
1 0.50625 0.548611 0.564063 0.580556 0.559375 0.606944 0.501563 0.575
1 0.576562 0.622222 0.513281 0.645833 0.510156 0.613889 0.573438 0.591667
2 0.580469 0.623611 0.55625 0.633333 0.553906 0.615278 0.578125 0.606944
2 0.636719 0.573611 0.627344 0.577778 0.623437 0.544444 0.633594 0.541667
2 0.667969 0.569444 0.673438 0.581944 0.65625 0.608333 0.65 0.595833
2 0.673438 0.576389 0.650781 0.586111 0.648438 0.569444 0.670312 0.559722
0 0.621875 0.523611 0.671094 0.551389 0.667969 0.568056 0.61875 0.541667
2 0.474219 0.636111 0.457031 0.656944 0.453125 0.645833 0.470313 0.623611
2 0.451562 0.708333 0.442969 0.719444 0.430469 0.684722 0.438281 0.675
0 0.339844 0.597222 0.351562 0.598611 0.347656 0.668056 0.335938 0.665278
2 0.447656 0.395833 0.453906 0.406944 0.441406 0.427778 0.435156 0.416667
2 0.451562 0.404167 0.458594 0.409722 0.453906 0.427778 0.446875 0.422222
2 0.473438 0.472222 0.467969 0.479167 0.45625 0.454167 0.461719 0.447222
2 0.440625 0.45 0.455469 0.45 0.455469 0.463889 0.440625 0.463889
