2 0.0546875 0.493056 0.0679687 0.518056 0.0367188 0.572222 0.0234375 0.547222
1 0.120313 0.672222 0.103906 0.705556 0.0242188 0.583333 0.040625 0.55
0 0.158594 0.505556 0.171094 0.523611 0.114844 0.641667 0.103125 0.622222
1 0.171094 0.759722 0.271094 0.769444 0.269531 0.811111 0.170313 0.801389
2 0.2 0.604167 0.189062 0.627778 0.1625 0.590278 0.173437 0.566667
1 0.223438 0.420833 0.24375 0.451389 0.178906 0.583333 0.158594 0.552778
2 0.194531 0.436111 0.209375 0.452778 0.189844 0.509722 0.174219 0.493056
0 0.160156 0.333333 0.0671875 0.344444 0.0664062 0.311111 0.159375 0.301389
2 0.10625 0.263889 0.145313 0.286111 0.139063 0.322222 0.1 0.3
2 0.224219 0.497222 0.240625 0.505556 0.229687 0.568056 0.213281 0.559722
2 0.233594 0.477778 0.264062 0.511111 0.254688 0.538889 0.224219 0.505556
2 0.264062 0.431944 0.24375 0.477778 0.230469 0.459722 0.251563 0.413889
2 0.257031 0.436111 0.267969 0.459722 0.239844 0.5 0.229687 0.475
2 0.285156 0.468056 0.251563 0.494444 0.246875 0.472222 0.279687 0.447222
3 0.289844 0.504167 0.25625 0.513889 0.253906 0.483333 0.2875 0.473611
0 0.315625 0.5375 0.301563 0.5375 0.300781 0.416667 0.314844 0.415278
2 0.305469 0.45 0.285156 0.461111 0.280469 0.431944 0.300781 0.420833
2 0.275781 0.376389 0.307031 0.376389 0.307031 0.402778 0.275781 0.402778
3 0.167187 0.166667 0.200781 0.166667 0.200781 0.197222 0.167187 0.197222
3 0.167969 0.126389 0.200781 0.138889 0.196875 0.170833 0.164844 0.158333
0 0.157812 0.0944444 0.242969 0.156944 0.236719 0.181944 0.151562 0.120833
2 0.166406 0.0791667 0.150781 0.0958333 0.126562 0.0263889 0.142969 0.00833333
3 0.199219 0.05 0.23125 0.0611111 0.227344 0.0944444 0.195312 0.0833333
3 0.24375 0.0333333 0.260937 0.05 0.244531 0.1 0.228125 0.0847222
2 0.294531 0.116667 0.279687 0.127778 0.264062 0.0611111 0.279687 0.05
2 0.317969 0.0763889 0.330469 0.0972222 0.304688 0.148611 0.292187 0.127778
2 0.271875 0.0666667 0.253906 0.075 0.242969 0.00972222 0.260937 0
0 0.55625 0.0555556 0.628125 0.0958333 0.622656 0.125 0.550781 0.0847222
2 0.44375 0.490278 0.450781 0.5125 0.421094 0.538889 0.414844 0.516667
0 0.452344 0.525 0.397656 0.590278 0.390625 0.572222 0.445312 0.505556
3 0.463281 0.5 0.471875 0.515278 0.448437 0.555556 0.439844 0.540278
0 0.460156 0.525 0.471875 0.534722 0.440625 0.654167 0.428906 0.645833
2 0.473438 0.55 0.486719 0.554167 0.482031 0.604167 0.469531 0.6
2 0.475781 0.645833 0.4875 0.647222 0.485156 0.704167 0.473438 0.702778
2 0.521094 0.704167 0.535937 0.713889 0.526563 0.766667 0.511719 0.756944
2 0.523438 0.640278 0.547656 0.669444 0.539844 0.6875 0.516406 0.658333
0 0.513281 0.586111 0.522656 0.595833 0.492969 0.693056 0.482812 0.684722
3 0.50625 0.590278 0.528125 0.618056 0.520312 0.638889 0.497656 0.611111
3 0.527344 0.590278 0.499219 0.6 0.496875 0.577778 0.525 0.568056
2 0.51875 0.572222 0.50625 0.579167 0.496875 0.526389 0.510156 0.519444
0 0.554688 0.6125 0.545312 0.625 0.505469 0.533333 0.515625 0.520833
2 0.550781 0.488889 0.535156 0.494444 0.529687 0.441667 0.544531 0.436111
3 0.521094 0.425 0.534375 0.431944 0.525 0.481944 0.5125 0.475
2 0.573438 0.543056 0.583594 0.551389 0.571094 0.602778 0.560937 0.594444
3 0.5875 0.544444 0.603906 0.575 0.594531 0.591667 0.578125 0.559722
2 0.589844 0.579167 0.599219 0.595833 0.576562 0.633333 0.567969 0.618056
3 0.616406 0.538889 0.602344 0.544444 0.596875 0.5 0.610938 0.494444
1 0.605469 0.552778 0.621875 0.570833 0.578125 0.695833 0.561719 0.676389
0 0.60625 0.597222 0.617188 0.608333 0.589063 0.7 0.578125 0.688889
0 0.632812 0.611111 0.642188 0.623611 0.603125 0.716667 0.59375 0.702778
2 0.641406 0.588889 0.651563 0.591667 0.645312 0.648611 0.634375 0.645833
2 0.632812 0.584722 0.623437 0.594444 0.609375 0.55 0.619531 0.540278
0 0.621094 0.433333 0.632031 0.436111 0.621094 0.545833 0.609375 0.543056
2 0.671094 0.670833 0.646094 0.690278 0.641406 0.669444 0.666406 0.65
2 0.691406 0.597222 0.696875 0.615278 0.671094 0.643056 0.664844 0.623611
2 0.658594 0.555556 0.677344 0.590278 0.66875 0.604167 0.65 0.569444
2 0.666406 0.558333 0.6875 0.593056 0.679688 0.608333 0.658594 0.575
3 0.641406 0.501389 0.65625 0.506944 0.65 0.558333 0.635938 0.554167
2 0.652344 0.515278 0.660937 0.518056 0.655469 0.5625 0.646875 0.559722
0 0.674219 0.533333 0.661719 0.540278 0.642188 0.425 0.653906 0.418056
2 0.717969 0.541667 0.728125 0.547222 0.721094 0.591667 0.710938 0.5875
3 0.699219 0.347222 0.714063 0.347222 0.714063 0.397222 0.699219 0.397222
3 0.703906 0.434722 0.680469 0.443056 0.677344 0.416667 0.701562 0.408333
3 0.721094 0.434722 0.708594 0.443056 0.700781 0.4 0.714063 0.393056
