3 0.504687 0.0708333 0.514062 0.0708333 0.514062 0.101389 0.504687 0.101389
2 0.499219 0.152778 0.516406 0.168056 0.5125 0.180556 0.495312 0.165278
2 0.49375 0.163889 0.510156 0.170833 0.508594 0.186111 0.492188 0.179167
0 0.532813 0.144444 0.538281 0.156944 0.507812 0.202778 0.502344 0.191667
0 0.557813 0.152778 0.553906 0.1625 0.530469 0.127778 0.534375 0.119444
2 0.559375 0.145833 0.576562 0.155556 0.573438 0.170833 0.557031 0.1625
2 0.571094 0.166667 0.578906 0.168056 0.576562 0.2 0.56875 0.198611
2 0.557813 0.170833 0.566406 0.170833 0.566406 0.194444 0.557813 0.194444
3 0.566406 0.188889 0.577344 0.208333 0.570312 0.220833 0.559375 0.201389
3 0.573438 0.209722 0.582031 0.215278 0.576562 0.241667 0.56875 0.2375
2 0.58125 0.211111 0.589844 0.218056 0.582031 0.247222 0.574219 0.241667
2 0.588281 0.218056 0.594531 0.226389 0.584375 0.252778 0.577344 0.245833
3 0.542969 0.226389 0.555469 0.244444 0.549219 0.255556 0.5375 0.2375
2 0.571875 0.244444 0.555469 0.256944 0.552344 0.244444 0.56875 0.231944
3 0.579688 0.265278 0.564844 0.269444 0.563281 0.255556 0.578125 0.25
0 0.55625 0.254167 0.564844 0.255556 0.561719 0.323611 0.553125 0.320833
2 0.579688 0.319444 0.561719 0.327778 0.559375 0.315278 0.577344 0.306944
2 0.585938 0.316667 0.580469 0.319444 0.575 0.290278 0.58125 0.2875
3 0.6125 0.251389 0.623437 0.270833 0.617188 0.283333 0.605469 0.2625
3 0.614062 0.277778 0.630469 0.277778 0.630469 0.293056 0.614062 0.293056
0 0.578906 0.281944 0.617188 0.291667 0.616406 0.302778 0.577344 0.293056
3 0.599219 0.291667 0.613281 0.305556 0.609375 0.319444 0.594531 0.305556
2 0.589063 0.3125 0.60625 0.3125 0.60625 0.325 0.589063 0.325
0 0.621875 0.326389 0.586719 0.338889 0.585156 0.325 0.621094 0.313889
2 0.564063 0.326389 0.58125 0.333333 0.579688 0.347222 0.5625 0.340278
3 0.576562 0.344444 0.594531 0.344444 0.594531 0.358333 0.576562 0.358333
2 0.622656 0.343056 0.604688 0.35 0.603125 0.336111 0.621094 0.329167
0 0.507812 0.313889 0.510938 0.326389 0.475781 0.354167 0.472656 0.340278
2 0.435156 0.322222 0.416406 0.338889 0.413281 0.327778 0.43125 0.309722
2 0.642969 0.284722 0.661719 0.284722 0.661719 0.297222 0.642969 0.297222
2 0.636719 0.273611 0.657031 0.273611 0.657031 0.2875 0.636719 0.2875
3 0.632812 0.263889 0.65 0.263889 0.65 0.277778 0.632812 0.277778
0 0.633594 0.244444 0.666406 0.269444 0.664062 0.280556 0.630469 0.255556
2 0.651563 0.244444 0.670312 0.259722 0.667188 0.273611 0.648438 0.258333
2 0.679688 0.243056 0.696094 0.261111 0.691406 0.275 0.675 0.256944
2 0.6875 0.298611 0.680469 0.305556 0.671094 0.275 0.678906 0.268056
3 0.700781 0.379167 0.691406 0.381944 0.6875 0.351389 0.696875 0.348611
2 0.735938 0.334722 0.744531 0.3375 0.740625 0.372222 0.732031 0.368056
2 0.744531 0.340278 0.752344 0.343056 0.746094 0.375 0.739062 0.372222
3 0.527344 0.305556 0.533594 0.315278 0.522656 0.338889 0.516406 0.327778
2 0.516406 0.327778 0.521875 0.336111 0.508594 0.3625 0.503906 0.355556
2 0.510156 0.354167 0.517188 0.358333 0.511719 0.388889 0.504687 0.383333
0 0.522656 0.359722 0.528125 0.366667 0.502344 0.422222 0.496875 0.413889
3 0.485156 0.411111 0.499219 0.411111 0.499219 0.431944 0.485156 0.431944
0 0.510938 0.405556 0.516406 0.415278 0.486719 0.466667 0.480469 0.456944
2 0.516406 0.390278 0.521094 0.4 0.508594 0.420833 0.503906 0.4125
1 0.549219 0.427778 0.539062 0.440278 0.511719 0.368056 0.521094 0.355556
0 0.555469 0.458333 0.55 0.469444 0.521094 0.415278 0.527344 0.405556
3 0.5625 0.406944 0.549219 0.419444 0.545312 0.406944 0.558594 0.393056
2 0.553125 0.386111 0.557813 0.397222 0.54375 0.413889 0.539062 0.402778
2 0.558594 0.390278 0.546875 0.395833 0.544531 0.383333 0.557031 0.376389
2 0.5375 0.361111 0.55625 0.361111 0.55625 0.375 0.5375 0.375
2 0.565625 0.356944 0.570312 0.366667 0.560156 0.380556 0.555469 0.370833
2 0.565625 0.3875 0.573438 0.3875 0.573438 0.418056 0.565625 0.418056
2 0.571875 0.375 0.578906 0.375 0.578906 0.406944 0.571875 0.406944
2 0.5375 0.479167 0.555469 0.479167 0.555469 0.491667 0.5375 0.491667
2 0.522656 0.536111 0.516406 0.545833 0.503906 0.518056 0.510156 0.509722
0 0.58125 0.459722 0.588281 0.459722 0.588281 0.531944 0.58125 0.531944
0 0.567187 0.465278 0.574219 0.465278 0.574219 0.5375 0.567187 0.5375
0 0.560937 0.4625 0.566406 0.4625 0.566406 0.5375 0.560937 0.5375
1 0.542969 0.531944 0.595313 0.531944 0.595313 0.554167 0.542969 0.554167
1 0.657031 0.561111 0.702344 0.615278 0.69375 0.636111 0.649219 0.581944
2 0.647656 0.543056 0.641406 0.552778 0.628906 0.527778 0.635156 0.518056
3 0.638281 0.491667 0.654687 0.504167 0.650781 0.519444 0.634375 0.506944
0 0.689844 0.194444 0.679688 0.195833 0.675781 0.123611 0.685937 0.122222
2 0.596875 0.172222 0.592187 0.181944 0.582812 0.165278 0.5875 0.156944
1 0.661719 0 0.675 0 0.675 0.0875 0.661719 0.0875
