2 0.367188 0.404167 0.388281 0.425 0.382812 0.441667 0.361719 0.422222
3 0.413281 0.456944 0.420312 0.473611 0.403125 0.498611 0.395313 0.481944
3 0.411719 0.4625 0.394531 0.475 0.390625 0.456944 0.407813 0.444444
0 0.432812 0.444444 0.3875 0.461111 0.385937 0.443056 0.43125 0.426389
2 0.454688 0.323611 0.465625 0.327778 0.459375 0.376389 0.449219 0.373611
2 0.451562 0.369444 0.441406 0.383333 0.425 0.348611 0.435156 0.334722
0 0.40625 0.3 0.454688 0.347222 0.45 0.3625 0.401562 0.315278
2 0.424219 0.261111 0.434375 0.270833 0.421875 0.3125 0.411719 0.301389
2 0.433594 0.348611 0.426563 0.363889 0.405469 0.333333 0.411719 0.318056
3 0.410156 0.348611 0.422656 0.348611 0.422656 0.393056 0.410156 0.393056
0 0.369531 0.302778 0.413281 0.352778 0.407813 0.368056 0.364063 0.316667
3 0.415625 0.398611 0.394531 0.409722 0.391406 0.388889 0.411719 0.377778
2 0.384375 0.573611 0.410156 0.573611 0.410156 0.594444 0.384375 0.594444
0 0.414844 0.568056 0.422656 0.584722 0.38125 0.641667 0.374219 0.625
2 0.364844 0.763889 0.386719 0.786111 0.38125 0.802778 0.359375 0.781944
2 0.395313 0.747222 0.407813 0.752778 0.402344 0.801389 0.389844 0.795833
1 0.403125 0.786111 0.457813 0.848611 0.446875 0.877778 0.392188 0.816667
1 0.566406 0.908333 0.496875 0.933333 0.492969 0.9 0.563281 0.875
2 0.464844 0.740278 0.488281 0.7625 0.480469 0.786111 0.457813 0.7625
0 0.447656 0.709722 0.459375 0.713889 0.446875 0.823611 0.435156 0.818056
2 0.482031 0.670833 0.49375 0.670833 0.49375 0.725 0.482031 0.725
2 0.453125 0.644444 0.464844 0.645833 0.4625 0.694444 0.45 0.691667
1 0.461719 0.619444 0.478906 0.623611 0.469531 0.748611 0.452344 0.744444
2 0.479687 0.654167 0.504687 0.663889 0.502344 0.681944 0.477344 0.672222
2 0.476562 0.595833 0.4875 0.597222 0.484375 0.645833 0.474219 0.643056
2 0.485156 0.611111 0.494531 0.616667 0.486719 0.661111 0.477344 0.656944
2 0.498437 0.604167 0.505469 0.611111 0.494531 0.645833 0.488281 0.638889
3 0.513281 0.633333 0.496875 0.659722 0.488281 0.643056 0.505469 0.616667
0 0.539844 0.651389 0.530469 0.661111 0.5 0.5625 0.510156 0.554167
2 0.50625 0.575 0.514844 0.591667 0.503125 0.611111 0.494531 0.593056
2 0.503125 0.5375 0.508594 0.554167 0.485938 0.575 0.48125 0.556944
0 0.6625 0.673611 0.65 0.676389 0.642969 0.548611 0.655469 0.545833
2 0.685937 0.598611 0.671875 0.608333 0.659375 0.555556 0.673438 0.545833
0 0.627344 0.540278 0.636719 0.55 0.607812 0.644444 0.598437 0.634722
2 0.622656 0.527778 0.632812 0.540278 0.614844 0.5875 0.604688 0.573611
3 0.635938 0.520833 0.650781 0.527778 0.641406 0.579167 0.627344 0.570833
2 0.721875 0.695833 0.707812 0.708333 0.690625 0.652778 0.704688 0.640278
2 0.785937 0.7375 0.771094 0.741667 0.764062 0.676389 0.778906 0.672222
2 0.739844 0.601389 0.778906 0.615278 0.775781 0.641667 0.736719 0.626389
0 0.710156 0.561111 0.724219 0.561111 0.724219 0.684722 0.710156 0.684722
3 0.702344 0.570833 0.728125 0.570833 0.728125 0.601389 0.702344 0.601389
3 0.725 0.548611 0.700781 0.583333 0.691406 0.563889 0.714844 0.527778
2 0.683594 0.498611 0.708594 0.536111 0.699219 0.554167 0.674219 0.518056
0 0.689063 0.491667 0.7625 0.547222 0.75625 0.572222 0.683594 0.516667
3 0.684375 0.454167 0.669531 0.455556 0.666406 0.401389 0.68125 0.398611
2 0.689063 0.393056 0.713281 0.436111 0.703906 0.452778 0.680469 0.408333
2 0.782813 0.526389 0.765625 0.529167 0.761719 0.465278 0.778906 0.4625
2 0.8 0.481944 0.813281 0.494444 0.795312 0.551389 0.782813 0.5375
3 0.774219 0.445833 0.80625 0.463889 0.800781 0.490278 0.769531 0.473611
1 0.8 0.441667 0.825 0.443056 0.823438 0.613889 0.799219 0.613889
0 0.821094 0.483333 0.838281 0.483333 0.838281 0.615278 0.821094 0.615278
0 0.860156 0.472222 0.876563 0.475 0.867969 0.622222 0.851562 0.619444
2 0.8125 0.411111 0.850781 0.440278 0.844531 0.465278 0.80625 0.436111
3 0.780469 0.376389 0.805469 0.413889 0.794531 0.436111 0.769531 0.398611
0 0.817187 0.411111 0.803906 0.422222 0.771875 0.306944 0.785937 0.294444
0 0.801562 0.25 0.875 0.330556 0.865625 0.356944 0.791406 0.277778
3 0.860156 0.166667 0.873437 0.186111 0.848437 0.240278 0.835156 0.219444
0 0.671094 0.0430556 0.6 0.102778 0.592969 0.0777778 0.664062 0.0180556
3 0.845313 0.0972222 0.86875 0.140278 0.855469 0.1625 0.832031 0.120833
3 0.86875 0.1375 0.896875 0.172222 0.885938 0.198611 0.858594 0.165278
2 0.984375 0.341667 0.965625 0.355556 0.949219 0.290278 0.967969 0.275
3 0.857812 0.391667 0.840625 0.401389 0.83125 0.347222 0.848437 0.3375
2 0.869531 0.394444 0.853125 0.401389 0.846094 0.338889 0.8625 0.333333
2 0.883594 0.375 0.925 0.381944 0.924219 0.408333 0.882031 0.401389
2 0.871875 0.380556 0.914062 0.395833 0.910156 0.425 0.86875 0.409722
2 0.942187 0.384722 0.954688 0.4 0.928906 0.465278 0.916406 0.45
2 0.892969 0.494444 0.875781 0.504167 0.864844 0.438889 0.882031 0.429167
2 0.93125 0.472222 0.944531 0.497222 0.914844 0.548611 0.901563 0.523611
