2 0.289844 0.4375 0.299219 0.45 0.285156 0.486111 0.275781 0.473611
2 0.294531 0.581944 0.270313 0.6 0.265625 0.583333 0.290625 0.563889
2 0.272656 0.5875 0.277344 0.601389 0.259375 0.622222 0.253906 0.608333
2 0.322656 0.625 0.332813 0.625 0.332813 0.658333 0.322656 0.658333
2 0.335938 0.584722 0.353125 0.601389 0.348438 0.615278 0.33125 0.598611
0 0.379688 0.502778 0.3875 0.511111 0.364844 0.584722 0.357031 0.576389
0 0.388281 0.568056 0.397656 0.575 0.380469 0.644444 0.371875 0.6375
3 0.414844 0.491667 0.433594 0.491667 0.433594 0.508333 0.414844 0.508333
3 0.386719 0.466667 0.39375 0.466667 0.39375 0.5 0.386719 0.5
2 0.401562 0.483333 0.378125 0.497222 0.375 0.479167 0.398438 0.465278
2 0.467969 0.563889 0.485156 0.563889 0.485156 0.576389 0.467969 0.576389
2 0.467187 0.575 0.484375 0.575 0.484375 0.586111 0.467187 0.586111
2 0.486719 0.5125 0.492969 0.5125 0.492969 0.541667 0.486719 0.541667
2 0.475 0.623611 0.482812 0.623611 0.482812 0.648611 0.475 0.648611
3 0.502344 0.530556 0.509375 0.5375 0.501563 0.561111 0.494531 0.554167
3 0.497656 0.463889 0.50625 0.463889 0.50625 0.490278 0.497656 0.490278
2 0.589063 0.373611 0.594531 0.380556 0.583594 0.411111 0.577344 0.402778
3 0.559375 0.415278 0.578906 0.415278 0.578906 0.436111 0.559375 0.436111
3 0.592187 0.345833 0.596875 0.361111 0.580469 0.376389 0.575 0.361111
2 0.573438 0.358333 0.582812 0.376389 0.577344 0.386111 0.567187 0.369444
3 0.585156 0.334722 0.589844 0.347222 0.575 0.3625 0.570312 0.351389
2 0.514844 0.419444 0.530469 0.438889 0.525 0.45 0.509375 0.431944
2 0.523438 0.445833 0.528906 0.451389 0.521094 0.476389 0.515625 0.472222
2 0.542188 0.438889 0.548438 0.444444 0.539062 0.476389 0.532813 0.469444
2 0.582031 0.445833 0.564063 0.448611 0.563281 0.436111 0.58125 0.433333
0 0.592187 0.422222 0.596094 0.433333 0.559375 0.476389 0.554688 0.465278
3 0.55625 0.452778 0.560937 0.4625 0.547656 0.481944 0.54375 0.470833
2 0.532031 0.525 0.527344 0.533333 0.516406 0.515278 0.521094 0.506944
0 0.515625 0.611111 0.508594 0.6125 0.505469 0.555556 0.5125 0.554167
1 0.508594 0.643056 0.498437 0.651389 0.480469 0.591667 0.490625 0.581944
2 0.592187 0.545833 0.575 0.548611 0.573438 0.534722 0.591406 0.531944
2 0.585156 0.551389 0.599219 0.551389 0.599219 0.565278 0.585156 0.565278
0 0.692969 0.3625 0.696875 0.370833 0.666406 0.4125 0.663281 0.405556
1 0.638281 0.477778 0.667188 0.4875 0.664844 0.506944 0.635938 0.497222
