0 0.674219 0.269444 0.577344 0.281944 0.576562 0.252778 0.673438 0.240278
0 0.664844 0.252778 0.566406 0.258333 0.566406 0.226389 0.664844 0.222222
0 0.760156 0.273611 0.85625 0.308333 0.853125 0.338889 0.75625 0.302778
0 0.928906 0.151389 0.944531 0.170833 0.884375 0.325 0.869531 0.306944
3 0.948438 0.166667 0.964844 0.191667 0.933594 0.255556 0.917969 0.231944
3 0.605469 0.0361111 0.621875 0.0486111 0.607031 0.111111 0.590625 0.0972222
3 0.645312 0.169444 0.626563 0.186111 0.608594 0.118056 0.627344 0.102778
3 0.6625 0.154167 0.645312 0.170833 0.627344 0.1125 0.645312 0.0958333
2 0.61875 0.0694444 0.658594 0.0694444 0.658594 0.102778 0.61875 0.102778
2 0.710938 0.0138889 0.724219 0.0388889 0.696875 0.0861111 0.683594 0.0611111
0 0.69375 0.263889 0.677344 0.268056 0.667188 0.0902778 0.684375 0.0875
3 0.705469 0.244444 0.739062 0.244444 0.739062 0.275 0.705469 0.275
3 0.728125 0.227778 0.692187 0.255556 0.685156 0.225 0.721094 0.197222
2 0.724219 0.215278 0.760156 0.241667 0.753125 0.269444 0.717187 0.241667
3 0.735938 0.181944 0.766406 0.225 0.754687 0.251389 0.725 0.208333
2 0.819531 0.159722 0.838281 0.169444 0.825781 0.243056 0.807031 0.234722
2 0.780469 0.190278 0.815625 0.229167 0.804688 0.259722 0.769531 0.222222
2 0.783594 0.154167 0.815625 0.201389 0.801562 0.229167 0.770312 0.181944
2 0.757812 0.148611 0.777344 0.148611 0.777344 0.222222 0.757812 0.222222
2 0.761719 0.177778 0.742188 0.1875 0.728906 0.111111 0.748437 0.1
2 0.777344 0.138889 0.759375 0.161111 0.734375 0.0944444 0.751563 0.0736111
3 0.733594 0.147222 0.716406 0.166667 0.69375 0.108333 0.710938 0.0888889
3 0.714844 0.0458333 0.736719 0.0458333 0.736719 0.119444 0.714844 0.119444
2 0.908594 0.125 0.921094 0.154167 0.882031 0.208333 0.869531 0.177778
3 0.932813 0.0569444 0.957031 0.0569444 0.957031 0.126389 0.932813 0.126389
0 0.807813 0.166667 0.794531 0.1875 0.732812 0.0569444 0.746094 0.0361111
3 0.80625 0.111111 0.789062 0.138889 0.763281 0.0833333 0.780469 0.0569444
3 0.778906 0.0291667 0.825 0.0291667 0.825 0.0680556 0.778906 0.0680556
3 0.798438 0 0.83125 0 0.83125 0.025 0.798438 0.025
