3 0.619531 0.265278 0.638281 0.268056 0.636719 0.284722 0.61875 0.281944
3 0.649219 0.272222 0.634375 0.276389 0.632812 0.259722 0.648438 0.255556
2 0.609375 0.255556 0.614062 0.265278 0.599219 0.286111 0.595313 0.275
2 0.638281 0.325 0.646094 0.326389 0.644531 0.355556 0.636719 0.352778
3 0.682813 0.373611 0.692969 0.381944 0.686719 0.408333 0.676562 0.4
2 0.490625 0.311111 0.496875 0.3125 0.495312 0.341667 0.489063 0.340278
3 0.585156 0.338889 0.571094 0.356944 0.565625 0.341667 0.579688 0.325
2 0.58125 0.343056 0.6 0.345833 0.599219 0.3625 0.580469 0.359722
2 0.598437 0.372222 0.592969 0.380556 0.582031 0.3625 0.5875 0.352778
2 0.582812 0.372222 0.603125 0.372222 0.603125 0.3875 0.582812 0.3875
3 0.524219 0.361111 0.5375 0.376389 0.53125 0.390278 0.51875 0.375
3 0.517188 0.405556 0.509375 0.406944 0.508594 0.377778 0.516406 0.376389
2 0.539062 0.375 0.546875 0.377778 0.54375 0.402778 0.535937 0.4
1 0.4875 0.395833 0.524219 0.415278 0.521094 0.430556 0.484375 0.411111
1 0.628125 0.477778 0.616406 0.4875 0.595313 0.413889 0.607031 0.404167
2 0.6125 0.423611 0.621875 0.423611 0.621875 0.451389 0.6125 0.451389
2 0.583594 0.409722 0.589063 0.423611 0.571875 0.441667 0.567187 0.427778
2 0.549219 0.418056 0.565625 0.418056 0.565625 0.436111 0.549219 0.436111
2 0.563281 0.440278 0.585938 0.440278 0.585938 0.456944 0.563281 0.456944
2 0.544531 0.426389 0.550781 0.4375 0.542188 0.451389 0.536719 0.440278
0 0.567969 0.444444 0.575781 0.456944 0.553906 0.494444 0.546875 0.480556
3 0.520312 0.420833 0.535156 0.427778 0.532813 0.440278 0.517969 0.433333
0 0.496094 0.431944 0.532031 0.440278 0.530469 0.452778 0.495312 0.443056
2 0.610938 0.497222 0.621094 0.498611 0.61875 0.530556 0.608594 0.529167
2 0.520312 0.488889 0.5375 0.495833 0.535937 0.511111 0.51875 0.505556
3 0.514062 0.504167 0.520312 0.511111 0.511719 0.531944 0.505469 0.525
0 0.498437 0.466667 0.533594 0.509722 0.529687 0.519444 0.494531 0.475
0 0.511719 0.494444 0.517188 0.501389 0.5 0.545833 0.495312 0.538889
0 0.466406 0.505556 0.496875 0.534722 0.49375 0.544444 0.464062 0.513889
3 0.475 0.508333 0.458594 0.513889 0.457031 0.501389 0.474219 0.494444
2 0.478125 0.493056 0.460156 0.505556 0.457813 0.494444 0.475 0.480556
0 0.372656 0.606944 0.365625 0.618056 0.339844 0.572222 0.346875 0.559722
2 0.425781 0.6125 0.41875 0.623611 0.407031 0.598611 0.414844 0.5875
2 0.36875 0.634722 0.392188 0.643056 0.389844 0.663889 0.366406 0.655556
0 0.341406 0.595833 0.350781 0.597222 0.346875 0.668056 0.336719 0.665278
3 0.435937 0.566667 0.429688 0.572222 0.423438 0.547222 0.430469 0.541667
1 0.441406 0.55 0.455469 0.55 0.455469 0.634722 0.441406 0.634722
2 0.482812 0.623611 0.475 0.626389 0.470313 0.586111 0.478906 0.583333
2 0.472656 0.626389 0.467187 0.636111 0.452344 0.611111 0.458594 0.6
2 0.5125 0.604167 0.505469 0.613889 0.492969 0.580556 0.500781 0.572222
1 0.474219 0.65 0.414844 0.7 0.407031 0.670833 0.466406 0.619444
2 0.424219 0.755556 0.414844 0.766667 0.401562 0.727778 0.410938 0.716667
3 0.417969 0.719444 0.40625 0.730556 0.397656 0.7 0.409375 0.688889
3 0.561719 0.555556 0.573438 0.5625 0.567187 0.595833 0.55625 0.588889
0 0.615625 0.570833 0.626563 0.570833 0.626563 0.625 0.615625 0.625
2 0.691406 0.565278 0.7 0.576389 0.685937 0.604167 0.678125 0.593056
0 0.689844 0.5125 0.735938 0.541667 0.732812 0.556944 0.686719 0.529167
2 0.720313 0.526389 0.746094 0.536111 0.74375 0.554167 0.717969 0.543056
3 0.713281 0.5125 0.733594 0.519444 0.73125 0.536111 0.711719 0.529167
