0 0.403125 0.547222 0.411719 0.547222 0.411719 0.6 0.403125 0.6
2 0.507031 0.645833 0.499219 0.656944 0.4875 0.629167 0.494531 0.619444
2 0.521094 0.602778 0.508594 0.615278 0.505469 0.604167 0.517969 0.591667
2 0.683594 0.593056 0.688281 0.605556 0.673438 0.620833 0.669531 0.609722
2 0.591406 0.602778 0.6125 0.602778 0.6125 0.618056 0.591406 0.618056
1 0.607031 0.6125 0.555469 0.613889 0.554688 0.588889 0.607031 0.5875
1 0.546875 0.545833 0.596875 0.579167 0.592969 0.598611 0.542188 0.566667
2 0.65625 0.590278 0.649219 0.595833 0.644531 0.572222 0.651563 0.568056
0 0.64375 0.559722 0.683594 0.584722 0.682031 0.595833 0.641406 0.572222
0 0.623437 0.538889 0.628906 0.551389 0.60625 0.581944 0.601562 0.570833
2 0.59375 0.551389 0.596875 0.563889 0.582031 0.576389 0.578906 0.563889
2 0.615625 0.529167 0.621875 0.530556 0.621094 0.55 0.615625 0.55
2 0.607812 0.544444 0.611719 0.556944 0.599219 0.569444 0.595313 0.558333
2 0.600781 0.538889 0.603906 0.548611 0.596094 0.559722 0.592187 0.551389
2 0.591406 0.525 0.609375 0.525 0.609375 0.538889 0.591406 0.538889
2 0.634375 0.527778 0.628125 0.533333 0.622656 0.511111 0.628906 0.506944
3 0.602344 0.5375 0.617969 0.5375 0.617969 0.55 0.602344 0.55
2 0.639844 0.516667 0.633594 0.523611 0.625 0.502778 0.632031 0.494444
0 0.688281 0.501389 0.68125 0.508333 0.66875 0.466667 0.675781 0.459722
3 0.696094 0.484722 0.689844 0.490278 0.684375 0.473611 0.691406 0.466667
2 0.682031 0.475 0.6875 0.475 0.6875 0.493056 0.682031 0.493056
2 0.634375 0.455556 0.636719 0.465278 0.625781 0.475 0.622656 0.465278
3 0.592969 0.476389 0.6 0.476389 0.6 0.493056 0.592969 0.493056
2 0.583594 0.498611 0.590625 0.502778 0.585938 0.523611 0.578906 0.519444
3 0.579688 0.523611 0.589844 0.523611 0.589844 0.538889 0.579688 0.538889
0 0.540625 0.498611 0.574219 0.531944 0.571094 0.543056 0.536719 0.509722
2 0.549219 0.529167 0.53125 0.536111 0.529687 0.519444 0.547656 0.513889
3 0.529687 0.533333 0.545312 0.533333 0.545312 0.552778 0.529687 0.552778
3 0.526563 0.511111 0.542969 0.511111 0.542969 0.523611 0.526563 0.523611
3 0.524219 0.498611 0.539062 0.498611 0.539062 0.513889 0.524219 0.513889
2 0.516406 0.481944 0.510938 0.491667 0.500781 0.470833 0.507031 0.4625
2 0.488281 0.430556 0.490625 0.440278 0.478906 0.452778 0.475781 0.441667
3 0.563281 0.484722 0.571875 0.484722 0.571875 0.505556 0.563281 0.505556
2 0.594531 0.488889 0.589063 0.498611 0.580469 0.480556 0.585938 0.470833
3 0.582812 0.461111 0.595313 0.461111 0.595313 0.476389 0.582812 0.476389
3 0.535156 0.466667 0.553906 0.466667 0.553906 0.477778 0.535156 0.477778
0 0.558594 0.402778 0.564844 0.402778 0.564844 0.433333 0.558594 0.433333
2 0.565625 0.404167 0.575781 0.411111 0.572656 0.422222 0.563281 0.413889
2 0.572656 0.404167 0.588281 0.409722 0.586719 0.422222 0.571094 0.415278
1 0.571875 0.406944 0.565625 0.411111 0.557031 0.376389 0.564063 0.372222
1 0.584375 0.373611 0.592187 0.381944 0.582031 0.4125 0.575 0.405556
2 0.592969 0.381944 0.596875 0.388889 0.589063 0.404167 0.584375 0.395833
