2 0.413281 0.806944 0.424219 0.808333 0.421875 0.856944 0.410938 0.854167
2 0.40625 0.776389 0.417187 0.777778 0.414844 0.825 0.403125 0.822222
2 0.482031 0.761111 0.504687 0.783333 0.499219 0.801389 0.476562 0.779167
2 0.484375 0.734722 0.460156 0.747222 0.45625 0.729167 0.48125 0.716667
2 0.351562 0.731944 0.342187 0.740278 0.330469 0.702778 0.339844 0.694444
0 0.474219 0.681944 0.464844 0.694444 0.430469 0.613889 0.439844 0.601389
0 0.538281 0.704167 0.530469 0.715278 0.49375 0.6375 0.501563 0.627778
0 0.529687 0.558333 0.475 0.593056 0.471875 0.576389 0.526563 0.541667
3 0.459375 0.516667 0.469531 0.529167 0.458594 0.556944 0.448437 0.544444
2 0.416406 0.568056 0.426563 0.572222 0.421875 0.6125 0.4125 0.609722
3 0.409375 0.580556 0.430469 0.580556 0.430469 0.598611 0.409375 0.598611
2 0.590625 0.461111 0.599219 0.473611 0.582812 0.508333 0.574219 0.495833
2 0.580469 0.452778 0.589063 0.466667 0.571875 0.501389 0.564063 0.488889
2 0.536719 0.413889 0.560937 0.427778 0.557813 0.445833 0.533594 0.433333
3 0.5 0.368056 0.521875 0.384722 0.517188 0.402778 0.495312 0.386111
3 0.576562 0.3875 0.590625 0.418056 0.58125 0.431944 0.567187 0.4
1 0.670312 0.455556 0.6 0.470833 0.597656 0.443056 0.66875 0.427778
2 0.642188 0.505556 0.660156 0.505556 0.660156 0.523611 0.642188 0.523611
3 0.610938 0.384722 0.621875 0.388889 0.617188 0.430556 0.60625 0.426389
0 0.601562 0.394444 0.653125 0.413889 0.651563 0.430556 0.599219 0.4125
3 0.648438 0.386111 0.640625 0.402778 0.623437 0.377778 0.63125 0.3625
3 0.63125 0.330556 0.642969 0.330556 0.642969 0.365278 0.63125 0.365278
2 0.648438 0.418056 0.640625 0.429167 0.623437 0.394444 0.63125 0.381944
2 0.635156 0.313889 0.660937 0.313889 0.660937 0.333333 0.635156 0.333333
2 0.610938 0.308333 0.633594 0.333333 0.627344 0.348611 0.605469 0.323611
2 0.595313 0.351389 0.569531 0.361111 0.567969 0.344444 0.59375 0.334722
2 0.592969 0.330556 0.582031 0.343056 0.56875 0.305556 0.578906 0.293056
0 0.611719 0.347222 0.603906 0.359722 0.575781 0.3 0.582812 0.288889
2 0.580469 0.290278 0.560156 0.318056 0.554688 0.304167 0.575 0.276389
3 0.5625 0.284722 0.551562 0.293056 0.542188 0.251389 0.553125 0.243056
0 0.553906 0.338889 0.545312 0.341667 0.533594 0.2375 0.542188 0.234722
2 0.542969 0.297222 0.535156 0.308333 0.520312 0.272222 0.528125 0.261111
2 0.550781 0.351389 0.544531 0.363889 0.525781 0.334722 0.532031 0.322222
2 0.526563 0.301389 0.535156 0.308333 0.523438 0.345833 0.515625 0.3375
3 0.508594 0.283333 0.528125 0.306944 0.521094 0.323611 0.502344 0.301389
2 0.507031 0.313889 0.496875 0.316667 0.492188 0.272222 0.502344 0.269444
3 0.494531 0.247222 0.516406 0.247222 0.516406 0.268056 0.494531 0.268056
2 0.495312 0.306944 0.501563 0.325 0.48125 0.347222 0.475 0.329167
2 0.551562 0.183333 0.563281 0.191667 0.553125 0.234722 0.541406 0.226389
2 0.525781 0.177778 0.538281 0.183333 0.532813 0.230556 0.520312 0.226389
2 0.528906 0.172222 0.519531 0.183333 0.505469 0.147222 0.514844 0.136111
2 0.501563 0.184722 0.476562 0.198611 0.472656 0.180556 0.497656 0.166667
3 0.492188 0.175 0.48125 0.176389 0.479687 0.130556 0.490625 0.129167
0 0.49375 0.284722 0.482031 0.291667 0.461719 0.194444 0.473438 0.186111
0 0.575 0.251389 0.564063 0.254167 0.555469 0.147222 0.566406 0.144444
3 0.735156 0.304167 0.7125 0.326389 0.707812 0.308333 0.729688 0.286111
0 0.696875 0.216667 0.707812 0.216667 0.707812 0.323611 0.696875 0.323611
0 0.741406 0.2125 0.682031 0.220833 0.682031 0.204167 0.740625 0.195833
2 0.685156 0.181944 0.694531 0.193056 0.678125 0.234722 0.66875 0.223611
3 0.638281 0.215278 0.657031 0.2375 0.650781 0.255556 0.632031 0.231944
2 0.600781 0.0875 0.608594 0.101389 0.588281 0.136111 0.580469 0.122222
1 0.801562 0.0722222 0.724219 0.108333 0.71875 0.0694444 0.796094 0.0333333
