3 0.167969 0.470833 0.159375 0.4875 0.153125 0.476389 0.1625 0.461111
2 0.163281 0.458333 0.179688 0.458333 0.179688 0.470833 0.163281 0.470833
2 0.204687 0.438889 0.217188 0.438889 0.217188 0.452778 0.204687 0.452778
2 0.232813 0.431944 0.246094 0.434722 0.245312 0.445833 0.232031 0.443056
0 0.207031 0.415278 0.178906 0.429167 0.177344 0.419444 0.204687 0.405556
0 0.229687 0.397222 0.235937 0.4 0.232031 0.434722 0.225781 0.431944
2 0.236719 0.404167 0.242188 0.4125 0.235156 0.427778 0.230469 0.419444
2 0.303125 0.395833 0.307812 0.404167 0.297656 0.420833 0.292969 0.413889
1 0.359375 0.372222 0.36875 0.380556 0.353906 0.431944 0.344531 0.422222
2 0.349219 0.430556 0.335156 0.440278 0.332031 0.430556 0.346875 0.419444
1 0.357031 0.366667 0.361719 0.380556 0.327344 0.420833 0.322656 0.405556
2 0.411719 0.418056 0.426563 0.427778 0.423438 0.440278 0.409375 0.430556
3 0.292187 0.405556 0.296875 0.4125 0.290625 0.426389 0.285156 0.419444
2 0.465625 0.473611 0.459375 0.481944 0.451562 0.461111 0.457813 0.454167
2 0.375 0.538889 0.367969 0.541667 0.364063 0.522222 0.371094 0.519444
2 0.317188 0.472222 0.302344 0.483333 0.299219 0.472222 0.314844 0.461111
2 0.335156 0.459722 0.33125 0.468056 0.321875 0.454167 0.325781 0.445833
3 0.307812 0.441667 0.317969 0.441667 0.317969 0.455556 0.307812 0.455556
0 0.307031 0.448611 0.330469 0.461111 0.328125 0.472222 0.304688 0.459722
0 0.426563 0.525 0.389062 0.526389 0.388281 0.513889 0.425781 0.5125
3 0.402344 0.498611 0.417187 0.498611 0.417187 0.511111 0.402344 0.511111
0 0.39375 0.506944 0.432031 0.509722 0.43125 0.519444 0.39375 0.516667
2 0.380469 0.5375 0.391406 0.552778 0.385937 0.5625 0.375781 0.547222
3 0.394531 0.551389 0.402344 0.565278 0.390625 0.584722 0.383594 0.570833
2 0.353906 0.608333 0.373437 0.615278 0.371094 0.630556 0.352344 0.623611
2 0.391406 0.729167 0.400781 0.729167 0.400781 0.766667 0.391406 0.766667
2 0.336719 0.670833 0.34375 0.683333 0.328125 0.711111 0.321094 0.698611
0 0.339062 0.613889 0.345313 0.623611 0.322656 0.679167 0.315625 0.670833
0 0.294531 0.669444 0.325781 0.688889 0.322656 0.702778 0.291406 0.683333
3 0.307812 0.659722 0.320312 0.675 0.315625 0.6875 0.303125 0.672222
0 0.334375 0.556944 0.342187 0.568056 0.320312 0.618056 0.3125 0.608333
2 0.288281 0.708333 0.271094 0.723611 0.266406 0.708333 0.283594 0.691667
3 0.251563 0.709722 0.264062 0.709722 0.264062 0.731944 0.251563 0.731944
0 0.235156 0.7 0.270313 0.7 0.270313 0.713889 0.235156 0.713889
3 0.217969 0.713889 0.222656 0.727778 0.204687 0.748611 0.2 0.734722
3 0.1875 0.7375 0.170313 0.743056 0.16875 0.726389 0.185156 0.720833
2 0.1375 0.747222 0.158594 0.747222 0.158594 0.766667 0.1375 0.766667
2 0.170313 0.741667 0.1625 0.744444 0.158594 0.715278 0.166406 0.7125
0 0.21875 0.715278 0.18125 0.745833 0.178125 0.733333 0.215625 0.701389
2 0.213281 0.691667 0.228125 0.691667 0.228125 0.706944 0.213281 0.706944
3 0.230469 0.654167 0.240625 0.654167 0.240625 0.677778 0.230469 0.677778
1 0.290625 0.593056 0.299219 0.611111 0.258594 0.669444 0.25 0.65
2 0.255469 0.594444 0.271875 0.594444 0.271875 0.609722 0.255469 0.609722
2 0.260156 0.605556 0.25625 0.616667 0.24375 0.601389 0.247656 0.591667
3 0.259375 0.629167 0.264844 0.636111 0.257031 0.654167 0.251563 0.645833
1 0.214062 0.576389 0.221875 0.590278 0.189844 0.65 0.182031 0.636111
3 0.207813 0.576389 0.213281 0.584722 0.203125 0.605556 0.197656 0.597222
0 0.15 0.55 0.185156 0.55 0.185156 0.5625 0.15 0.5625
2 0.213281 0.520833 0.219531 0.525 0.215625 0.547222 0.209375 0.543056
2 0.217969 0.513889 0.226562 0.513889 0.226562 0.536111 0.217969 0.536111
3 0.226562 0.55 0.230469 0.558333 0.216406 0.575 0.2125 0.565278
2 0.257031 0.547222 0.264844 0.552778 0.259375 0.575 0.251563 0.570833
3 0.242969 0.519444 0.255469 0.519444 0.255469 0.534722 0.242969 0.534722
3 0.28125 0.547222 0.2875 0.552778 0.28125 0.569444 0.275 0.563889
0 0.292187 0.540278 0.299219 0.548611 0.280469 0.598611 0.273438 0.590278
2 0.275 0.494444 0.258594 0.5 0.257812 0.488889 0.274219 0.483333
2 0.265625 0.490278 0.270313 0.498611 0.260937 0.513889 0.25625 0.505556
0 0.248438 0.823611 0.257031 0.8375 0.223438 0.904167 0.214844 0.890278
