2 0.5875 0.343056 0.575781 0.366667 0.54375 0.311111 0.55625 0.288889
0 0.617969 0.4125 0.607812 0.438889 0.539844 0.359722 0.55 0.334722
2 0.486719 0.195833 0.50625 0.195833 0.50625 0.233333 0.486719 0.233333
0 0.480469 0.218056 0.514844 0.223611 0.5125 0.258333 0.478125 0.251389
2 0.453906 0.211111 0.439844 0.236111 0.41875 0.2 0.432812 0.175
3 0.472656 0.169444 0.460156 0.198611 0.428906 0.154167 0.441406 0.126389
2 0.429688 0.227778 0.45625 0.248611 0.45 0.272222 0.423438 0.252778
2 0.697656 0.5875 0.723437 0.601389 0.71875 0.626389 0.692969 0.6125
3 0.678125 0.568056 0.698438 0.5875 0.692969 0.604167 0.672656 0.584722
1 0.678125 0.570833 0.666406 0.594444 0.623437 0.526389 0.635156 0.502778
2 0.59375 0.475 0.623437 0.486111 0.621094 0.501389 0.592187 0.490278
2 0.60625 0.494444 0.630469 0.498611 0.629687 0.511111 0.605469 0.505556
2 0.582812 0.448611 0.607812 0.455556 0.60625 0.475 0.58125 0.468056
3 0.56875 0.3875 0.59375 0.413889 0.585156 0.438889 0.560156 0.4125
1 0.575 0.458333 0.628906 0.511111 0.622656 0.530556 0.569531 0.477778
0 0.597656 0.520833 0.6375 0.559722 0.63125 0.579167 0.591406 0.540278
0 0.615625 0.519444 0.654687 0.558333 0.649219 0.575 0.610156 0.5375
1 0.426563 0.25 0.475781 0.268056 0.471875 0.297222 0.423438 0.279167
3 0.420312 0.220833 0.414062 0.233333 0.392969 0.195833 0.399219 0.184722
