0 0.464844 0.470833 0.474219 0.483333 0.451562 0.541667 0.442188 0.529167
2 0.366406 0.480556 0.346875 0.486111 0.344531 0.466667 0.364063 0.459722
2 0.375781 0.451389 0.36875 0.4625 0.357031 0.438889 0.364063 0.427778
3 0.390625 0.448611 0.375781 0.458333 0.372656 0.441667 0.388281 0.433333
3 0.415625 0.413889 0.422656 0.426389 0.411719 0.445833 0.404687 0.433333
3 0.45 0.4 0.464062 0.4 0.464062 0.416667 0.45 0.416667
2 0.478125 0.375 0.483594 0.388889 0.46875 0.408333 0.463281 0.395833
3 0.410156 0.401389 0.424219 0.401389 0.424219 0.413889 0.410156 0.413889
3 0.423438 0.370833 0.43125 0.370833 0.43125 0.393056 0.423438 0.393056
0 0.436719 0.379167 0.430469 0.386111 0.41875 0.347222 0.425 0.341667
1 0.469531 0.309722 0.478125 0.323611 0.447656 0.377778 0.439844 0.363889
2 0.425781 0.327778 0.439844 0.331944 0.438281 0.344444 0.424219 0.340278
2 0.451562 0.334722 0.434375 0.338889 0.433594 0.325 0.450781 0.320833
2 0.428906 0.295833 0.435937 0.295833 0.434375 0.318056 0.427344 0.318056
3 0.453125 0.284722 0.459375 0.2875 0.457031 0.306944 0.450781 0.304167
0 0.4625 0.276389 0.469531 0.283333 0.457031 0.323611 0.450781 0.316667
2 0.608594 0.379167 0.601562 0.3875 0.592187 0.359722 0.6 0.352778
2 0.528125 0.340278 0.535156 0.348611 0.526563 0.373611 0.51875 0.363889
2 0.535937 0.293056 0.55625 0.293056 0.55625 0.309722 0.535937 0.309722
0 0.520312 0.368056 0.485938 0.372222 0.485156 0.359722 0.519531 0.356944
3 0.496875 0.345833 0.510156 0.352778 0.507812 0.366667 0.494531 0.358333
0 0.521875 0.305556 0.529687 0.313889 0.514062 0.359722 0.507031 0.352778
0 0.507031 0.268056 0.514062 0.275 0.5 0.322222 0.492969 0.313889
1 0.394531 0.330556 0.401562 0.341667 0.378906 0.390278 0.371094 0.379167
3 0.316406 0.284722 0.330469 0.284722 0.330469 0.3 0.316406 0.3
2 0.382031 0.295833 0.388281 0.295833 0.388281 0.318056 0.382031 0.318056
3 0.389844 0.333333 0.392969 0.340278 0.385156 0.356944 0.382031 0.35
3 0.426563 0.255556 0.433594 0.2625 0.428906 0.277778 0.421875 0.272222
2 0.396094 0.302778 0.391406 0.309722 0.385156 0.294444 0.389844 0.2875
3 0.410938 0.283333 0.425 0.283333 0.425 0.297222 0.410938 0.297222
2 0.360938 0.247222 0.374219 0.247222 0.374219 0.259722 0.360938 0.259722
2 0.388281 0.230556 0.401562 0.230556 0.401562 0.243056 0.388281 0.243056
0 0.385937 0.238889 0.380469 0.240278 0.379688 0.211111 0.385156 0.209722
2 0.55 0.240278 0.5625 0.240278 0.5625 0.255556 0.55 0.255556
2 0.532813 0.233333 0.542969 0.233333 0.542969 0.248611 0.532813 0.248611
2 0.615625 0.145833 0.627344 0.145833 0.627344 0.165278 0.615625 0.165278
2 0.564844 0.144444 0.579688 0.144444 0.579688 0.158333 0.564844 0.158333
3 0.585156 0.205556 0.56875 0.215278 0.566406 0.204167 0.582812 0.193056
0 0.594531 0.198611 0.596094 0.2125 0.560156 0.230556 0.558594 0.216667
2 0.471875 0.216667 0.475781 0.226389 0.461719 0.241667 0.458594 0.230556
0 0.4875 0.220833 0.461719 0.222222 0.460938 0.211111 0.486719 0.209722
3 0.478125 0.201389 0.491406 0.206944 0.489063 0.218056 0.476562 0.211111
2 0.496094 0.175 0.499219 0.184722 0.486719 0.198611 0.483594 0.188889
1 0.504687 0.133333 0.513281 0.140278 0.503906 0.183333 0.494531 0.177778
1 0.501563 0.133333 0.50625 0.145833 0.476562 0.186111 0.471094 0.175
2 0.450781 0.181944 0.45625 0.190278 0.448437 0.202778 0.442969 0.194444
