2 0.0773438 0.909722 0.115625 0.938889 0.107813 0.970833 0.0695313 0.941667
2 0.130469 0.255556 0.0953125 0.288889 0.0867187 0.261111 0.121875 0.227778
2 0.264844 0.533333 0.227344 0.555556 0.222656 0.527778 0.260156 0.506944
2 0.610156 0.655556 0.583594 0.6875 0.576562 0.670833 0.603906 0.6375
0 0.710156 0.616667 0.649219 0.680556 0.642188 0.659722 0.703906 0.595833
1 0.55 0.465278 0.569531 0.466667 0.565625 0.623611 0.546094 0.620833
0 0.567187 0.475 0.635938 0.494444 0.632812 0.523611 0.564844 0.502778
2 0.647656 0.488889 0.657813 0.508333 0.635156 0.547222 0.625 0.527778
3 0.61875 0.504167 0.634375 0.540278 0.622656 0.556944 0.607031 0.520833
2 0.759375 0.497222 0.746875 0.502778 0.740625 0.45 0.753125 0.445833
2 0.646094 0.488889 0.633594 0.494444 0.627344 0.438889 0.639844 0.434722
2 0.742188 0.434722 0.729688 0.438889 0.721875 0.380556 0.735156 0.375
2 0.6 0.344444 0.630469 0.361111 0.625781 0.384722 0.596094 0.368056
1 0.598437 0.304167 0.670312 0.3875 0.660937 0.413889 0.588281 0.330556
2 0.652344 0.354167 0.639062 0.359722 0.633594 0.306944 0.646875 0.301389
3 0.661719 0.334722 0.647656 0.340278 0.64375 0.301389 0.657813 0.297222
2 0.683594 0.268056 0.654687 0.279167 0.652344 0.258333 0.68125 0.247222
2 0.591406 0.293056 0.623437 0.297222 0.623437 0.318056 0.590625 0.315278
3 0.629687 0.288889 0.603125 0.304167 0.6 0.283333 0.625781 0.268056
3 0.678906 0.218056 0.651563 0.222222 0.650781 0.198611 0.678125 0.194444
2 0.667969 0.180556 0.654687 0.183333 0.651563 0.123611 0.664844 0.122222
2 0.64375 0.148611 0.613281 0.170833 0.607812 0.147222 0.638281 0.123611
3 0.639844 0.166667 0.628125 0.176389 0.616406 0.125 0.628125 0.116667
2 0.58125 0.369444 0.56875 0.376389 0.560937 0.330556 0.573438 0.323611
0 0.53125 0.386111 0.521094 0.395833 0.482031 0.280556 0.492188 0.269444
2 0.449219 0.495833 0.475781 0.530556 0.467187 0.552778 0.440625 0.518056
2 0.411719 0.551389 0.380469 0.575 0.375781 0.555556 0.407031 0.531944
3 0.428125 0.5625 0.4 0.583333 0.394531 0.559722 0.422656 0.5375
2 0.427344 0.498611 0.4 0.530556 0.39375 0.513889 0.421094 0.480556
0 0.451562 0.475 0.457813 0.495833 0.397656 0.548611 0.392188 0.529167
2 0.461719 0.476389 0.432031 0.498611 0.427344 0.476389 0.457031 0.454167
3 0.48125 0.441667 0.467187 0.454167 0.453906 0.408333 0.467969 0.395833
3 0.464844 0.454167 0.438281 0.469444 0.434375 0.448611 0.460938 0.433333
0 0.385156 0.466667 0.394531 0.481944 0.349219 0.568056 0.339844 0.552778
2 0.349219 0.475 0.363281 0.484722 0.35 0.538889 0.335938 0.527778
2 0.371094 0.4625 0.380469 0.475 0.360938 0.525 0.351562 0.5125
3 0.321094 0.452778 0.335156 0.461111 0.326562 0.5125 0.311719 0.505556
2 0.335156 0.443056 0.346875 0.448611 0.335938 0.509722 0.324219 0.502778
0 0.352344 0.423611 0.364844 0.433333 0.336719 0.55 0.324219 0.540278
2 0.364063 0.420833 0.377344 0.427778 0.367188 0.483333 0.354687 0.476389
2 0.374219 0.440278 0.40625 0.456944 0.402344 0.479167 0.370312 0.4625
2 0.385937 0.419444 0.4125 0.451389 0.405469 0.469444 0.378906 0.4375
2 0.422656 0.444444 0.414062 0.459722 0.388281 0.415278 0.396875 0.4
1 0.389844 0.401389 0.303125 0.484722 0.292969 0.45 0.378906 0.366667
2 0.379688 0.372222 0.367188 0.384722 0.350781 0.334722 0.3625 0.322222
2 0.330469 0.355556 0.314063 0.359722 0.310156 0.295833 0.325781 0.291667
3 0.33125 0.25 0.346875 0.259722 0.3375 0.3125 0.321875 0.302778
2 0.35 0.2625 0.363281 0.275 0.346875 0.327778 0.333594 0.315278
3 0.385156 0.318056 0.372656 0.334722 0.354687 0.2875 0.367188 0.270833
2 0.346094 0.225 0.378906 0.263889 0.370312 0.286111 0.3375 0.247222
2 0.296875 0.141667 0.313281 0.15 0.303906 0.216667 0.286719 0.208333
0 0.315625 0.0458333 0.332031 0.0611111 0.292187 0.193056 0.275 0.177778
0 0.405469 0.00833333 0.407031 0.119444 0.391406 0.120833 0.389844 0.00833333
2 0.480469 0.0777778 0.513281 0.101389 0.507031 0.126389 0.474219 0.102778
3 0.514844 0.0916667 0.542969 0.113889 0.536719 0.140278 0.508594 0.118056
3 0.575781 0.1375 0.547656 0.141667 0.546875 0.116667 0.574219 0.111111
2 0.550781 0.0527778 0.519531 0.075 0.514062 0.05 0.545312 0.0263889
0 0.480469 0.0125 0.5375 0.0916667 0.529687 0.109722 0.471875 0.0319444
3 0.553125 0.184722 0.567187 0.202778 0.549219 0.248611 0.535156 0.231944
