2 0.235156 0.448611 0.259375 0.4625 0.255469 0.484722 0.23125 0.470833
0 0.335156 0.405556 0.346875 0.409722 0.335156 0.501389 0.324219 0.495833
0 0.376563 0.430556 0.3875 0.440278 0.357812 0.536111 0.346875 0.525
0 0.396094 0.358333 0.385156 0.366667 0.364844 0.281944 0.375781 0.273611
2 0.278906 0.655556 0.303906 0.670833 0.299219 0.693056 0.274219 0.677778
2 0.30625 0.729167 0.317969 0.7375 0.307031 0.783333 0.295312 0.775
2 0.319531 0.7375 0.308594 0.738889 0.30625 0.686111 0.316406 0.684722
2 0.327344 0.7125 0.335156 0.727778 0.31875 0.755556 0.310937 0.741667
2 0.35 0.698611 0.358594 0.718056 0.335938 0.75 0.327344 0.730556
2 0.335938 0.7625 0.359375 0.772222 0.35625 0.797222 0.332813 0.7875
0 0.347656 0.751389 0.405469 0.783333 0.401562 0.804167 0.344531 0.772222
2 0.342187 0.680556 0.314844 0.695833 0.311719 0.676389 0.339062 0.661111
2 0.378125 0.652778 0.352344 0.672222 0.346094 0.645833 0.371875 0.626389
3 0.367969 0.652778 0.378906 0.6625 0.367969 0.697222 0.357031 0.6875
3 0.33125 0.6125 0.339062 0.630556 0.319531 0.658333 0.311719 0.640278
2 0.325781 0.609722 0.332031 0.625 0.310937 0.654167 0.304688 0.638889
2 0.322656 0.6 0.327344 0.618056 0.303906 0.640278 0.298438 0.622222
3 0.353125 0.602778 0.34375 0.611111 0.332031 0.573611 0.342187 0.565278
2 0.423438 0.776389 0.45 0.795833 0.444531 0.815278 0.41875 0.795833
2 0.417969 0.518056 0.444531 0.527778 0.442188 0.548611 0.415625 0.5375
2 0.4625 0.447222 0.435156 0.4625 0.432031 0.445833 0.459375 0.430556
2 0.473438 0.423611 0.500781 0.433333 0.498437 0.452778 0.471094 0.443056
3 0.48125 0.416667 0.492188 0.420833 0.4875 0.4625 0.476562 0.458333
3 0.444531 0.358333 0.464062 0.377778 0.457813 0.395833 0.439063 0.377778
2 0.426563 0.875 0.414062 0.880556 0.408594 0.826389 0.420312 0.822222
2 0.430469 0.886111 0.439063 0.901389 0.417187 0.940278 0.408594 0.925
3 0.421875 0.815278 0.44375 0.831944 0.438281 0.852778 0.416406 0.8375
3 0.455469 0.843056 0.475 0.8625 0.46875 0.881944 0.449219 0.8625
2 0.507031 0.913889 0.478125 0.929167 0.475 0.911111 0.503906 0.894444
2 0.517188 0.9375 0.488281 0.954167 0.484375 0.930556 0.513281 0.913889
3 0.517969 0.919444 0.542969 0.919444 0.542969 0.945833 0.517969 0.945833
3 0.56875 0.909722 0.585938 0.909722 0.585938 0.9625 0.56875 0.9625
3 0.533594 0.836111 0.557813 0.858333 0.550781 0.883333 0.526563 0.861111
0 0.480469 0.777778 0.539062 0.809722 0.535156 0.830556 0.477344 0.797222
2 0.717969 0.905556 0.732812 0.911111 0.725781 0.972222 0.711719 0.966667
2 0.730469 0.808333 0.746094 0.816667 0.735156 0.877778 0.720313 0.868056
2 0.665625 0.809722 0.701562 0.822222 0.698438 0.845833 0.663281 0.833333
0 0.717969 0.881944 0.704688 0.886111 0.688281 0.741667 0.701562 0.7375
3 0.699219 0.711111 0.722656 0.745833 0.7125 0.765278 0.689063 0.730556
2 0.675781 0.6875 0.686719 0.704167 0.664844 0.75 0.654687 0.733333
2 0.5875 0.652778 0.579688 0.673611 0.553906 0.643056 0.560937 0.622222
2 0.671094 0.656944 0.660937 0.669444 0.641406 0.618056 0.651563 0.605556
2 0.651563 0.638889 0.660937 0.663889 0.634375 0.694444 0.625781 0.668056
1 0.628906 0.676389 0.617969 0.704167 0.548438 0.616667 0.559375 0.588889
2 0.610156 0.556944 0.621875 0.558333 0.61875 0.615278 0.60625 0.613889
2 0.589844 0.561111 0.604688 0.563889 0.601562 0.616667 0.5875 0.613889
3 0.603906 0.527778 0.632031 0.538889 0.629687 0.561111 0.600781 0.55
2 0.645312 0.559722 0.633594 0.569444 0.620313 0.513889 0.632031 0.504167
1 0.657813 0.561111 0.639844 0.570833 0.617969 0.416667 0.635938 0.408333
0 0.6375 0.498611 0.626563 0.506944 0.598437 0.388889 0.608594 0.380556
2 0.613281 0.508333 0.602344 0.511111 0.596875 0.461111 0.607812 0.456944
0 0.585938 0.481944 0.578125 0.495833 0.535937 0.423611 0.54375 0.409722
3 0.53125 0.408333 0.55 0.4375 0.540625 0.455556 0.521875 0.427778
2 0.55625 0.295833 0.546094 0.304167 0.535156 0.256944 0.545312 0.248611
2 0.544531 0.322222 0.515625 0.327778 0.514844 0.308333 0.54375 0.302778
0 0.564063 0.406944 0.553125 0.419444 0.517969 0.327778 0.528125 0.315278
2 0.535937 0.216667 0.564063 0.233333 0.560156 0.254167 0.532031 0.238889
0 0.621094 0.320833 0.613281 0.334722 0.566406 0.254167 0.574219 0.240278
3 0.455469 0.284722 0.4625 0.297222 0.444531 0.329167 0.436719 0.316667
2 0.482031 0.341667 0.50625 0.341667 0.50625 0.3625 0.482031 0.3625
0 0.4625 0.325 0.520312 0.325 0.520312 0.341667 0.4625 0.341667
1 0.525 0.168056 0.540625 0.173611 0.524219 0.3125 0.509375 0.308333
3 0.528906 0.256944 0.539844 0.263889 0.532031 0.311111 0.520312 0.304167
