2 0.252344 0 0.28125 0.0277778 0.274219 0.05 0.245312 0.0208333
3 0.290625 0.00138889 0.320312 0.0388889 0.310156 0.0652778 0.280469 0.0277778
2 0.330469 0.131944 0.319531 0.141667 0.309375 0.101389 0.321094 0.0930556
2 0.335938 0.177778 0.359375 0.194444 0.354687 0.2125 0.332031 0.194444
2 0.403906 0.184722 0.430469 0.205556 0.425 0.229167 0.398438 0.208333
1 0.390625 0.186111 0.460938 0.238889 0.453906 0.265278 0.384375 0.213889
2 0.489063 0.197222 0.509375 0.197222 0.509375 0.227778 0.489063 0.227778
0 0.478906 0.218056 0.517969 0.225 0.515625 0.255556 0.477344 0.247222
2 0.454688 0.320833 0.465625 0.320833 0.465625 0.366667 0.454688 0.366667
0 0.500781 0.359722 0.488281 0.376389 0.444531 0.284722 0.457031 0.266667
2 0.519531 0.313889 0.507812 0.334722 0.480469 0.288889 0.492188 0.266667
2 0.585938 0.341667 0.574219 0.363889 0.542969 0.309722 0.554688 0.2875
0 0.561719 0.352778 0.617188 0.413889 0.607812 0.440278 0.553125 0.379167
3 0.567969 0.3875 0.59375 0.419444 0.585156 0.440278 0.559375 0.409722
0 0.49375 0.373611 0.525 0.386111 0.522656 0.401389 0.491406 0.390278
2 0.582812 0.448611 0.610156 0.458333 0.607812 0.475 0.58125 0.465278
2 0.596094 0.473611 0.621094 0.481944 0.61875 0.501389 0.59375 0.493056
2 0.607031 0.494444 0.628125 0.501389 0.627344 0.5125 0.60625 0.505556
1 0.578125 0.45 0.628906 0.5125 0.620313 0.534722 0.56875 0.473611
1 0.679688 0.568056 0.667188 0.593056 0.622656 0.525 0.634375 0.498611
3 0.680469 0.566667 0.698438 0.5875 0.690625 0.606944 0.673438 0.584722
2 0.697656 0.5875 0.723437 0.606944 0.717969 0.627778 0.692187 0.608333
0 0.617969 0.518056 0.655469 0.559722 0.647656 0.580556 0.610938 0.538889
0 0.591406 0.5125 0.638281 0.559722 0.632812 0.575 0.586719 0.529167
2 0.404687 0.226389 0.400781 0.240278 0.378906 0.222222 0.382031 0.208333
