0 0.402344 0.548611 0.4125 0.548611 0.4125 0.601389 0.402344 0.601389
2 0.505469 0.641667 0.498437 0.654167 0.485938 0.631944 0.492188 0.619444
2 0.520312 0.601389 0.507812 0.6125 0.505469 0.602778 0.517969 0.591667
2 0.592187 0.602778 0.611719 0.602778 0.611719 0.616667 0.592187 0.616667
1 0.607812 0.611111 0.555469 0.615278 0.554688 0.593056 0.607812 0.588889
1 0.547656 0.544444 0.598437 0.577778 0.594531 0.597222 0.542969 0.565278
2 0.594531 0.55 0.597656 0.5625 0.582812 0.577778 0.578906 0.563889
2 0.610156 0.543056 0.614062 0.552778 0.6 0.569444 0.596094 0.558333
2 0.615625 0.527778 0.622656 0.527778 0.622656 0.554167 0.615625 0.554167
2 0.599219 0.540278 0.603125 0.55 0.596875 0.558333 0.592969 0.55
2 0.592187 0.523611 0.609375 0.523611 0.609375 0.538889 0.592187 0.538889
0 0.624219 0.538889 0.629687 0.55 0.607031 0.583333 0.601562 0.570833
2 0.657031 0.588889 0.650781 0.595833 0.64375 0.573611 0.650781 0.566667
2 0.683594 0.594444 0.6875 0.605556 0.673438 0.622222 0.669531 0.609722
2 0.667969 0.590278 0.683594 0.590278 0.683594 0.604167 0.667969 0.604167
0 0.642969 0.556944 0.685156 0.580556 0.682813 0.595833 0.640625 0.572222
2 0.625 0.509722 0.633594 0.509722 0.633594 0.533333 0.625 0.533333
2 0.639844 0.516667 0.633594 0.523611 0.626563 0.502778 0.632812 0.495833
3 0.6875 0.470833 0.696875 0.470833 0.696875 0.493056 0.6875 0.493056
2 0.682813 0.476389 0.688281 0.476389 0.688281 0.494444 0.682813 0.494444
0 0.689063 0.501389 0.682813 0.508333 0.66875 0.466667 0.675781 0.459722
3 0.532813 0.526389 0.546875 0.5375 0.542969 0.555556 0.528906 0.544444
2 0.548438 0.527778 0.53125 0.5375 0.528906 0.523611 0.546094 0.513889
3 0.528125 0.509722 0.54375 0.509722 0.54375 0.522222 0.528125 0.522222
0 0.540625 0.497222 0.575781 0.529167 0.571875 0.543056 0.536719 0.509722
3 0.525 0.495833 0.5375 0.495833 0.5375 0.511111 0.525 0.511111
3 0.582031 0.518056 0.592187 0.529167 0.586719 0.541667 0.577344 0.530556
2 0.583594 0.495833 0.590625 0.501389 0.584375 0.525 0.578125 0.519444
2 0.516406 0.483333 0.511719 0.490278 0.501563 0.469444 0.507031 0.4625
2 0.489844 0.430556 0.492969 0.440278 0.478906 0.451389 0.476562 0.441667
3 0.563281 0.481944 0.571875 0.481944 0.571875 0.504167 0.563281 0.504167
2 0.535937 0.465278 0.553906 0.465278 0.553906 0.477778 0.535937 0.477778
0 0.540625 0.472222 0.578906 0.479167 0.578906 0.488889 0.540625 0.483333
2 0.595313 0.4875 0.588281 0.497222 0.582031 0.481944 0.589844 0.472222
3 0.592969 0.470833 0.600781 0.470833 0.600781 0.494444 0.592969 0.494444
2 0.632812 0.454167 0.636719 0.463889 0.623437 0.479167 0.619531 0.469444
3 0.517188 0.4125 0.524219 0.4125 0.524219 0.433333 0.517188 0.433333
0 0.559375 0.402778 0.564844 0.402778 0.564844 0.434722 0.559375 0.434722
2 0.56875 0.386111 0.575781 0.386111 0.575781 0.401389 0.56875 0.401389
2 0.591406 0.381944 0.596875 0.391667 0.589063 0.406944 0.583594 0.397222
1 0.585156 0.372222 0.592187 0.380556 0.579688 0.413889 0.572656 0.404167
1 0.573438 0.404167 0.564063 0.411111 0.555469 0.376389 0.564844 0.369444
2 0.574219 0.408333 0.5875 0.408333 0.5875 0.420833 0.574219 0.420833
