0 0.282031 0.936111 0.326562 0.936111 0.326562 0.998611 0.282031 0.998611
2 0.203125 0.908333 0.214844 0.908333 0.214844 0.955556 0.203125 0.955556
3 0.197656 0.923611 0.220312 0.923611 0.220312 0.941667 0.197656 0.941667
0 0.298438 0.830556 0.305469 0.848611 0.260156 0.9125 0.253125 0.895833
3 0.2375 0.838889 0.248438 0.847222 0.239844 0.881944 0.229687 0.873611
2 0.449219 0.65 0.470313 0.65 0.470313 0.666667 0.449219 0.666667
2 0.447656 0.661111 0.471094 0.661111 0.471094 0.679167 0.447656 0.679167
2 0.346875 0.729167 0.35625 0.736111 0.345313 0.779167 0.336719 0.772222
2 0.338281 0.725 0.347656 0.734722 0.334375 0.775 0.325781 0.766667
2 0.291406 0.7125 0.317188 0.7125 0.317188 0.730556 0.291406 0.730556
3 0.325 0.668056 0.342969 0.690278 0.335938 0.705556 0.31875 0.684722
3 0.25625 0.683333 0.278125 0.6875 0.276562 0.705556 0.255469 0.702778
2 0.242969 0.629167 0.252344 0.638889 0.239844 0.669444 0.23125 0.659722
2 0.257031 0.627778 0.249219 0.634722 0.239063 0.598611 0.246875 0.591667
2 0.277344 0.625 0.300781 0.643056 0.296875 0.658333 0.273438 0.640278
2 0.285938 0.6 0.278906 0.613889 0.2625 0.5875 0.270313 0.573611
3 0.254688 0.6 0.275 0.615278 0.270313 0.631944 0.250781 0.618056
3 0.260156 0.581944 0.241406 0.595833 0.236719 0.577778 0.25625 0.563889
0 0.240625 0.608333 0.232031 0.618056 0.205469 0.540278 0.214062 0.530556
2 0.239844 0.515278 0.21875 0.541667 0.213281 0.526389 0.234375 0.5
3 0.232031 0.513889 0.221094 0.519444 0.214844 0.481944 0.225781 0.476389
2 0.259375 0.502778 0.271875 0.504167 0.270313 0.544444 0.258594 0.543056
2 0.246875 0.472222 0.261719 0.494444 0.253906 0.511111 0.239844 0.488889
2 0.282031 0.494444 0.292187 0.498611 0.2875 0.540278 0.277344 0.536111
0 0.3 0.626389 0.290625 0.633333 0.270313 0.548611 0.279687 0.541667
3 0.288281 0.547222 0.301563 0.576389 0.292187 0.588889 0.279687 0.559722
0 0.308594 0.544444 0.298438 0.551389 0.278906 0.461111 0.289062 0.454167
2 0.311719 0.568056 0.320312 0.579167 0.303906 0.613889 0.296094 0.601389
2 0.315625 0.584722 0.333594 0.606944 0.328125 0.622222 0.310156 0.598611
2 0.339062 0.626389 0.315625 0.648611 0.310156 0.631944 0.334375 0.608333
0 0.31875 0.572222 0.350781 0.6125 0.345313 0.626389 0.313281 0.586111
3 0.353906 0.645833 0.365625 0.645833 0.365625 0.6875 0.353906 0.6875
2 0.391406 0.581944 0.36875 0.591667 0.366406 0.575 0.389844 0.566667
2 0.345313 0.580556 0.367969 0.593056 0.364844 0.611111 0.342187 0.597222
3 0.471094 0.580556 0.461719 0.588889 0.454688 0.558333 0.464062 0.551389
3 0.450781 0.527778 0.433594 0.554167 0.425781 0.538889 0.442969 0.5125
0 0.43125 0.554167 0.421094 0.559722 0.404687 0.466667 0.415625 0.459722
0 0.440625 0.445833 0.396875 0.477778 0.39375 0.4625 0.436719 0.430556
2 0.391406 0.441667 0.400781 0.447222 0.392969 0.488889 0.384375 0.483333
3 0.354687 0.4875 0.375 0.498611 0.371875 0.515278 0.351562 0.504167
2 0.310156 0.397222 0.321094 0.406944 0.309375 0.443056 0.298438 0.433333
1 0.380469 0.265278 0.392188 0.283333 0.378906 0.309722 0.367188 0.291667
1 0.435156 0.338889 0.410938 0.3625 0.403125 0.336111 0.427344 0.3125
0 0.328125 0.251389 0.319531 0.261111 0.29375 0.191667 0.301563 0.181944
