2 0.3625 0.468056 0.350781 0.472222 0.346094 0.431944 0.358594 0.427778
0 0.392969 0.541667 0.398438 0.551389 0.369531 0.602778 0.363281 0.591667
2 0.385156 0.513889 0.378125 0.515278 0.377344 0.475 0.384375 0.473611
3 0.372656 0.486111 0.389062 0.486111 0.389062 0.501389 0.372656 0.501389
2 0.391406 0.461111 0.398438 0.468056 0.389844 0.491667 0.382812 0.483333
2 0.392188 0.477778 0.4 0.486111 0.39375 0.506944 0.385937 0.5
0 0.397656 0.551389 0.40625 0.556944 0.390625 0.620833 0.382812 0.613889
2 0.379688 0.729167 0.369531 0.731944 0.365625 0.691667 0.375781 0.6875
2 0.429688 0.720833 0.438281 0.722222 0.435937 0.7625 0.427344 0.761111
2 0.43125 0.658333 0.421875 0.668056 0.411719 0.634722 0.421094 0.625
2 0.439063 0.673611 0.417969 0.680556 0.416406 0.666667 0.436719 0.658333
0 0.454688 0.777778 0.446094 0.779167 0.44375 0.684722 0.453125 0.683333
1 0.528125 0.825 0.544531 0.830556 0.534375 0.951389 0.517969 0.945833
1 0.5375 0.7375 0.552344 0.738889 0.550781 0.863889 0.536719 0.8625
2 0.513281 0.691667 0.520312 0.706944 0.502344 0.730556 0.496094 0.716667
2 0.522656 0.675 0.533594 0.676389 0.532813 0.718056 0.521875 0.718056
0 0.470313 0.648611 0.511719 0.651389 0.510938 0.665278 0.470313 0.6625
2 0.549219 0.756944 0.572656 0.777778 0.567969 0.794444 0.544531 0.772222
0 0.5625 0.729167 0.608594 0.781944 0.602344 0.798611 0.55625 0.747222
0 0.654687 0.8125 0.645312 0.819444 0.632031 0.745833 0.641406 0.740278
2 0.6625 0.786111 0.671875 0.8 0.653125 0.838889 0.64375 0.825
3 0.645312 0.740278 0.622656 0.747222 0.620313 0.726389 0.642969 0.718056
0 0.667969 0.695833 0.657031 0.704167 0.632812 0.602778 0.644531 0.594444
2 0.692969 0.601389 0.71875 0.626389 0.713281 0.644444 0.686719 0.619444
2 0.65625 0.541667 0.667969 0.552778 0.654687 0.595833 0.64375 0.583333
2 0.630469 0.534722 0.653906 0.558333 0.648438 0.575 0.625 0.552778
3 0.66875 0.505556 0.682031 0.505556 0.682031 0.547222 0.66875 0.547222
2 0.710938 0.490278 0.688281 0.522222 0.679688 0.504167 0.702344 0.470833
2 0.651563 0.45 0.664062 0.458333 0.652344 0.505556 0.640625 0.495833
3 0.682031 0.413889 0.695312 0.418056 0.691406 0.456944 0.677344 0.452778
0 0.580469 0.458333 0.6375 0.477778 0.635938 0.495833 0.578906 0.476389
2 0.527344 0.606944 0.550781 0.619444 0.548438 0.636111 0.525 0.622222
2 0.5625 0.636111 0.554688 0.647222 0.539844 0.609722 0.548438 0.598611
2 0.55 0.452778 0.559375 0.454167 0.557031 0.498611 0.547656 0.497222
3 0.553125 0.444444 0.533594 0.455556 0.530469 0.4375 0.55 0.426389
2 0.535156 0.388889 0.559375 0.393056 0.557813 0.409722 0.534375 0.405556
3 0.522656 0.388889 0.539844 0.413889 0.532031 0.429167 0.515625 0.402778
2 0.55625 0.368056 0.578125 0.368056 0.578125 0.3875 0.55625 0.3875
2 0.559375 0.338889 0.547656 0.341667 0.545312 0.295833 0.55625 0.294444
0 0.561719 0.329167 0.611719 0.333333 0.611719 0.35 0.560937 0.345833
3 0.560937 0.244444 0.572656 0.248611 0.567969 0.291667 0.55625 0.2875
2 0.572656 0.259722 0.58125 0.263889 0.574219 0.309722 0.564844 0.304167
3 0.515625 0.341667 0.524219 0.345833 0.517969 0.381944 0.510156 0.376389
2 0.515625 0.320833 0.524219 0.326389 0.514844 0.363889 0.507031 0.358333
2 0.524219 0.283333 0.532031 0.286111 0.525781 0.329167 0.517969 0.326389
0 0.532031 0.270833 0.542188 0.275 0.528906 0.373611 0.51875 0.369444
2 0.533594 0.234722 0.557031 0.248611 0.553125 0.266667 0.530469 0.254167
2 0.571094 0.215278 0.5875 0.230556 0.582812 0.245833 0.566406 0.230556
2 0.61875 0.201389 0.607812 0.209722 0.598437 0.170833 0.609375 0.1625
2 0.624219 0.206944 0.644531 0.236111 0.6375 0.251389 0.617188 0.220833
2 0.527344 0.161111 0.550781 0.177778 0.546094 0.195833 0.523438 0.177778
0 0.557813 0.140278 0.56875 0.148611 0.545312 0.245833 0.535156 0.2375
3 0.5125 0.218056 0.521094 0.225 0.514062 0.256944 0.505469 0.25
3 0.51875 0.231944 0.527344 0.238889 0.51875 0.272222 0.510938 0.266667
3 0.517969 0.284722 0.498437 0.291667 0.496875 0.275 0.516406 0.268056
0 0.503125 0.301389 0.510938 0.305556 0.495312 0.394444 0.4875 0.388889
2 0.440625 0.426389 0.461719 0.443056 0.458594 0.456944 0.4375 0.441667
0 0.430469 0.434722 0.475 0.461111 0.471875 0.475 0.427344 0.448611
1 0.432812 0.45 0.445312 0.455556 0.432031 0.558333 0.419531 0.552778
3 0.434375 0.515278 0.44375 0.519444 0.439844 0.552778 0.429688 0.55
3 0.448437 0.591667 0.439063 0.598611 0.43125 0.568056 0.441406 0.561111
3 0.457813 0.544444 0.461719 0.558333 0.442969 0.575 0.439063 0.561111
2 0.457031 0.559722 0.467187 0.561111 0.464062 0.602778 0.454688 0.601389
3 0.453125 0.6 0.472656 0.606944 0.471094 0.625 0.451562 0.618056
