2 0.0703125 0.0458333 0.0265625 0.05 0.0242188 0.00694444 0.06875 0.00138889
3 0.155469 0.181944 0.174219 0.1875 0.166406 0.255556 0.147656 0.25
2 0.172656 0.184722 0.189062 0.193056 0.176563 0.263889 0.160938 0.254167
2 0.16875 0.144444 0.208594 0.166667 0.203906 0.197222 0.163281 0.175
3 0.194531 0.1875 0.222656 0.230556 0.210938 0.255556 0.182812 0.2125
2 0.235937 0.309722 0.222656 0.331944 0.192969 0.276389 0.20625 0.254167
2 0.267969 0.311111 0.300781 0.361111 0.289844 0.384722 0.257031 0.334722
1 0.227344 0.3 0.250781 0.331944 0.182812 0.4875 0.159375 0.455556
2 0.204687 0.509722 0.239844 0.552778 0.229687 0.579167 0.19375 0.536111
3 0.257812 0.488889 0.270313 0.5125 0.24375 0.556944 0.23125 0.534722
2 0.308594 0.533333 0.267969 0.551389 0.263281 0.519444 0.303906 0.501389
0 0.332031 0.55 0.251563 0.575 0.249219 0.547222 0.329688 0.520833
2 0.301563 0.544444 0.310937 0.573611 0.275 0.611111 0.265625 0.581944
2 0.338281 0.515278 0.351562 0.533333 0.325781 0.594444 0.3125 0.575
2 0.277344 0.595833 0.31875 0.595833 0.31875 0.627778 0.277344 0.627778
2 0.324219 0.576389 0.341406 0.577778 0.339844 0.644444 0.323437 0.643056
2 0.367188 0.540278 0.380469 0.558333 0.355469 0.615278 0.342969 0.598611
0 0.328125 0.647222 0.247656 0.651389 0.247656 0.622222 0.327344 0.618056
2 0.298438 0.825 0.257031 0.840278 0.253906 0.813889 0.295312 0.797222
2 0.332031 0.684722 0.345313 0.704167 0.31875 0.758333 0.30625 0.740278
2 0.376563 0.748611 0.339062 0.777778 0.332031 0.751389 0.370312 0.722222
2 0.389844 0.733333 0.397656 0.761111 0.363281 0.791667 0.355469 0.763889
2 0.386719 0.733333 0.348438 0.747222 0.345313 0.720833 0.384375 0.706944
3 0.375781 0.681944 0.378906 0.7125 0.350781 0.722222 0.347656 0.691667
3 0.403125 0.7125 0.389844 0.729167 0.371875 0.683333 0.385937 0.666667
3 0.36875 0.622222 0.397656 0.651389 0.389062 0.680556 0.360156 0.652778
0 0.432031 0.855556 0.417187 0.8625 0.396875 0.719444 0.411719 0.7125
3 0.40625 0.840278 0.386719 0.847222 0.380469 0.786111 0.399219 0.780556
1 0.505469 0.973611 0.48125 0.988889 0.442188 0.797222 0.466406 0.781944
0 0.499219 0.752778 0.515625 0.758333 0.501563 0.919444 0.484375 0.913889
2 0.640625 0.934722 0.660156 0.934722 0.660156 0.998611 0.640625 0.998611
0 0.652344 0.547222 0.66875 0.563889 0.621875 0.715278 0.605469 0.7
2 0.703906 0.280556 0.660156 0.3125 0.653906 0.286111 0.697656 0.252778
2 0.596094 0.279167 0.605469 0.301389 0.569531 0.352778 0.559375 0.330556
2 0.525781 0.436111 0.486719 0.463889 0.479687 0.431944 0.519531 0.405556
3 0.566406 0.388889 0.549219 0.393056 0.545312 0.329167 0.563281 0.326389
2 0.536719 0.244444 0.553906 0.25 0.544531 0.330556 0.528125 0.323611
2 0.5375 0.205556 0.552344 0.223611 0.529687 0.284722 0.514844 0.266667
0 0.51875 0.275 0.527344 0.302778 0.442188 0.391667 0.433594 0.363889
1 0.569531 0.0944444 0.590625 0.130556 0.50625 0.286111 0.485156 0.248611
2 0.421875 0.322222 0.4375 0.3375 0.417187 0.402778 0.401562 0.3875
2 0.389062 0.409722 0.372656 0.419444 0.360938 0.351389 0.377344 0.341667
0 0.413281 0.398611 0.398438 0.413889 0.357812 0.276389 0.373437 0.2625
3 0.421094 0.315278 0.403906 0.329167 0.389062 0.268056 0.407031 0.254167
2 0.332031 0.248611 0.370312 0.288889 0.361719 0.313889 0.324219 0.273611
3 0.289844 0.2375 0.328906 0.245833 0.326562 0.276389 0.288281 0.269444
0 0.228125 0.197222 0.317969 0.213889 0.316406 0.243056 0.226562 0.226389
0 0.232031 0.177778 0.323437 0.186111 0.321875 0.218056 0.23125 0.211111
3 0.378906 0.172222 0.397656 0.179167 0.389844 0.244444 0.371094 0.2375
3 0.463281 0.170833 0.478906 0.190278 0.457813 0.243056 0.442969 0.225
2 0.528906 0.145833 0.4875 0.147222 0.486719 0.111111 0.528906 0.109722
3 0.54375 0.105556 0.505469 0.1125 0.503125 0.0805556 0.542188 0.0736111
2 0.500781 0.00277778 0.51875 0.0125 0.505469 0.0847222 0.488281 0.075
3 0.466406 0.0166667 0.485156 0.0277778 0.473438 0.0944444 0.454688 0.0847222
2 0.388281 0.109722 0.346094 0.123611 0.342969 0.0916667 0.385156 0.0763889
3 0.422656 0.0555556 0.407813 0.0736111 0.386719 0.0194444 0.401562 0.00138889
2 0.414844 0.00277778 0.426563 0.0236111 0.396094 0.0763889 0.384375 0.0555556
2 0.373437 0.00694444 0.388281 0.0125 0.379688 0.0875 0.364844 0.0819444
3 0.328906 0.0472222 0.364844 0.0597222 0.360156 0.0958333 0.325 0.0833333
0 0.283594 0.0986111 0.372656 0.123611 0.369531 0.156944 0.280469 0.130556
2 0.279687 0.125 0.307031 0.125 0.307031 0.158333 0.279687 0.158333
0 0.340625 0.170833 0.246875 0.184722 0.246094 0.155556 0.339844 0.141667
0 0.202344 0.0902778 0.292969 0.145833 0.286719 0.175 0.196875 0.119444
1 0.286719 0.00555556 0.3125 0.0305556 0.276562 0.148611 0.250781 0.123611
