2 0.45 0.470833 0.458594 0.472222 0.45625 0.506944 0.447656 0.505556
0 0.44375 0.505556 0.48125 0.522222 0.478906 0.5375 0.442188 0.520833
2 0.478125 0.508333 0.489063 0.508333 0.489063 0.552778 0.478125 0.552778
2 0.482031 0.547222 0.478125 0.561111 0.4625 0.545833 0.467187 0.531944
2 0.450781 0.520833 0.470313 0.540278 0.465625 0.552778 0.446875 0.534722
3 0.467969 0.580556 0.455469 0.584722 0.450781 0.544444 0.464062 0.540278
0 0.423438 0.523611 0.457031 0.543056 0.453125 0.561111 0.419531 0.540278
2 0.435156 0.609722 0.453125 0.623611 0.449219 0.6375 0.432031 0.623611
2 0.4875 0.759722 0.469531 0.769444 0.466406 0.754167 0.484375 0.744444
0 0.488281 0.7375 0.497656 0.747222 0.475781 0.818056 0.467187 0.808333
2 0.482031 0.934722 0.500781 0.948611 0.496875 0.9625 0.478125 0.948611
2 0.501563 0.9125 0.510938 0.9125 0.510938 0.956944 0.501563 0.956944
0 0.546094 0.9625 0.534375 0.965278 0.528906 0.8625 0.540625 0.859722
2 0.545312 0.8875 0.565625 0.898611 0.561719 0.916667 0.542188 0.906944
2 0.535156 0.838889 0.525781 0.840278 0.523438 0.797222 0.532813 0.795833
1 0.550781 0.8875 0.535156 0.893056 0.522656 0.769444 0.538281 0.763889
2 0.564063 0.854167 0.553125 0.859722 0.544531 0.8125 0.55625 0.806944
2 0.542188 0.795833 0.564844 0.795833 0.564844 0.813889 0.542188 0.813889
2 0.544531 0.779167 0.535937 0.781944 0.53125 0.741667 0.539844 0.738889
2 0.539844 0.756944 0.55 0.756944 0.55 0.798611 0.539844 0.798611
2 0.547656 0.744444 0.555469 0.747222 0.551562 0.779167 0.54375 0.775
3 0.553125 0.754167 0.564063 0.759722 0.557813 0.794444 0.546875 0.788889
0 0.584375 0.770833 0.575781 0.783333 0.539062 0.706944 0.547656 0.694444
2 0.539844 0.683333 0.546875 0.695833 0.534375 0.716667 0.527344 0.704167
0 0.625781 0.644444 0.639844 0.647222 0.634375 0.741667 0.621094 0.740278
3 0.651563 0.666667 0.638281 0.675 0.629687 0.625 0.642969 0.616667
2 0.621094 0.626389 0.633594 0.636111 0.622656 0.680556 0.610156 0.672222
0 0.677344 0.752778 0.664062 0.761111 0.642969 0.6375 0.65625 0.630556
2 0.660156 0.647222 0.678125 0.688889 0.669531 0.701389 0.651563 0.659722
2 0.675781 0.655556 0.666406 0.669444 0.648438 0.629167 0.658594 0.615278
3 0.675781 0.633333 0.689844 0.636111 0.686719 0.686111 0.672656 0.683333
2 0.729688 0.756944 0.721094 0.768056 0.696875 0.716667 0.704688 0.705556
0 0.736719 0.751389 0.728125 0.765278 0.691406 0.6875 0.7 0.673611
2 0.789844 0.773611 0.775 0.780556 0.764062 0.716667 0.778906 0.708333
2 0.734375 0.6875 0.764062 0.731944 0.755469 0.748611 0.725781 0.704167
0 0.635938 0.569444 0.586719 0.590278 0.584375 0.570833 0.633594 0.548611
2 0.619531 0.591667 0.6 0.618056 0.591406 0.597222 0.611719 0.572222
3 0.621094 0.576389 0.628906 0.595833 0.6125 0.615278 0.605469 0.594444
3 0.626563 0.570833 0.642969 0.570833 0.642969 0.593056 0.626563 0.593056
2 0.658594 0.570833 0.65 0.586111 0.628906 0.55 0.6375 0.534722
2 0.678125 0.568056 0.66875 0.580556 0.65 0.529167 0.660156 0.518056
2 0.70625 0.583333 0.692969 0.594444 0.679688 0.5375 0.692969 0.527778
3 0.672656 0.586111 0.697656 0.586111 0.697656 0.611111 0.672656 0.611111
0 0.6625 0.598611 0.726562 0.652778 0.721875 0.670833 0.657031 0.616667
2 0.690625 0.604167 0.719531 0.631944 0.713281 0.652778 0.684375 0.625
2 0.742969 0.6625 0.732812 0.675 0.717187 0.636111 0.728125 0.622222
1 0.705469 0.576389 0.796094 0.665278 0.785937 0.698611 0.695312 0.609722
0 0.790625 0.648611 0.782031 0.669444 0.721094 0.590278 0.729688 0.569444
0 0.7625 0.554167 0.840625 0.640278 0.832812 0.6625 0.753906 0.577778
2 0.815625 0.516667 0.820312 0.544444 0.782813 0.5625 0.778125 0.534722
2 0.853125 0.451389 0.872656 0.451389 0.872656 0.525 0.853125 0.525
2 0.877344 0.486111 0.89375 0.498611 0.876563 0.570833 0.860156 0.556944
2 0.732812 0.454167 0.749219 0.465278 0.735156 0.525 0.719531 0.5125
3 0.6125 0.373611 0.625 0.380556 0.616406 0.429167 0.603906 0.420833
3 0.626563 0.354167 0.638281 0.365278 0.625781 0.404167 0.614844 0.394444
3 0.621875 0.354167 0.6 0.356944 0.598437 0.331944 0.621094 0.327778
2 0.567969 0.413889 0.554688 0.419444 0.549219 0.369444 0.5625 0.363889
3 0.532813 0.466667 0.555469 0.466667 0.555469 0.493056 0.532813 0.493056
0 0.608594 0.368056 0.617188 0.386111 0.571875 0.45 0.563281 0.431944
0 0.574219 0.145833 0.528906 0.226389 0.517188 0.206944 0.5625 0.125
