3 0.653125 0.355556 0.670312 0.355556 0.670312 0.370833 0.653125 0.370833
2 0.678906 0.384722 0.699219 0.384722 0.699219 0.401389 0.678906 0.401389
2 0.68125 0.375 0.66875 0.3875 0.664844 0.376389 0.677344 0.363889
2 0.6625 0.381944 0.674219 0.381944 0.674219 0.398611 0.6625 0.398611
2 0.603906 0.363889 0.617969 0.373611 0.616406 0.381944 0.602344 0.372222
3 0.678125 0.343056 0.685156 0.35 0.680469 0.369444 0.673438 0.363889
2 0.885156 0.45 0.875781 0.4625 0.863281 0.430556 0.872656 0.418056
2 0.780469 0.427778 0.798438 0.427778 0.798438 0.444444 0.780469 0.444444
3 0.799219 0.416667 0.810156 0.416667 0.810156 0.447222 0.799219 0.447222
3 0.809375 0.416667 0.81875 0.416667 0.81875 0.440278 0.809375 0.440278
2 0.880469 0.411111 0.908594 0.411111 0.908594 0.426389 0.880469 0.426389
2 0.896875 0.394444 0.916406 0.394444 0.916406 0.409722 0.896875 0.409722
3 0.81875 0.416667 0.83125 0.419444 0.829688 0.441667 0.817969 0.438889
0 0.821875 0.445833 0.879687 0.463889 0.877344 0.4875 0.819531 0.469444
3 0.85625 0.481944 0.871875 0.481944 0.871875 0.515278 0.85625 0.515278
3 0.78125 0.451389 0.805469 0.451389 0.805469 0.473611 0.78125 0.473611
2 0.733594 0.497222 0.759375 0.497222 0.759375 0.515278 0.733594 0.515278
0 0.717187 0.481944 0.6625 0.486111 0.661719 0.473611 0.717187 0.469444
2 0.65 0.452778 0.659375 0.4625 0.649219 0.494444 0.640625 0.484722
2 0.714844 0.498611 0.739062 0.526389 0.735156 0.538889 0.710938 0.5125
1 0.682031 0.505556 0.717969 0.525 0.7125 0.555556 0.676562 0.534722
1 0.732031 0.518056 0.745313 0.545833 0.707812 0.604167 0.69375 0.576389
3 0.703906 0.590278 0.733594 0.590278 0.733594 0.622222 0.703906 0.622222
2 0.733594 0.598611 0.775 0.6125 0.771094 0.640278 0.730469 0.626389
2 0.65625 0.544444 0.673438 0.544444 0.673438 0.565278 0.65625 0.565278
2 0.616406 0.575 0.652344 0.575 0.652344 0.598611 0.616406 0.598611
0 0.551562 0.5625 0.6 0.598611 0.592969 0.625 0.545312 0.588889
0 0.467969 0.513889 0.526563 0.531944 0.525 0.547222 0.466406 0.527778
