2 0.7 0.831944 0.708594 0.831944 0.708594 0.8625 0.7 0.8625
2 0.680469 0.7125 0.694531 0.729167 0.690625 0.740278 0.676562 0.722222
2 0.659375 0.745833 0.6625 0.759722 0.644531 0.770833 0.642188 0.756944
0 0.648438 0.752778 0.644531 0.7625 0.61875 0.729167 0.621875 0.719444
0 0.667188 0.706944 0.671094 0.718056 0.64375 0.745833 0.640625 0.734722
3 0.642969 0.740278 0.6375 0.747222 0.629687 0.727778 0.635938 0.720833
3 0.713281 0.698611 0.728906 0.698611 0.728906 0.715278 0.713281 0.715278
2 0.719531 0.690278 0.714063 0.7 0.704688 0.681944 0.710156 0.673611
0 0.720313 0.663889 0.757031 0.684722 0.755469 0.697222 0.71875 0.676389
0 0.728125 0.656944 0.763281 0.684722 0.760156 0.694444 0.725 0.668056
3 0.736719 0.658333 0.750781 0.666667 0.749219 0.676389 0.735156 0.668056
2 0.698438 0.651389 0.705469 0.651389 0.705469 0.670833 0.698438 0.670833
2 0.755469 0.6 0.766406 0.619444 0.761719 0.626389 0.750781 0.606944
0 0.667969 0.658333 0.671875 0.669444 0.647656 0.698611 0.64375 0.686111
2 0.596094 0.730556 0.614062 0.730556 0.614062 0.745833 0.596094 0.745833
3 0.594531 0.738889 0.588281 0.745833 0.580469 0.727778 0.5875 0.719444
0 0.572656 0.8 0.576562 0.813889 0.546094 0.841667 0.541406 0.827778
3 0.544531 0.706944 0.560937 0.706944 0.560937 0.720833 0.544531 0.720833
2 0.495312 0.680556 0.509375 0.693056 0.507031 0.705556 0.492188 0.694444
2 0.567969 0.695833 0.582031 0.695833 0.582031 0.708333 0.567969 0.708333
2 0.567969 0.697222 0.563281 0.705556 0.554688 0.691667 0.559375 0.683333
0 0.553125 0.711111 0.519531 0.716667 0.51875 0.705556 0.553125 0.698611
3 0.520312 0.688889 0.532031 0.688889 0.532031 0.7 0.520312 0.7
2 0.513281 0.670833 0.519531 0.670833 0.519531 0.694444 0.513281 0.694444
0 0.573438 0.702778 0.602344 0.727778 0.599219 0.738889 0.571094 0.713889
3 0.573438 0.670833 0.579688 0.670833 0.579688 0.691667 0.573438 0.691667
0 0.580469 0.644444 0.586719 0.645833 0.584375 0.690278 0.578125 0.688889
1 0.632031 0.681944 0.592187 0.698611 0.589063 0.679167 0.628906 0.661111
3 0.594531 0.669444 0.605469 0.669444 0.605469 0.680556 0.594531 0.680556
2 0.598437 0.638889 0.611719 0.65 0.608594 0.661111 0.595313 0.651389
2 0.600781 0.651389 0.596094 0.658333 0.5875 0.641667 0.592187 0.633333
0 0.633594 0.622222 0.6375 0.631944 0.615625 0.656944 0.6125 0.645833
3 0.625 0.618056 0.628906 0.627778 0.619531 0.641667 0.615625 0.631944
2 0.604688 0.605556 0.610156 0.613889 0.601562 0.629167 0.596875 0.620833
2 0.571094 0.6 0.585938 0.6 0.585938 0.6125 0.571094 0.6125
1 0.566406 0.601389 0.571094 0.618056 0.542969 0.644444 0.538281 0.627778
2 0.571875 0.5625 0.576562 0.568056 0.569531 0.584722 0.565625 0.579167
2 0.575 0.561111 0.580469 0.561111 0.580469 0.580556 0.575 0.580556
3 0.594531 0.583333 0.603906 0.583333 0.603906 0.595833 0.594531 0.595833
2 0.61875 0.581944 0.608594 0.584722 0.607031 0.573611 0.617969 0.569444
2 0.610938 0.566667 0.624219 0.566667 0.624219 0.579167 0.610938 0.579167
0 0.521094 0.551389 0.546094 0.568056 0.54375 0.577778 0.51875 0.561111
0 0.55 0.551389 0.529687 0.561111 0.528125 0.551389 0.548438 0.541667
1 0.7125 0.530556 0.717187 0.541667 0.695312 0.572222 0.690625 0.561111
2 0.678125 0.561111 0.69375 0.561111 0.69375 0.572222 0.678125 0.572222
1 0.710938 0.543056 0.674219 0.55 0.673438 0.531944 0.709375 0.525
2 0.678125 0.583333 0.674219 0.590278 0.667188 0.572222 0.671875 0.566667
2 0.646094 0.575 0.660937 0.575 0.660937 0.5875 0.646094 0.5875
0 0.652344 0.559722 0.673438 0.580556 0.670312 0.591667 0.649219 0.569444
2 0.658594 0.530556 0.648438 0.536111 0.646875 0.525 0.657031 0.519444
1 0.651563 0.498611 0.65625 0.511111 0.625 0.547222 0.619531 0.534722
0 0.553125 0.470833 0.578125 0.473611 0.577344 0.483333 0.552344 0.481944
2 0.571875 0.479167 0.582812 0.479167 0.582812 0.4875 0.571875 0.4875
2 0.571875 0.501389 0.58125 0.501389 0.58125 0.515278 0.571875 0.515278
2 0.596875 0.508333 0.60625 0.519444 0.603125 0.530556 0.592969 0.518056
0 0.595313 0.480556 0.6 0.484722 0.592969 0.508333 0.589063 0.504167
2 0.789844 0.658333 0.800781 0.658333 0.800781 0.681944 0.789844 0.681944
