1 0.511719 0.4 0.617188 0.420833 0.614062 0.469444 0.508594 0.448611
2 0.630469 0.483333 0.650781 0.483333 0.650781 0.513889 0.630469 0.513889
3 0.667969 0.579167 0.698438 0.595833 0.69375 0.620833 0.663281 0.602778
3 0.623437 0.593056 0.6375 0.613889 0.617188 0.655556 0.603906 0.634722
0 0.548438 0.490278 0.5625 0.502778 0.528906 0.625 0.514844 0.613889
3 0.521875 0.472222 0.5375 0.480556 0.526563 0.541667 0.510938 0.533333
2 0.625 0.740278 0.654687 0.761111 0.649219 0.7875 0.619531 0.766667
0 0.622656 0.7625 0.554688 0.779167 0.553125 0.756944 0.621094 0.740278
2 0.525 0.718056 0.558594 0.731944 0.555469 0.758333 0.521094 0.745833
2 0.555469 0.809722 0.569531 0.823611 0.552344 0.879167 0.539062 0.865278
2 0.471875 0.784722 0.485156 0.797222 0.465625 0.854167 0.453125 0.840278
2 0.471094 0.805556 0.436719 0.825 0.432031 0.8 0.467187 0.780556
2 0.354687 0.684722 0.390625 0.705556 0.385937 0.730556 0.35 0.711111
2 0.35625 0.7625 0.342969 0.773611 0.327344 0.713889 0.341406 0.702778
3 0.346875 0.783333 0.329688 0.793056 0.320312 0.738889 0.3375 0.729167
2 0.358594 0.790278 0.371875 0.804167 0.351562 0.866667 0.338281 0.852778
2 0.361719 0.829167 0.373437 0.843056 0.35 0.902778 0.338281 0.888889
3 0.358594 0.865278 0.373437 0.872222 0.364063 0.929167 0.349219 0.922222
3 0.399219 0.865278 0.384375 0.876389 0.371094 0.819444 0.385937 0.808333
3 0.448437 0.922222 0.432031 0.923611 0.43125 0.859722 0.447656 0.858333
2 0.883594 0.848611 0.850781 0.855556 0.85 0.830556 0.882031 0.823611
0 0.74375 0.920833 0.815625 0.929167 0.814063 0.955556 0.742188 0.947222
2 0.635938 0.918056 0.672656 0.925 0.671094 0.947222 0.635156 0.941667
2 0.6375 0.931944 0.671875 0.951389 0.667188 0.977778 0.632812 0.959722
2 0.642969 0.963889 0.617188 0.995833 0.607812 0.973611 0.634375 0.941667
2 0.667188 0.943056 0.680469 0.943056 0.680469 0.997222 0.667188 0.997222
