2 0.277344 0.195833 0.294531 0.2125 0.271875 0.286111 0.254688 0.269444
0 0.332031 0.205556 0.346875 0.230556 0.275781 0.3625 0.261719 0.3375
0 0.445312 0.201389 0.371875 0.251389 0.365625 0.222222 0.439063 0.172222
2 0.396875 0.218056 0.411719 0.2375 0.386719 0.297222 0.371875 0.276389
0 0.450781 0.526389 0.461719 0.540278 0.419531 0.640278 0.409375 0.625
2 0.508594 0.606944 0.51875 0.619444 0.503906 0.658333 0.494531 0.645833
2 0.46875 0.627778 0.475781 0.638889 0.461719 0.669444 0.454688 0.659722
2 0.478125 0.626389 0.484375 0.634722 0.46875 0.668056 0.463281 0.658333
2 0.465625 0.231944 0.48125 0.233333 0.479687 0.294444 0.464844 0.294444
3 0.484375 0.193056 0.498437 0.198611 0.489844 0.255556 0.476562 0.248611
2 0.497656 0.141667 0.507812 0.163889 0.484375 0.2 0.474219 0.177778
3 0.502344 0.1 0.514844 0.115278 0.495312 0.163889 0.483594 0.15
1 0.510156 0.116667 0.528125 0.129167 0.496094 0.286111 0.478125 0.275
2 0.495312 0.463889 0.501563 0.481944 0.476562 0.509722 0.470313 0.491667
2 0.509375 0.451389 0.517969 0.463889 0.499219 0.505556 0.490625 0.493056
2 0.535937 0.469444 0.539844 0.479167 0.51875 0.508333 0.514844 0.498611
2 0.549219 0.434722 0.559375 0.440278 0.551562 0.483333 0.541406 0.476389
1 0.594531 0.308333 0.604688 0.326389 0.554688 0.411111 0.545312 0.394444
0 0.583594 0.313889 0.589063 0.326389 0.546094 0.397222 0.540625 0.384722
2 0.507031 0.327778 0.514844 0.338889 0.494531 0.380556 0.4875 0.369444
2 0.510156 0.333333 0.521094 0.3375 0.514062 0.388889 0.503125 0.383333
2 0.579688 0.268056 0.5875 0.281944 0.567187 0.315278 0.560156 0.301389
2 0.583594 0.280556 0.592187 0.291667 0.574219 0.329167 0.566406 0.316667
3 0.601562 0.275 0.610156 0.293056 0.592969 0.316667 0.585156 0.298611
2 0.624219 0.2375 0.632812 0.25 0.614062 0.2875 0.60625 0.276389
3 0.517969 0.279167 0.541406 0.279167 0.541406 0.301389 0.517969 0.301389
2 0.511719 0.304167 0.484375 0.313889 0.482031 0.290278 0.509375 0.280556
3 0.517969 0.179167 0.529687 0.193056 0.510938 0.243056 0.499219 0.227778
0 0.56875 0.216667 0.599219 0.240278 0.594531 0.258333 0.564063 0.234722
0 0.567187 0.151389 0.576562 0.154167 0.565625 0.254167 0.557031 0.251389
3 0.546875 0.181944 0.557813 0.186111 0.551562 0.236111 0.541406 0.231944
3 0.530469 0.166667 0.541406 0.173611 0.53125 0.213889 0.521094 0.206944
3 0.539844 0.261111 0.527344 0.270833 0.519531 0.236111 0.532031 0.226389
2 0.590625 0.106944 0.596875 0.125 0.575781 0.147222 0.569531 0.130556
2 0.570312 0.131944 0.575781 0.147222 0.560937 0.163889 0.55625 0.148611
1 0.613281 0.0986111 0.596875 0.104167 0.584375 0.00555556 0.600781 0
3 0.624219 0.0763889 0.615625 0.0944444 0.600781 0.0694444 0.610156 0.0527778
0 0.609375 0.118056 0.599219 0.129167 0.569531 0.0527778 0.578906 0.0402778
0 0.603906 0.470833 0.610156 0.477778 0.583594 0.541667 0.578125 0.533333
3 0.542969 0.616667 0.55 0.627778 0.539844 0.648611 0.532813 0.638889
1 0.583594 0.493056 0.591406 0.498611 0.570312 0.579167 0.563281 0.573611
3 0.601562 0.331944 0.608594 0.341667 0.6 0.363889 0.592969 0.354167
2 0.664062 0.202778 0.653125 0.202778 0.652344 0.158333 0.663281 0.156944
