0 0.233594 0.347222 0.2 0.402778 0.0351562 0.0944444 0.06875 0.0388889
0 0.289062 0.302778 0.259375 0.358333 0.084375 0.0611111 0.113281 0.00694444
0 0.211719 0.498611 0.179688 0.556944 0.00078125 0.255556 0.0328125 0.195833
0 0.301563 0.620833 0.275 0.669444 0.119531 0.401389 0.146094 0.352778
0 0.335156 0.609722 0.308594 0.659722 0.152344 0.401389 0.178906 0.35
3 0.332813 0.545833 0.30625 0.595833 0.246094 0.493056 0.272656 0.443056
1 0.0117188 0.551389 0.0914062 0.554167 0.0882813 0.784722 0.00859375 0.781944
0 0.195312 0.734722 0.3875 0.793056 0.382031 0.848611 0.189844 0.790278
2 0.28125 0.713889 0.361719 0.743056 0.353906 0.805556 0.274219 0.776389
2 0.414844 0.75 0.39375 0.797222 0.335156 0.713889 0.35625 0.668056
0 0.411719 0.726389 0.378906 0.744444 0.336719 0.505556 0.370312 0.486111
0 0.4625 0.740278 0.433594 0.747222 0.411719 0.469444 0.440625 0.4625
2 0.44375 0.176389 0.476562 0.222222 0.413281 0.363889 0.38125 0.318056
0 0.714844 0.0180556 0.725 0.0958333 0.525781 0.177778 0.515625 0.101389
0 0.595313 0.111111 0.623437 0.154167 0.500781 0.4125 0.472656 0.369444
0 0.629687 0.113889 0.652344 0.147222 0.514062 0.438889 0.491406 0.405556
2 0.610156 0.259722 0.636719 0.308333 0.571875 0.420833 0.544531 0.370833
3 0.573438 0.00416667 0.653125 0.00416667 0.653125 0.0625 0.573438 0.0625
0 0.620313 0.416667 0.642188 0.45 0.526563 0.694444 0.504687 0.661111
3 0.621094 0.479167 0.64375 0.520833 0.585156 0.622222 0.5625 0.580556
2 0.817187 0.247222 0.904687 0.2625 0.9 0.3375 0.813281 0.322222
1 0.73125 0.393056 0.778125 0.433333 0.691406 0.755556 0.64375 0.715278
1 0.651563 0.536111 0.695312 0.568056 0.621875 0.876389 0.578125 0.843056
0 0.592187 0.665278 0.617188 0.679167 0.578906 0.897222 0.554688 0.883333
0 0.552344 0.686111 0.582031 0.694444 0.5625 0.908333 0.532813 0.9
0 0.523438 0.7 0.553125 0.7125 0.520312 0.948611 0.491406 0.936111
2 0.571094 0.708333 0.494531 0.736111 0.489844 0.690278 0.565625 0.6625
3 0.484375 0.731944 0.510156 0.763889 0.475781 0.852778 0.45 0.820833
3 0.460156 0.875 0.421094 0.947222 0.394531 0.901389 0.433594 0.829167
2 0.455469 0.722222 0.482812 0.748611 0.446094 0.866667 0.419531 0.840278
3 0.400781 0.915278 0.371094 0.944444 0.344531 0.858333 0.374219 0.829167
2 0.364063 0.934722 0.414062 0.934722 0.414062 0.995833 0.364063 0.995833
