2 0.211719 0.552778 0.251563 0.552778 0.251563 0.5875 0.211719 0.5875
0 0.586719 0.788889 0.6625 0.802778 0.660156 0.830556 0.585156 0.818056
1 0.647656 0.690278 0.733594 0.754167 0.724219 0.793056 0.638281 0.727778
2 0.6875 0.704167 0.721875 0.730556 0.717187 0.75 0.682813 0.725
1 0.742969 0.572222 0.763281 0.590278 0.724219 0.733333 0.703906 0.715278
2 0.775 0.554167 0.7875 0.566667 0.771094 0.618056 0.759375 0.605556
2 0.796875 0.577778 0.785156 0.586111 0.771875 0.529167 0.783594 0.520833
2 0.800781 0.368056 0.836719 0.3875 0.83125 0.413889 0.796094 0.394444
1 0.775 0.576389 0.755469 0.594444 0.710938 0.448611 0.730469 0.430556
3 0.735938 0.543056 0.725 0.5625 0.703125 0.523611 0.714063 0.504167
3 0.652344 0.515278 0.666406 0.529167 0.651563 0.576389 0.6375 0.5625
3 0.661719 0.534722 0.674219 0.541667 0.664844 0.595833 0.651563 0.588889
2 0.671094 0.561111 0.683594 0.575 0.664062 0.625 0.652344 0.609722
2 0.682813 0.515278 0.66875 0.529167 0.652344 0.476389 0.666406 0.4625
2 0.716406 0.483333 0.705469 0.494444 0.690625 0.444444 0.700781 0.433333
2 0.607812 0.543056 0.59375 0.548611 0.586719 0.493056 0.601562 0.4875
2 0.794531 0.426389 0.782031 0.433333 0.771875 0.376389 0.785156 0.369444
2 0.757031 0.463889 0.741406 0.472222 0.732031 0.416667 0.747656 0.408333
2 0.744531 0.429167 0.735156 0.455556 0.700781 0.418056 0.710156 0.391667
2 0.682813 0.394444 0.696094 0.395833 0.692187 0.459722 0.678906 0.458333
3 0.676562 0.422222 0.653125 0.45 0.64375 0.426389 0.667188 0.397222
2 0.603906 0.416667 0.634375 0.440278 0.628125 0.463889 0.597656 0.441667
0 0.45625 0.668056 0.533594 0.668056 0.533594 0.691667 0.45625 0.691667
2 0.490625 0.505556 0.459375 0.529167 0.454688 0.509722 0.486719 0.486111
2 0.539844 0.456944 0.555469 0.465278 0.546094 0.516667 0.530469 0.508333
3 0.569531 0.356944 0.58125 0.363889 0.573438 0.408333 0.561719 0.402778
2 0.589063 0.325 0.595313 0.345833 0.564063 0.373611 0.558594 0.352778
2 0.603125 0.329167 0.590625 0.338889 0.576562 0.281944 0.589844 0.272222
2 0.548438 0.355556 0.557813 0.369444 0.546875 0.391667 0.5375 0.377778
0 0.539062 0.340278 0.551562 0.355556 0.510938 0.461111 0.498437 0.445833
0 0.457031 0.406944 0.471094 0.416667 0.444531 0.526389 0.43125 0.515278
0 0.473438 0.351389 0.488281 0.358333 0.466406 0.483333 0.452344 0.475
0 0.514844 0.423611 0.501563 0.433333 0.472656 0.311111 0.485156 0.301389
0 0.51875 0.295833 0.529687 0.306944 0.498437 0.406944 0.4875 0.397222
2 0.494531 0.308333 0.523438 0.330556 0.517188 0.355556 0.488281 0.334722
2 0.5125 0.279167 0.525 0.2875 0.514062 0.333333 0.502344 0.323611
3 0.484375 0.252778 0.502344 0.252778 0.502344 0.308333 0.484375 0.308333
2 0.477344 0.211111 0.489063 0.225 0.469531 0.276389 0.458594 0.2625
3 0.536719 0.247222 0.552344 0.247222 0.552344 0.302778 0.536719 0.302778
3 0.547656 0.236111 0.561719 0.236111 0.561719 0.290278 0.547656 0.290278
3 0.561719 0.245833 0.575 0.245833 0.575 0.291667 0.561719 0.291667
2 0.553125 0.209722 0.585156 0.233333 0.578906 0.259722 0.546875 0.234722
2 0.817187 0.276389 0.803906 0.284722 0.794531 0.227778 0.807813 0.220833
0 0.803906 0.338889 0.789062 0.341667 0.784375 0.225 0.8 0.222222
3 0.802344 0.3625 0.776563 0.376389 0.771875 0.352778 0.798438 0.338889
3 0.790625 0.345833 0.777344 0.358333 0.763281 0.3125 0.777344 0.3
0 0.789844 0.311111 0.777344 0.320833 0.75625 0.231944 0.76875 0.223611
2 0.792188 0.188889 0.800781 0.206944 0.775781 0.241667 0.767969 0.223611
0 0.749219 0.402778 0.7375 0.405556 0.723437 0.276389 0.735156 0.272222
2 0.735156 0.341667 0.721094 0.348611 0.710938 0.291667 0.725781 0.284722
3 0.752344 0.309722 0.776563 0.329167 0.771094 0.35 0.746875 0.331944
3 0.736719 0.291667 0.764062 0.291667 0.764062 0.318056 0.736719 0.318056
0 0.675 0.2625 0.689063 0.263889 0.682031 0.376389 0.66875 0.375
2 0.703906 0.244444 0.715625 0.255556 0.699219 0.306944 0.688281 0.295833
2 0.688281 0.238889 0.700781 0.244444 0.694531 0.301389 0.68125 0.295833
2 0.676562 0.3125 0.661719 0.316667 0.655469 0.256944 0.670312 0.251389
3 0.646875 0.218056 0.672656 0.2375 0.666406 0.263889 0.640625 0.244444
0 0.7 0.225 0.755469 0.279167 0.75 0.295833 0.694531 0.243056
2 0.739844 0.201389 0.751563 0.215278 0.732812 0.2625 0.721094 0.248611
2 0.663281 0.208333 0.696875 0.227778 0.692969 0.252778 0.659375 0.233333
0 0.659375 0.193056 0.732812 0.215278 0.73125 0.238889 0.657031 0.215278
0 0.7125 0.177778 0.786719 0.184722 0.785937 0.209722 0.711719 0.204167
2 0.689844 0.198611 0.727344 0.198611 0.727344 0.220833 0.689844 0.220833
2 0.66875 0.144444 0.682031 0.15 0.675781 0.206944 0.661719 0.201389
2 0.682813 0.148611 0.692969 0.151389 0.686719 0.206944 0.675781 0.204167
3 0.619531 0.169444 0.60625 0.179167 0.59375 0.126389 0.607031 0.116667
1 0.669531 0.101389 0.750781 0.1625 0.742188 0.194444 0.660937 0.134722
2 0.7625 0.1375 0.73125 0.155556 0.727344 0.130556 0.758594 0.113889
3 0.691406 0.0972222 0.717187 0.116667 0.710938 0.144444 0.685156 0.125
