2 0.295312 0.447222 0.289062 0.459722 0.274219 0.438889 0.280469 0.425
2 0.402344 0.586111 0.411719 0.5875 0.409375 0.630556 0.399219 0.629167
2 0.398438 0.505556 0.407031 0.5125 0.397656 0.551389 0.389844 0.544444
2 0.433594 0.476389 0.441406 0.483333 0.429688 0.520833 0.421875 0.513889
3 0.454688 0.538889 0.447656 0.552778 0.432812 0.531944 0.439844 0.516667
3 0.510156 0.575 0.521094 0.583333 0.5125 0.615278 0.502344 0.608333
3 0.45 0.497222 0.461719 0.501389 0.457813 0.534722 0.446094 0.530556
0 0.663281 0.7125 0.652344 0.713889 0.644531 0.609722 0.655469 0.606944
3 0.6875 0.730556 0.677344 0.736111 0.669531 0.693056 0.680469 0.6875
3 0.7125 0.726389 0.690625 0.738889 0.686719 0.718056 0.708594 0.704167
2 0.692187 0.693056 0.696094 0.709722 0.671094 0.726389 0.667969 0.709722
0 0.746875 0.5125 0.754687 0.525 0.724219 0.5875 0.716406 0.576389
3 0.715625 0.434722 0.724219 0.445833 0.710938 0.479167 0.703125 0.468056
3 0.748437 0.455556 0.723437 0.469444 0.719531 0.445833 0.744531 0.431944
0 0.527344 0.429167 0.582031 0.441667 0.580469 0.461111 0.525781 0.448611
2 0.542969 0.426389 0.567187 0.426389 0.567187 0.443056 0.542969 0.443056
2 0.539062 0.433333 0.514844 0.443056 0.5125 0.425 0.5375 0.416667
2 0.478906 0.356944 0.4875 0.3625 0.480469 0.402778 0.471875 0.397222
3 0.475781 0.406944 0.457031 0.419444 0.453125 0.402778 0.471875 0.388889
2 0.446875 0.390278 0.439063 0.394444 0.434375 0.354167 0.442969 0.351389
2 0.460156 0.380556 0.452344 0.386111 0.446094 0.348611 0.453906 0.343056
2 0.473438 0.372222 0.466406 0.384722 0.451562 0.358333 0.458594 0.345833
2 0.451562 0.372222 0.444531 0.376389 0.4375 0.3375 0.445312 0.333333
2 0.441406 0.348611 0.432031 0.35 0.430469 0.309722 0.439844 0.308333
0 0.441406 0.315278 0.48125 0.3625 0.475781 0.376389 0.436719 0.327778
3 0.453906 0.313889 0.471875 0.331944 0.466406 0.35 0.448437 0.331944
2 0.510156 0.304167 0.534375 0.308333 0.532813 0.326389 0.509375 0.320833
0 0.555469 0.352778 0.547656 0.359722 0.532031 0.295833 0.539844 0.288889
2 0.542969 0.293056 0.551562 0.293056 0.551562 0.320833 0.542969 0.320833
2 0.453906 0.3 0.447656 0.308333 0.434375 0.277778 0.440625 0.269444
2 0.426563 0.25 0.429688 0.266667 0.4125 0.279167 0.408594 0.2625
1 0.455469 0.254167 0.398438 0.258333 0.398438 0.229167 0.454688 0.226389
2 0.466406 0.225 0.489063 0.231944 0.4875 0.25 0.464844 0.243056
2 0.467969 0.245833 0.459375 0.248611 0.454688 0.205556 0.463281 0.202778
0 0.528906 0.201389 0.485938 0.234722 0.482812 0.220833 0.525781 0.1875
3 0.491406 0.225 0.510156 0.225 0.510156 0.243056 0.491406 0.243056
3 0.510156 0.211111 0.529687 0.216667 0.527344 0.236111 0.507812 0.230556
2 0.528125 0.219444 0.547656 0.219444 0.547656 0.2375 0.528125 0.2375
3 0.546875 0.283333 0.529687 0.304167 0.524219 0.288889 0.540625 0.268056
2 0.575 0.268056 0.560156 0.286111 0.553125 0.268056 0.567969 0.25
2 0.478906 0.184722 0.500781 0.197222 0.498437 0.213889 0.475781 0.201389
2 0.51875 0.198611 0.496875 0.201389 0.496094 0.184722 0.517969 0.180556
2 0.548438 0.177778 0.570312 0.179167 0.569531 0.198611 0.547656 0.197222
2 0.561719 0.213889 0.5875 0.218056 0.586719 0.236111 0.560937 0.231944
2 0.597656 0.220833 0.574219 0.226389 0.572656 0.206944 0.596875 0.201389
0 0.610156 0.2625 0.596875 0.2625 0.595313 0.163889 0.608594 0.1625
2 0.592187 0.275 0.571094 0.298611 0.565625 0.284722 0.5875 0.261111
2 0.607812 0.295833 0.583594 0.306944 0.58125 0.290278 0.605469 0.279167
2 0.592187 0.315278 0.615625 0.326389 0.613281 0.340278 0.590625 0.330556
1 0.646094 0.3 0.579688 0.327778 0.576562 0.304167 0.642969 0.276389
0 0.658594 0.241667 0.663281 0.256944 0.611719 0.301389 0.607812 0.286111
0 0.679688 0.261111 0.667969 0.268056 0.651563 0.179167 0.6625 0.172222
1 0.64375 0.218056 0.651563 0.245833 0.590625 0.297222 0.583594 0.270833
0 0.679688 0.0972222 0.689844 0.102778 0.671875 0.204167 0.6625 0.2
0 0.671875 0.155556 0.664844 0.173611 0.623437 0.115278 0.63125 0.0986111
0 0.659375 0.0194444 0.667969 0.0333333 0.632812 0.102778 0.624219 0.0888889
2 0.779687 0.0486111 0.786719 0.0652778 0.764062 0.0958333 0.757031 0.0805556
0 0.414062 0.0625 0.421875 0.0736111 0.389062 0.141667 0.382031 0.130556
1 0.429688 0.0222222 0.444531 0.0291667 0.426563 0.133333 0.411719 0.126389
2 0.507031 0.0486111 0.515625 0.0583333 0.502344 0.0916667 0.494531 0.0819444
0 0.413281 0.05 0.421094 0.0638889 0.385937 0.123611 0.378906 0.111111
