3 0.414844 0.3125 0.408594 0.322222 0.399219 0.302778 0.405469 0.293056
2 0.402344 0.313889 0.41875 0.318056 0.417969 0.333333 0.401562 0.329167
2 0.424219 0.344444 0.407031 0.348611 0.40625 0.334722 0.423438 0.331944
2 0.413281 0.338889 0.430469 0.345833 0.428906 0.358333 0.411719 0.351389
2 0.420312 0.320833 0.434375 0.334722 0.430469 0.345833 0.416406 0.331944
0 0.453906 0.256944 0.4625 0.258333 0.461719 0.319444 0.453125 0.319444
0 0.410156 0.347222 0.447656 0.359722 0.446094 0.370833 0.408594 0.356944
2 0.421094 0.376389 0.425781 0.386111 0.4125 0.409722 0.407813 0.4
0 0.434375 0.366667 0.439063 0.375 0.417969 0.411111 0.413281 0.402778
3 0.424219 0.361111 0.436719 0.361111 0.436719 0.377778 0.424219 0.377778
2 0.413281 0.363889 0.430469 0.376389 0.427344 0.388889 0.410938 0.375
1 0.439063 0.391667 0.478125 0.434722 0.473438 0.45 0.433594 0.408333
2 0.44375 0.430556 0.459375 0.434722 0.458594 0.448611 0.442188 0.445833
2 0.460156 0.445833 0.465625 0.454167 0.454688 0.477778 0.449219 0.469444
3 0.461719 0.434722 0.476562 0.448611 0.471875 0.461111 0.457813 0.447222
2 0.476562 0.504167 0.485156 0.504167 0.485156 0.533333 0.476562 0.533333
2 0.439063 0.515278 0.454688 0.527778 0.451562 0.540278 0.435937 0.529167
0 0.470313 0.604167 0.504687 0.611111 0.504687 0.623611 0.469531 0.618056
2 0.373437 0.561111 0.382031 0.561111 0.382031 0.594444 0.373437 0.594444
2 0.389844 0.583333 0.382812 0.586111 0.378906 0.555556 0.385937 0.552778
2 0.396094 0.566667 0.401562 0.577778 0.3875 0.601389 0.382031 0.590278
3 0.385937 0.545833 0.395313 0.545833 0.395313 0.576389 0.385937 0.576389
3 0.434375 0.647222 0.419531 0.659722 0.416406 0.648611 0.430469 0.634722
2 0.427344 0.651389 0.432812 0.659722 0.421094 0.681944 0.415625 0.672222
0 0.485938 0.752778 0.478906 0.758333 0.464844 0.690278 0.471875 0.684722
0 0.472656 0.676389 0.504687 0.718056 0.5 0.729167 0.467969 0.6875
0 0.467969 0.661111 0.499219 0.698611 0.495312 0.709722 0.464062 0.672222
1 0.695312 0.740278 0.655469 0.769444 0.65 0.748611 0.690625 0.718056
1 0.605469 0.669444 0.645312 0.718056 0.638281 0.736111 0.598437 0.6875
2 0.590625 0.686111 0.583594 0.688889 0.578906 0.659722 0.585938 0.655556
3 0.598437 0.626389 0.604688 0.6375 0.59375 0.654167 0.588281 0.644444
2 0.605469 0.593056 0.589063 0.6 0.5875 0.586111 0.603906 0.579167
2 0.600781 0.533333 0.607812 0.536111 0.603125 0.565278 0.596094 0.561111
2 0.624219 0.563889 0.616406 0.569444 0.610938 0.538889 0.61875 0.534722
0 0.6125 0.523611 0.648438 0.531944 0.647656 0.547222 0.611719 0.538889
3 0.58125 0.511111 0.5875 0.520833 0.579688 0.538889 0.572656 0.527778
2 0.533594 0.498611 0.541406 0.501389 0.5375 0.531944 0.529687 0.529167
2 0.55 0.508333 0.55625 0.515278 0.546875 0.538889 0.540625 0.533333
3 0.498437 0.468056 0.513281 0.468056 0.513281 0.483333 0.498437 0.483333
2 0.545312 0.461111 0.552344 0.466667 0.545312 0.493056 0.539062 0.488889
2 0.553125 0.4625 0.558594 0.468056 0.552344 0.493056 0.546875 0.488889
2 0.563281 0.448611 0.546875 0.4625 0.542969 0.45 0.559375 0.436111
2 0.590625 0.472222 0.597656 0.476389 0.592969 0.505556 0.585938 0.502778
0 0.628125 0.458333 0.596094 0.476389 0.59375 0.4625 0.625 0.445833
3 0.630469 0.455556 0.64375 0.455556 0.64375 0.472222 0.630469 0.472222
3 0.648438 0.486111 0.65625 0.493056 0.650781 0.5125 0.642188 0.505556
2 0.671875 0.470833 0.678125 0.473611 0.675 0.502778 0.667969 0.501389
2 0.678125 0.475 0.683594 0.477778 0.679688 0.505556 0.673438 0.501389
3 0.650781 0.454167 0.64375 0.463889 0.635156 0.440278 0.642188 0.431944
3 0.639844 0.416667 0.645312 0.425 0.636719 0.444444 0.630469 0.436111
0 0.65 0.426389 0.645312 0.433333 0.626563 0.386111 0.632031 0.379167
2 0.655469 0.381944 0.673438 0.383333 0.672656 0.398611 0.654687 0.397222
2 0.659375 0.368056 0.6625 0.379167 0.647656 0.393056 0.644531 0.381944
2 0.647656 0.325 0.639062 0.329167 0.635938 0.302778 0.644531 0.298611
0 0.630469 0.288889 0.6375 0.290278 0.634375 0.352778 0.626563 0.351389
2 0.635938 0.319444 0.641406 0.322222 0.6375 0.343056 0.632812 0.340278
0 0.591406 0.326389 0.625781 0.326389 0.625781 0.3375 0.591406 0.3375
0 0.565625 0.398611 0.558594 0.402778 0.544531 0.344444 0.551562 0.338889
2 0.567187 0.384722 0.5625 0.3875 0.55625 0.361111 0.560937 0.356944
3 0.527344 0.365278 0.533594 0.370833 0.528125 0.390278 0.521875 0.384722
3 0.496094 0.306944 0.511719 0.306944 0.511719 0.322222 0.496094 0.322222
3 0.49375 0.293056 0.500781 0.298611 0.49375 0.319444 0.4875 0.313889
3 0.530469 0.308333 0.54375 0.320833 0.540625 0.333333 0.526563 0.319444
0 0.496094 0.277778 0.528906 0.309722 0.525 0.320833 0.492969 0.290278
2 0.576562 0.336111 0.580469 0.341667 0.570312 0.3625 0.566406 0.356944
2 0.546094 0.288889 0.528906 0.295833 0.527344 0.283333 0.544531 0.276389
1 0.590625 0.275 0.583594 0.290278 0.55 0.241667 0.557031 0.227778
0 0.553906 0.266667 0.548438 0.272222 0.53125 0.226389 0.536719 0.219444
2 0.555469 0.252778 0.549219 0.259722 0.539844 0.236111 0.546094 0.229167
2 0.528906 0.204167 0.542969 0.218056 0.539062 0.229167 0.525 0.215278
