3 0.373437 0.941667 0.385156 0.958333 0.365625 0.997222 0.354687 0.980556
2 0.560156 0.876389 0.571094 0.897222 0.542188 0.945833 0.53125 0.926389
2 0.571875 0.886111 0.584375 0.904167 0.557031 0.9625 0.545312 0.943056
2 0.495312 0.806944 0.53125 0.826389 0.525781 0.856944 0.489844 0.8375
3 0.576562 0.829167 0.5625 0.844444 0.542188 0.791667 0.55625 0.776389
3 0.445312 0.729167 0.477344 0.754167 0.471094 0.780556 0.439063 0.755556
2 0.450781 0.659722 0.417187 0.684722 0.411719 0.661111 0.445312 0.636111
2 0.460156 0.644444 0.445312 0.645833 0.442969 0.586111 0.458594 0.584722
3 0.465625 0.605556 0.491406 0.640278 0.48125 0.663889 0.455469 0.627778
2 0.490625 0.633333 0.503906 0.647222 0.484375 0.701389 0.471875 0.686111
2 0.521875 0.7125 0.511719 0.729167 0.485156 0.683333 0.494531 0.665278
2 0.464062 0.638889 0.483594 0.668056 0.474219 0.6875 0.455469 0.658333
2 0.513281 0.633333 0.500781 0.645833 0.483594 0.588889 0.496094 0.576389
3 0.448437 0.552778 0.478906 0.552778 0.478906 0.577778 0.448437 0.577778
0 0.526563 0.690278 0.511719 0.691667 0.503906 0.547222 0.51875 0.544444
0 0.439844 0.597222 0.421875 0.602778 0.40625 0.4625 0.424219 0.456944
2 0.463281 0.459722 0.425781 0.472222 0.422656 0.445833 0.460156 0.431944
3 0.434375 0.384722 0.453125 0.384722 0.453125 0.443056 0.434375 0.443056
2 0.501563 0.452778 0.488281 0.463889 0.471094 0.406944 0.483594 0.394444
2 0.498437 0.4625 0.514062 0.472222 0.503125 0.533333 0.4875 0.523611
2 0.534375 0.473611 0.549219 0.488889 0.53125 0.545833 0.516406 0.531944
3 0.542969 0.616667 0.526563 0.625 0.516406 0.569444 0.533594 0.559722
2 0.561719 0.611111 0.569531 0.633333 0.538281 0.668056 0.530469 0.645833
2 0.582812 0.694444 0.570312 0.708333 0.551562 0.647222 0.564844 0.634722
2 0.586719 0.727778 0.549219 0.736111 0.546875 0.705556 0.585156 0.697222
0 0.563281 0.569444 0.546875 0.570833 0.541406 0.426389 0.557813 0.425
2 0.609375 0.354167 0.61875 0.375 0.588281 0.418056 0.579688 0.397222
0 0.608594 0.725 0.597656 0.738889 0.561719 0.644444 0.572656 0.630556
2 0.611719 0.670833 0.642969 0.713889 0.635156 0.733333 0.603125 0.690278
2 0.645312 0.680556 0.685937 0.6875 0.684375 0.715278 0.64375 0.708333
3 0.639844 0.708333 0.657813 0.708333 0.657813 0.758333 0.639844 0.758333
3 0.660937 0.797222 0.646875 0.811111 0.632812 0.763889 0.646875 0.751389
2 0.6625 0.843056 0.649219 0.855556 0.63125 0.794444 0.64375 0.781944
3 0.608594 0.784722 0.622656 0.791667 0.613281 0.845833 0.599219 0.838889
0 0.596094 0.791667 0.673438 0.843056 0.667969 0.866667 0.590625 0.813889
1 0.585938 0.868056 0.694531 0.868056 0.694531 0.906944 0.585938 0.906944
1 0.601562 0.890278 0.710938 0.902778 0.709375 0.943056 0.600781 0.930556
2 0.644531 0.972222 0.676562 0.972222 0.676562 0.995833 0.644531 0.995833
3 0.654687 0.545833 0.682813 0.572222 0.673438 0.6 0.646094 0.573611
3 0.792969 0.752778 0.811719 0.752778 0.811719 0.790278 0.792969 0.790278
3 0.7625 0.733333 0.780469 0.733333 0.780469 0.779167 0.7625 0.779167
2 0.78125 0.747222 0.795312 0.747222 0.795312 0.784722 0.78125 0.784722
3 0.791406 0.698611 0.758594 0.723611 0.752344 0.697222 0.785156 0.672222
0 0.738281 0.563889 0.753906 0.565278 0.750781 0.715278 0.735938 0.713889
0 0.720313 0.544444 0.800781 0.544444 0.800781 0.570833 0.720313 0.570833
2 0.721094 0.509722 0.735156 0.525 0.713281 0.581944 0.7 0.565278
1 0.8875 0.381944 0.783594 0.419444 0.778125 0.375 0.882812 0.3375
1 0.835156 0.202778 0.744531 0.301389 0.73125 0.263889 0.822656 0.163889
0 0.674219 0.148611 0.657813 0.155556 0.641406 0.0208333 0.657813 0.0152778
