2 0.486719 0.538889 0.498437 0.547222 0.4875 0.593056 0.475781 0.584722
2 0.478125 0.705556 0.484375 0.720833 0.465625 0.740278 0.460156 0.725
2 0.494531 0.675 0.499219 0.6875 0.477344 0.713889 0.472656 0.7
2 0.546094 0.7 0.570312 0.7125 0.566406 0.731944 0.542969 0.718056
2 0.56875 0.751389 0.561719 0.761111 0.548438 0.733333 0.555469 0.722222
2 0.610156 0.552778 0.617188 0.565278 0.598437 0.598611 0.591406 0.584722
3 0.602344 0.556944 0.614844 0.580556 0.607812 0.591667 0.595313 0.569444
3 0.646094 0.536111 0.65625 0.554167 0.639062 0.583333 0.628906 0.565278
1 0.714844 0.656944 0.65625 0.708333 0.65 0.683333 0.707812 0.631944
0 0.703125 0.7 0.707031 0.7125 0.663281 0.756944 0.659375 0.744444
2 0.663281 0.751389 0.671094 0.755556 0.665625 0.786111 0.657813 0.780556
2 0.727344 0.654167 0.735938 0.659722 0.728125 0.691667 0.720313 0.684722
2 0.717187 0.645833 0.724219 0.652778 0.713281 0.6875 0.70625 0.680556
0 0.886719 0.634722 0.892188 0.648611 0.852344 0.698611 0.846875 0.683333
0 0.721094 0.6375 0.714063 0.648611 0.689063 0.595833 0.696094 0.584722
2 0.711719 0.579167 0.691406 0.5875 0.689063 0.568056 0.710156 0.561111
1 0.700781 0.516667 0.748437 0.558333 0.741406 0.583333 0.694531 0.540278
2 0.783594 0.35 0.753125 0.366667 0.749219 0.343056 0.779687 0.326389
3 0.757812 0.468056 0.771875 0.468056 0.771875 0.501389 0.757812 0.501389
2 0.792969 0.461111 0.803906 0.461111 0.803906 0.504167 0.792969 0.504167
2 0.786719 0.5 0.774219 0.501389 0.773438 0.459722 0.785937 0.458333
2 0.759375 0.598611 0.766406 0.611111 0.75 0.638889 0.74375 0.625
2 0.771875 0.581944 0.752344 0.595833 0.748437 0.583333 0.76875 0.568056
2 0.934375 0.498611 0.94375 0.509722 0.929688 0.545833 0.921094 0.534722
2 0.828906 0.583333 0.839063 0.590278 0.830469 0.623611 0.821094 0.616667
2 0.795312 0.593056 0.814063 0.593056 0.814063 0.611111 0.795312 0.611111
2 0.819531 0.5875 0.810156 0.591667 0.80625 0.5625 0.816406 0.558333
2 0.840625 0.5 0.846875 0.513889 0.825 0.544444 0.819531 0.530556
3 0.842187 0.516667 0.847656 0.530556 0.827344 0.554167 0.822656 0.538889
0 0.825 0.494444 0.834375 0.504167 0.807813 0.581944 0.799219 0.573611
3 0.791406 0.515278 0.8 0.526389 0.784375 0.566667 0.775781 0.555556
2 0.782031 0.533333 0.755469 0.547222 0.752344 0.529167 0.778906 0.515278
3 0.864062 0.413889 0.842187 0.425 0.838281 0.405556 0.860938 0.393056
