2 0.485938 0.188889 0.475781 0.193056 0.471875 0.151389 0.48125 0.148611
2 0.228125 0.609722 0.221094 0.619444 0.207031 0.583333 0.214844 0.575
2 0.38125 0.523611 0.372656 0.533333 0.361719 0.498611 0.371094 0.490278
2 0.353906 0.494444 0.372656 0.516667 0.367969 0.529167 0.349219 0.505556
0 0.38125 0.543056 0.328906 0.561111 0.327344 0.545833 0.379688 0.527778
0 0.379688 0.5375 0.386719 0.55 0.349219 0.613889 0.342969 0.601389
2 0.384375 0.5625 0.391406 0.576389 0.371094 0.604167 0.364844 0.590278
2 0.309375 0.629167 0.316406 0.6375 0.304688 0.665278 0.298438 0.656944
3 0.403906 0.751389 0.414062 0.758333 0.405469 0.793056 0.396094 0.784722
2 0.332813 0.8375 0.342187 0.844444 0.33125 0.8875 0.321875 0.880556
2 0.35 0.791667 0.360938 0.8 0.35 0.845833 0.339062 0.836111
2 0.378906 0.822222 0.388281 0.829167 0.378125 0.870833 0.36875 0.863889
0 0.353906 0.769444 0.400781 0.826389 0.394531 0.840278 0.348438 0.784722
3 0.3625 0.895833 0.383594 0.895833 0.383594 0.918056 0.3625 0.918056
3 0.36875 0.925 0.388281 0.940278 0.383594 0.958333 0.364063 0.944444
3 0.379688 0.968056 0.401562 0.968056 0.401562 0.988889 0.379688 0.988889
0 0.404687 0.973611 0.394531 0.980556 0.377344 0.883333 0.388281 0.877778
3 0.409375 0.919444 0.399219 0.927778 0.391406 0.894444 0.401562 0.886111
2 0.416406 0.881944 0.425781 0.890278 0.414062 0.929167 0.404687 0.919444
2 0.440625 0.925 0.414844 0.933333 0.4125 0.913889 0.439063 0.905556
2 0.396875 0.925 0.421875 0.925 0.421875 0.941667 0.396875 0.941667
2 0.548438 0.9875 0.538281 0.993056 0.529687 0.945833 0.540625 0.940278
2 0.56875 0.915278 0.575 0.930556 0.553906 0.961111 0.546875 0.945833
2 0.546094 0.954167 0.571875 0.958333 0.570312 0.979167 0.545312 0.975
3 0.551562 0.851389 0.574219 0.859722 0.571094 0.880556 0.549219 0.873611
0 0.544531 0.843056 0.604688 0.843056 0.604688 0.859722 0.544531 0.859722
2 0.61875 0.870833 0.607812 0.872222 0.60625 0.833333 0.617188 0.831944
2 0.617969 0.802778 0.628125 0.804167 0.625 0.85 0.615625 0.848611
2 0.582812 0.825 0.609375 0.834722 0.607031 0.852778 0.580469 0.843056
2 0.659375 0.856944 0.632031 0.868056 0.629687 0.847222 0.657031 0.8375
1 0.672656 0.805556 0.685937 0.820833 0.64375 0.930556 0.63125 0.913889
2 0.670312 0.945833 0.667969 0.965278 0.639844 0.952778 0.642969 0.931944
2 0.675781 0.938889 0.664844 0.945833 0.653125 0.897222 0.664062 0.888889
0 0.635938 0.797222 0.582812 0.826389 0.578906 0.806944 0.632812 0.777778
1 0.657813 0.669444 0.671875 0.686111 0.633594 0.7875 0.61875 0.770833
0 0.69375 0.815278 0.684375 0.827778 0.653906 0.748611 0.664062 0.7375
2 0.689844 0.765278 0.7125 0.7875 0.707812 0.802778 0.685156 0.780556
3 0.696094 0.873611 0.717969 0.886111 0.714063 0.905556 0.692187 0.894444
3 0.689063 0.863889 0.696094 0.877778 0.680469 0.905556 0.673438 0.891667
0 0.778906 0.859722 0.723437 0.890278 0.720313 0.869444 0.775781 0.840278
0 0.545312 0.588889 0.555469 0.590278 0.549219 0.688889 0.539844 0.6875
2 0.575 0.638889 0.55625 0.666667 0.55 0.652778 0.56875 0.625
2 0.592187 0.620833 0.584375 0.633333 0.56875 0.6 0.576562 0.5875
0 0.552344 0.601389 0.598437 0.636111 0.594531 0.65 0.549219 0.616667
3 0.65625 0.575 0.645312 0.584722 0.635938 0.555556 0.647656 0.544444
3 0.532031 0.598611 0.521875 0.604167 0.515625 0.568056 0.525781 0.5625
2 0.542969 0.504167 0.521875 0.515278 0.51875 0.497222 0.540625 0.486111
2 0.594531 0.423611 0.586719 0.433333 0.575 0.401389 0.582812 0.393056
0 0.607812 0.445833 0.6 0.452778 0.582812 0.395833 0.590625 0.388889
1 0.650781 0.305556 0.664062 0.322222 0.628125 0.413889 0.615625 0.398611
2 0.585938 0.383333 0.560937 0.393056 0.558594 0.373611 0.583594 0.363889
2 0.592187 0.390278 0.571094 0.406944 0.567187 0.388889 0.588281 0.372222
2 0.527344 0.397222 0.517969 0.402778 0.511719 0.365278 0.521094 0.361111
2 0.499219 0.380556 0.521875 0.398611 0.517969 0.413889 0.495312 0.397222
0 0.578906 0.269444 0.627344 0.279167 0.626563 0.294444 0.578125 0.284722
0 0.616406 0.216667 0.624219 0.226389 0.603125 0.281944 0.596094 0.272222
2 0.594531 0.215278 0.603906 0.225 0.592969 0.258333 0.583594 0.25
3 0.575 0.243056 0.585938 0.243056 0.585938 0.279167 0.575 0.279167
3 0.783594 0.325 0.794531 0.325 0.794531 0.363889 0.783594 0.363889
