1 0.764062 0.0208333 0.822656 0.0444444 0.763281 0.515278 0.704688 0.491667
0 0.842187 0.876389 0.8125 0.891667 0.780469 0.695833 0.810156 0.680556
2 0.911719 0.836111 0.840625 0.879167 0.830469 0.827778 0.901563 0.784722
3 0.892188 0.675 0.924219 0.681944 0.917188 0.781944 0.885938 0.775
3 0.982031 0.736111 0.927344 0.788889 0.9125 0.741667 0.967187 0.6875
1 0.957031 0.740278 0.985938 0.808333 0.882812 0.945833 0.853906 0.877778
0 0.972656 0.818056 0.991406 0.859722 0.903906 0.983333 0.885156 0.941667
0 0.821875 0.519444 0.957812 0.651389 0.940625 0.706944 0.804688 0.575
2 0.948438 0.5875 0.925781 0.6375 0.871875 0.561111 0.894531 0.511111
2 0.946094 0.509722 0.979688 0.509722 0.979688 0.630556 0.946094 0.630556
0 0.953906 0.4625 0.91875 0.466667 0.907031 0.126389 0.942187 0.122222
0 0.986719 0.468056 0.951562 0.472222 0.939063 0.140278 0.973437 0.136111
3 0.970313 0.2625 0.996875 0.2625 0.996875 0.394444 0.970313 0.394444
