0 0.477344 0.277778 0.501563 0.291667 0.499219 0.301389 0.475781 0.2875
1 0.542969 0.311111 0.569531 0.3375 0.564844 0.351389 0.538281 0.326389
2 0.6 0.361111 0.611719 0.370833 0.610156 0.379167 0.598437 0.370833
3 0.589844 0.373611 0.600781 0.373611 0.600781 0.386111 0.589844 0.386111
2 0.599219 0.390278 0.611719 0.390278 0.611719 0.402778 0.599219 0.402778
2 0.586719 0.4 0.601562 0.4 0.601562 0.409722 0.586719 0.409722
3 0.560156 0.402778 0.571875 0.402778 0.571875 0.4125 0.560156 0.4125
3 0.5625 0.390278 0.575781 0.390278 0.575781 0.4 0.5625 0.4
2 0.522656 0.369444 0.528125 0.369444 0.528125 0.3875 0.522656 0.3875
2 0.536719 0.376389 0.527344 0.383333 0.526563 0.377778 0.535156 0.370833
0 0.540625 0.368056 0.54375 0.376389 0.525781 0.397222 0.522656 0.388889
2 0.51875 0.4125 0.524219 0.4125 0.524219 0.430556 0.51875 0.430556
2 0.511719 0.411111 0.507031 0.419444 0.498437 0.404167 0.503125 0.395833
1 0.511719 0.438889 0.50625 0.447222 0.489844 0.413889 0.495312 0.404167
2 0.507031 0.448611 0.502344 0.456944 0.494531 0.441667 0.499219 0.433333
3 0.486719 0.413889 0.480469 0.415278 0.478125 0.398611 0.484375 0.395833
2 0.48125 0.416667 0.475781 0.419444 0.472656 0.401389 0.478125 0.398611
2 0.472656 0.406944 0.461719 0.409722 0.461719 0.398611 0.472656 0.395833
3 0.455469 0.405556 0.464062 0.405556 0.464062 0.423611 0.455469 0.423611
0 0.480469 0.461111 0.475781 0.466667 0.465625 0.438889 0.470313 0.433333
3 0.489063 0.426389 0.496875 0.426389 0.496875 0.445833 0.489063 0.445833
2 0.492969 0.452778 0.495312 0.463889 0.482812 0.472222 0.479687 0.4625
3 0.539844 0.413889 0.546094 0.419444 0.542969 0.433333 0.536719 0.429167
2 0.557031 0.458333 0.551562 0.463889 0.546875 0.451389 0.551562 0.444444
0 0.520312 0.475 0.514844 0.476389 0.510938 0.443056 0.517188 0.441667
2 0.532031 0.465278 0.548438 0.465278 0.548438 0.480556 0.532031 0.480556
2 0.685937 0.422222 0.696094 0.422222 0.696094 0.440278 0.685937 0.440278
2 0.715625 0.475 0.724219 0.475 0.724219 0.494444 0.715625 0.494444
3 0.660937 0.472222 0.676562 0.477778 0.675781 0.490278 0.660156 0.484722
2 0.640625 0.427778 0.646094 0.434722 0.6375 0.451389 0.632812 0.444444
3 0.603125 0.498611 0.610156 0.504167 0.605469 0.522222 0.598437 0.516667
2 0.595313 0.472222 0.607031 0.472222 0.607031 0.486111 0.595313 0.486111
1 0.603125 0.477778 0.630469 0.491667 0.627344 0.511111 0.6 0.498611
0 0.555469 0.530556 0.5625 0.534722 0.553906 0.575 0.547656 0.569444
0 0.577344 0.548611 0.58125 0.561111 0.558594 0.5875 0.554688 0.575
3 0.580469 0.552778 0.5875 0.554167 0.585156 0.575 0.577344 0.572222
2 0.599219 0.584722 0.607031 0.591667 0.6 0.615278 0.592187 0.606944
2 0.572656 0.579167 0.58125 0.579167 0.58125 0.601389 0.572656 0.601389
0 0.55 0.611111 0.542188 0.613889 0.5375 0.575 0.545312 0.572222
2 0.555469 0.583333 0.560156 0.593056 0.55 0.606944 0.546094 0.597222
2 0.497656 0.5625 0.491406 0.570833 0.48125 0.55 0.4875 0.541667
2 0.4875 0.504167 0.503906 0.504167 0.503906 0.516667 0.4875 0.516667
0 0.4875 0.527778 0.508594 0.568056 0.503906 0.576389 0.482031 0.536111
