2 0.385937 0.479167 0.398438 0.490278 0.383594 0.548611 0.371094 0.538889
0 0.426563 0.483333 0.4375 0.5 0.388281 0.601389 0.378125 0.586111
2 0.475781 0.477778 0.486719 0.488889 0.471094 0.538889 0.460156 0.527778
0 0.515625 0.461111 0.458594 0.504167 0.453906 0.483333 0.510156 0.440278
2 0.582812 0.552778 0.589844 0.561111 0.577344 0.598611 0.569531 0.590278
2 0.586719 0.558333 0.595313 0.559722 0.595313 0.601389 0.585938 0.601389
2 0.592187 0.694444 0.571875 0.713889 0.566406 0.697222 0.586719 0.677778
2 0.596875 0.663889 0.603906 0.672222 0.590625 0.709722 0.582812 0.7
0 0.55 0.734722 0.560156 0.745833 0.528125 0.836111 0.51875 0.825
0 0.604688 0.820833 0.560937 0.847222 0.557813 0.830556 0.601562 0.805556
2 0.577344 0.830556 0.584375 0.840278 0.570312 0.869444 0.563281 0.859722
2 0.584375 0.829167 0.590625 0.836111 0.579688 0.869444 0.572656 0.8625
2 0.617188 0.816667 0.625781 0.825 0.615625 0.859722 0.607031 0.851389
3 0.653125 0.822222 0.6625 0.831944 0.652344 0.8625 0.64375 0.852778
0 0.703125 0.675 0.710156 0.681944 0.690625 0.747222 0.683594 0.741667
3 0.71875 0.604167 0.728125 0.604167 0.728125 0.636111 0.71875 0.636111
1 0.680469 0.697222 0.688281 0.7 0.678125 0.783333 0.671094 0.779167
2 0.648438 0.811111 0.664062 0.813889 0.6625 0.831944 0.647656 0.829167
2 0.673438 0.6 0.680469 0.606944 0.670312 0.6375 0.664062 0.630556
0 0.71875 0.576389 0.723437 0.5875 0.694531 0.626389 0.690625 0.616667
2 0.639062 0.641667 0.649219 0.645833 0.644531 0.684722 0.635156 0.680556
2 0.674219 0.543056 0.678125 0.554167 0.666406 0.566667 0.6625 0.555556
2 0.657031 0.573611 0.661719 0.581944 0.649219 0.602778 0.644531 0.595833
1 0.669531 0.527778 0.679688 0.543056 0.638281 0.623611 0.628125 0.608333
3 0.68125 0.545833 0.689063 0.554167 0.68125 0.575 0.673438 0.566667
2 0.635156 0.656944 0.625781 0.656944 0.625 0.619444 0.634375 0.618056
2 0.626563 0.677778 0.63125 0.688889 0.614062 0.7125 0.609375 0.702778
0 0.660156 0.533333 0.667969 0.547222 0.63125 0.609722 0.624219 0.595833
2 0.650781 0.494444 0.657813 0.505556 0.641406 0.5375 0.634375 0.525
2 0.657031 0.502778 0.664062 0.513889 0.649219 0.545833 0.642188 0.534722
3 0.675 0.497222 0.682813 0.513889 0.667969 0.534722 0.660156 0.518056
2 0.69375 0.459722 0.702344 0.469444 0.690625 0.506944 0.682031 0.497222
3 0.59375 0.5125 0.6125 0.5125 0.6125 0.530556 0.59375 0.530556
2 0.583594 0.533333 0.560937 0.541667 0.558594 0.522222 0.58125 0.5125
3 0.565625 0.541667 0.583594 0.551389 0.580469 0.573611 0.561719 0.5625
2 0.551562 0.527778 0.539062 0.530556 0.536719 0.480556 0.548438 0.479167
3 0.552344 0.448611 0.5625 0.452778 0.557031 0.495833 0.547656 0.493056
3 0.557813 0.375 0.570312 0.3875 0.558594 0.425 0.546094 0.413889
2 0.558594 0.405556 0.566406 0.419444 0.549219 0.448611 0.541406 0.434722
1 0.567969 0.3875 0.582031 0.393056 0.566406 0.520833 0.552344 0.516667
3 0.577344 0.433333 0.589844 0.441667 0.578906 0.4875 0.566406 0.477778
3 0.592969 0.465278 0.607031 0.4875 0.600781 0.501389 0.586719 0.479167
3 0.5875 0.420833 0.597656 0.422222 0.595313 0.4625 0.585156 0.461111
2 0.599219 0.430556 0.607031 0.438889 0.597656 0.470833 0.589063 0.463889
3 0.60625 0.430556 0.616406 0.430556 0.616406 0.470833 0.60625 0.470833
0 0.63125 0.497222 0.621094 0.501389 0.611719 0.416667 0.621094 0.413889
0 0.633594 0.484722 0.625 0.484722 0.622656 0.398611 0.63125 0.397222
0 0.632031 0.452778 0.667188 0.465278 0.664062 0.4875 0.629687 0.475
2 0.645312 0.408333 0.627344 0.422222 0.624219 0.409722 0.642188 0.397222
2 0.641406 0.359722 0.646875 0.372222 0.629687 0.397222 0.624219 0.384722
2 0.623437 0.384722 0.628906 0.397222 0.614844 0.415278 0.609375 0.404167
0 0.573438 0.365278 0.621094 0.373611 0.620313 0.391667 0.572656 0.381944
0 0.639062 0.35 0.64375 0.363889 0.602344 0.411111 0.597656 0.397222
2 0.630469 0.2375 0.638281 0.254167 0.615625 0.286111 0.608594 0.269444
1 0.664844 0.345833 0.649219 0.3625 0.616406 0.275 0.63125 0.256944
3 0.655469 0.311111 0.66875 0.336111 0.660937 0.348611 0.647656 0.323611
0 0.621875 0.311111 0.657031 0.363889 0.650781 0.375 0.616406 0.323611
