1 0.177344 0.3 0.104688 0.340278 0.0523438 0.0402778 0.125 0
0 0.458594 0.680556 0.438281 0.725 0.3125 0.547222 0.332813 0.502778
2 0.507031 0.591667 0.522656 0.647222 0.445312 0.718056 0.429688 0.6625
0 0.642188 0.579167 0.664062 0.618056 0.5625 0.793056 0.540625 0.752778
3 0.509375 0.577778 0.475781 0.595833 0.457813 0.493056 0.491406 0.475
3 0.559375 0.477778 0.582812 0.531944 0.525 0.613889 0.500781 0.559722
1 0.604688 0.448611 0.639062 0.5 0.50625 0.779167 0.471875 0.727778
3 0.623437 0.370833 0.649219 0.411111 0.595313 0.525 0.569531 0.484722
2 0.588281 0.358333 0.61875 0.395833 0.56875 0.523611 0.539062 0.4875
0 0.673438 0.343056 0.704688 0.369444 0.632031 0.6375 0.600781 0.611111
0 0.753125 0.311111 0.782813 0.340278 0.707031 0.5875 0.677344 0.558333
0 0.708594 0.326389 0.741406 0.35 0.68125 0.602778 0.648438 0.577778
2 0.728906 0.352778 0.639844 0.394444 0.629687 0.325 0.71875 0.281944
0 0.297656 0.3125 0.511719 0.430556 0.500781 0.494444 0.285938 0.376389
2 0.392969 0.306944 0.490625 0.359722 0.479687 0.422222 0.382812 0.369444
2 0.55 0.395833 0.5125 0.441667 0.458594 0.301389 0.496094 0.255556
0 0.54375 0.351389 0.507031 0.355556 0.497656 0.00277778 0.534375 0
0 0.585156 0.00138889 0.621094 0.00694444 0.604688 0.375 0.56875 0.369444
1 0.844531 0.156944 0.896875 0.219444 0.757812 0.579167 0.705469 0.516667
1 0.958594 0 0.998437 0.05 0.846875 0.429167 0.807031 0.377778
3 0.853125 0.134722 0.772656 0.231944 0.749219 0.172222 0.829688 0.0736111
0 0.435937 0.194444 0.396094 0.233333 0.3375 0.0430556 0.377344 0.00416667
0 0.473438 0.181944 0.425781 0.227778 0.372656 0.0555556 0.420312 0.00972222
3 0.480469 0.0805556 0.436719 0.133333 0.405469 0.0527778 0.449219 0
