2 0.128906 0.254167 0.0945312 0.2875 0.0867187 0.261111 0.121094 0.227778
2 0.078125 0.913889 0.113281 0.940278 0.10625 0.966667 0.071875 0.941667
2 0.2875 0.133333 0.303906 0.143056 0.292187 0.209722 0.275781 0.2
3 0.333594 0.251389 0.347656 0.265278 0.333594 0.311111 0.319531 0.295833
2 0.346094 0.256944 0.358594 0.269444 0.342187 0.322222 0.329688 0.309722
2 0.349219 0.223611 0.379688 0.261111 0.371094 0.286111 0.339844 0.248611
3 0.383594 0.322222 0.371094 0.333333 0.35625 0.284722 0.36875 0.272222
2 0.385156 0.386111 0.371094 0.398611 0.354687 0.344444 0.367969 0.330556
2 0.432031 0.451389 0.419531 0.466667 0.397656 0.416667 0.409375 0.4
1 0.38125 0.376389 0.392969 0.406944 0.314063 0.504167 0.301563 0.472222
2 0.351562 0.573611 0.340625 0.593056 0.315625 0.545833 0.326562 0.527778
3 0.383594 0.5625 0.354687 0.583333 0.348438 0.556944 0.377344 0.534722
2 0.376563 0.556944 0.410156 0.556944 0.410156 0.584722 0.376563 0.584722
0 0.360938 0.575 0.430469 0.577778 0.429688 0.601389 0.360156 0.598611
2 0.410156 0.616667 0.375 0.630556 0.371875 0.605556 0.407813 0.593056
2 0.446094 0.601389 0.416406 0.633333 0.409375 0.6125 0.439063 0.580556
2 0.457031 0.606944 0.466406 0.627778 0.439844 0.663889 0.430469 0.643056
2 0.41875 0.623611 0.430469 0.627778 0.424219 0.681944 0.4125 0.676389
2 0.377344 0.620833 0.410156 0.633333 0.407031 0.656944 0.375 0.645833
0 0.347656 0.631944 0.415625 0.654167 0.413281 0.677778 0.345313 0.655556
3 0.451562 0.669444 0.467187 0.704167 0.45625 0.718056 0.441406 0.683333
3 0.464844 0.752778 0.452344 0.759722 0.444531 0.713889 0.457031 0.705556
3 0.419531 0.715278 0.448437 0.720833 0.446875 0.747222 0.417969 0.743056
2 0.4125 0.713889 0.417969 0.730556 0.391406 0.761111 0.385156 0.744444
2 0.364844 0.806944 0.329688 0.808333 0.328906 0.788889 0.364844 0.7875
2 0.452344 0.756944 0.41875 0.761111 0.417969 0.740278 0.451562 0.736111
2 0.438281 0.773611 0.405469 0.783333 0.403125 0.758333 0.436719 0.748611
2 0.453125 0.781944 0.421094 0.791667 0.41875 0.769444 0.451562 0.759722
0 0.458594 0.75 0.472656 0.751389 0.469531 0.865278 0.45625 0.865278
3 0.4375 0.795833 0.450781 0.795833 0.450781 0.847222 0.4375 0.847222
0 0.528906 0.798611 0.539062 0.806944 0.510938 0.927778 0.500781 0.919444
1 0.509375 0.972222 0.491406 0.975 0.482812 0.820833 0.5 0.818056
2 0.621875 0.809722 0.633594 0.816667 0.624219 0.868056 0.6125 0.8625
0 0.655469 0.690278 0.665625 0.705556 0.621094 0.801389 0.610938 0.784722
2 0.5875 0.576389 0.558594 0.586111 0.555469 0.561111 0.585156 0.551389
3 0.610938 0.508333 0.626563 0.511111 0.623437 0.559722 0.608594 0.556944
2 0.653906 0.511111 0.627344 0.536111 0.621094 0.516667 0.648438 0.490278
2 0.71875 0.526389 0.688281 0.5375 0.685156 0.5125 0.715625 0.501389
2 0.616406 0.45 0.628906 0.461111 0.614062 0.509722 0.601562 0.498611
2 0.628906 0.440278 0.607031 0.475 0.599219 0.458333 0.621094 0.423611
1 0.667188 0.388889 0.592187 0.466667 0.582812 0.436111 0.657031 0.359722
0 0.604688 0.491667 0.535937 0.522222 0.532813 0.497222 0.600781 0.466667
2 0.478125 0.465278 0.491406 0.465278 0.491406 0.523611 0.478125 0.523611
2 0.530469 0.465278 0.538281 0.484722 0.513281 0.519444 0.504687 0.501389
0 0.511719 0.519444 0.498437 0.523611 0.485938 0.409722 0.499219 0.405556
2 0.490625 0.423611 0.48125 0.436111 0.460938 0.391667 0.470313 0.377778
3 0.439063 0.352778 0.467969 0.375 0.4625 0.398611 0.432812 0.376389
3 0.513281 0.413889 0.528125 0.413889 0.528125 0.465278 0.513281 0.465278
3 0.577344 0.375 0.586719 0.394444 0.564844 0.425 0.55625 0.405556
3 0.517188 0.343056 0.529687 0.358333 0.513281 0.398611 0.501563 0.384722
2 0.599219 0.340278 0.628906 0.356944 0.624219 0.381944 0.594531 0.365278
3 0.614062 0.325 0.640625 0.334722 0.6375 0.361111 0.610938 0.351389
2 0.622656 0.269444 0.632812 0.281944 0.614844 0.329167 0.603906 0.316667
3 0.596875 0.263889 0.609375 0.279167 0.592187 0.326389 0.578906 0.309722
3 0.563281 0.272222 0.550781 0.281944 0.539844 0.234722 0.552344 0.225
2 0.570312 0.255556 0.539062 0.277778 0.534375 0.256944 0.565625 0.233333
2 0.5 0.269444 0.534375 0.275 0.532813 0.3 0.499219 0.293056
2 0.527344 0.218056 0.539844 0.225 0.529687 0.280556 0.517969 0.273611
3 0.49375 0.231944 0.520312 0.252778 0.514844 0.276389 0.4875 0.256944
0 0.392969 0.294444 0.464844 0.345833 0.459375 0.368056 0.3875 0.318056
0 0.4 0.284722 0.473438 0.330556 0.46875 0.351389 0.395313 0.304167
0 0.414062 0.277778 0.491406 0.305556 0.488281 0.327778 0.410938 0.298611
0 0.388281 0.204167 0.455469 0.291667 0.446875 0.309722 0.380469 0.223611
2 0.448437 0.275 0.466406 0.275 0.466406 0.3 0.448437 0.3
0 0.464062 0.268056 0.517969 0.309722 0.514062 0.326389 0.459375 0.284722
0 0.433594 0.140278 0.447656 0.141667 0.441406 0.245833 0.427344 0.244444
1 0.497656 0.144444 0.511719 0.173611 0.444531 0.281944 0.429688 0.254167
0 0.527344 0.0583333 0.598437 0.111111 0.592187 0.134722 0.521875 0.0819444
