2 0.5125 0.425 0.504687 0.430556 0.497656 0.404167 0.505469 0.397222
3 0.482812 0.416667 0.492188 0.416667 0.492188 0.440278 0.482812 0.440278
3 0.494531 0.415278 0.503125 0.426389 0.492969 0.452778 0.484375 0.441667
3 0.46875 0.434722 0.485156 0.434722 0.485156 0.452778 0.46875 0.452778
2 0.504687 0.436111 0.511719 0.45 0.496875 0.476389 0.489844 0.4625
2 0.433594 0.481944 0.425781 0.486111 0.421094 0.456944 0.428906 0.452778
2 0.470313 0.4875 0.478125 0.501389 0.463281 0.526389 0.455469 0.5125
2 0.498437 0.505556 0.504687 0.520833 0.4875 0.545833 0.48125 0.531944
2 0.444531 0.533333 0.453906 0.536111 0.45 0.568056 0.441406 0.563889
2 0.44375 0.570833 0.466406 0.570833 0.466406 0.5875 0.44375 0.5875
2 0.342969 0.590278 0.352344 0.590278 0.352344 0.622222 0.342969 0.622222
2 0.41875 0.726389 0.442188 0.726389 0.442188 0.743056 0.41875 0.743056
1 0.45 0.719444 0.460938 0.743056 0.411719 0.8125 0.400781 0.788889
2 0.45 0.790278 0.464062 0.790278 0.464062 0.808333 0.45 0.808333
3 0.465625 0.780556 0.476562 0.7875 0.46875 0.830556 0.457813 0.823611
3 0.478906 0.769444 0.488281 0.776389 0.478906 0.815278 0.469531 0.806944
3 0.492188 0.770833 0.502344 0.783333 0.488281 0.819444 0.478125 0.805556
2 0.503906 0.838889 0.515625 0.838889 0.515625 0.893056 0.503906 0.893056
1 0.39375 0.838889 0.457031 0.838889 0.457031 0.870833 0.39375 0.870833
2 0.415625 0.906944 0.404687 0.909722 0.4 0.869444 0.411719 0.865278
0 0.473438 0.980556 0.460938 0.983333 0.451562 0.880556 0.464062 0.877778
2 0.349219 0.981944 0.370312 0.981944 0.370312 0.997222 0.349219 0.997222
0 0.34375 0.886111 0.353125 0.8875 0.348438 0.965278 0.339844 0.9625
3 0.349219 0.915278 0.357031 0.915278 0.357031 0.944444 0.349219 0.944444
2 0.339844 0.893056 0.334375 0.897222 0.328906 0.865278 0.334375 0.8625
3 0.336719 0.858333 0.346094 0.858333 0.346094 0.8875 0.336719 0.8875
2 0.264062 0.806944 0.272656 0.808333 0.270313 0.841667 0.261719 0.840278
2 0.296094 0.845833 0.285938 0.847222 0.285156 0.813889 0.295312 0.8125
2 0.297656 0.913889 0.305469 0.922222 0.29375 0.959722 0.286719 0.951389
3 0.300781 0.922222 0.311719 0.931944 0.3 0.973611 0.288281 0.9625
0 0.257031 0.9625 0.311719 0.9625 0.311719 0.980556 0.257031 0.980556
3 0.265625 0.947222 0.288281 0.947222 0.288281 0.965278 0.265625 0.965278
