2 0.395313 0.826389 0.405469 0.826389 0.405469 0.8625 0.395313 0.8625
2 0.395313 0.797222 0.389062 0.805556 0.378906 0.783333 0.384375 0.775
2 0.439063 0.805556 0.445312 0.818056 0.427344 0.85 0.421094 0.836111
2 0.446875 0.791667 0.430469 0.798611 0.428906 0.781944 0.445312 0.775
3 0.5 0.752778 0.50625 0.763889 0.491406 0.791667 0.484375 0.779167
0 0.530469 0.688889 0.538281 0.697222 0.517969 0.748611 0.510938 0.740278
3 0.569531 0.7 0.55 0.713889 0.546094 0.697222 0.565625 0.681944
2 0.592187 0.693056 0.607031 0.7125 0.600781 0.727778 0.585156 0.706944
3 0.613281 0.693056 0.591406 0.7 0.589063 0.680556 0.610938 0.672222
2 0.691406 0.605556 0.700781 0.622222 0.678906 0.658333 0.669531 0.641667
2 0.678125 0.655556 0.671875 0.663889 0.658594 0.634722 0.664844 0.625
3 0.665625 0.644444 0.657813 0.659722 0.64375 0.640278 0.650781 0.623611
2 0.628906 0.631944 0.636719 0.633333 0.635156 0.6625 0.626563 0.661111
0 0.657813 0.665278 0.6125 0.684722 0.610156 0.670833 0.65625 0.65
2 0.619531 0.655556 0.611719 0.658333 0.608594 0.630556 0.617188 0.627778
3 0.599219 0.620833 0.60625 0.627778 0.598437 0.655556 0.590625 0.647222
2 0.615625 0.581944 0.622656 0.590278 0.610938 0.620833 0.603906 0.611111
0 0.629687 0.570833 0.6375 0.580556 0.616406 0.634722 0.608594 0.626389
2 0.670312 0.594444 0.679688 0.594444 0.679688 0.623611 0.670312 0.623611
2 0.688281 0.580556 0.68125 0.593056 0.667188 0.569444 0.674219 0.556944
3 0.671875 0.55 0.688281 0.555556 0.686719 0.572222 0.670312 0.566667
2 0.727344 0.598611 0.702344 0.605556 0.700781 0.588889 0.725 0.580556
0 0.686719 0.591667 0.680469 0.604167 0.651563 0.563889 0.657031 0.55
2 0.442969 0.686111 0.425 0.695833 0.422656 0.680556 0.440625 0.670833
0 0.449219 0.740278 0.442188 0.743056 0.4375 0.698611 0.444531 0.695833
2 0.459375 0.661111 0.453906 0.669444 0.442188 0.65 0.447656 0.640278
1 0.528906 0.652778 0.517969 0.668056 0.501563 0.626389 0.513281 0.6125
2 0.55 0.613889 0.541406 0.620833 0.535937 0.598611 0.544531 0.591667
1 0.53125 0.583333 0.542188 0.588889 0.532813 0.648611 0.522656 0.644444
2 0.560937 0.572222 0.566406 0.581944 0.553125 0.604167 0.547656 0.594444
3 0.566406 0.552778 0.572656 0.563889 0.560937 0.583333 0.555469 0.572222
2 0.575 0.522222 0.582812 0.522222 0.582812 0.547222 0.575 0.547222
2 0.516406 0.608333 0.509375 0.609722 0.509375 0.588889 0.516406 0.5875
0 0.498437 0.588889 0.520312 0.615278 0.515625 0.625 0.494531 0.598611
1 0.471875 0.491667 0.476562 0.5 0.453125 0.544444 0.448437 0.536111
0 0.416406 0.561111 0.419531 0.569444 0.396875 0.594444 0.394531 0.5875
3 0.4125 0.572222 0.4 0.586111 0.396875 0.577778 0.409375 0.563889
2 0.441406 0.509722 0.449219 0.509722 0.449219 0.526389 0.441406 0.526389
