2 0.507812 0.865278 0.495312 0.866667 0.494531 0.8125 0.507031 0.811111
2 0.486719 0.777778 0.496875 0.779167 0.496094 0.833333 0.485156 0.833333
2 0.423438 0.726389 0.4125 0.740278 0.395313 0.695833 0.40625 0.681944
2 0.567187 0.693056 0.575 0.715278 0.551562 0.741667 0.54375 0.719444
2 0.570312 0.726389 0.600781 0.726389 0.600781 0.748611 0.570312 0.748611
2 0.492969 0.575 0.482031 0.580556 0.472656 0.527778 0.484375 0.520833
3 0.494531 0.556944 0.471094 0.565278 0.467969 0.543056 0.492188 0.534722
3 0.507812 0.497222 0.494531 0.505556 0.485938 0.456944 0.5 0.45
2 0.417187 0.156944 0.430469 0.156944 0.430469 0.2125 0.417187 0.2125
0 0.536719 0.201389 0.470313 0.227778 0.467187 0.208333 0.533594 0.181944
3 0.535937 0.219444 0.509375 0.229167 0.507031 0.205556 0.533594 0.197222
2 0.516406 0.165278 0.546875 0.170833 0.546094 0.194444 0.515625 0.188889
2 0.534375 0.119444 0.566406 0.120833 0.565625 0.148611 0.533594 0.147222
2 0.564844 0.186111 0.578125 0.188889 0.574219 0.247222 0.560937 0.245833
3 0.551562 0.240278 0.565625 0.245833 0.560156 0.294444 0.546094 0.290278
1 0.588281 0.3 0.514062 0.376389 0.504687 0.347222 0.578906 0.270833
0 0.560156 0.308333 0.56875 0.326389 0.514062 0.406944 0.505469 0.388889
0 0.629687 0.383333 0.560937 0.408333 0.558594 0.383333 0.627344 0.359722
1 0.624219 0.381944 0.642969 0.386111 0.630469 0.5375 0.611719 0.531944
2 0.652344 0.522222 0.641406 0.527778 0.632031 0.475 0.64375 0.468056
0 0.703906 0.548611 0.692187 0.552778 0.68125 0.420833 0.69375 0.418056
0 0.709375 0.427778 0.635156 0.459722 0.632812 0.440278 0.707031 0.406944
2 0.709375 0.406944 0.722656 0.413889 0.713281 0.466667 0.7 0.459722
2 0.715625 0.5375 0.747656 0.565278 0.742188 0.586111 0.709375 0.559722
0 0.741406 0.438889 0.728906 0.451389 0.70625 0.375 0.717969 0.3625
2 0.677344 0.394444 0.665625 0.409722 0.644531 0.365278 0.655469 0.348611
2 0.673438 0.330556 0.703906 0.361111 0.698438 0.380556 0.667969 0.35
2 0.661719 0.283333 0.65 0.297222 0.632812 0.252778 0.644531 0.238889
2 0.614844 0.211111 0.628906 0.219444 0.61875 0.276389 0.605469 0.268056
2 0.649219 0.2125 0.657031 0.234722 0.628125 0.268056 0.619531 0.245833
2 0.641406 0.186111 0.670312 0.213889 0.664062 0.2375 0.634375 0.208333
3 0.591406 0.136111 0.613281 0.173611 0.602344 0.191667 0.58125 0.154167
3 0.608594 0.134722 0.596094 0.147222 0.582031 0.101389 0.594531 0.0888889
0 0.634375 0.177778 0.623437 0.188889 0.589844 0.0805556 0.601562 0.0694444
2 0.632812 0.126389 0.621094 0.141667 0.601562 0.0902778 0.613281 0.0763889
0 0.595313 0.0430556 0.659375 0.120833 0.650781 0.140278 0.5875 0.0638889
2 0.646875 0.0916667 0.682813 0.0916667 0.682813 0.118056 0.646875 0.118056
2 0.697656 0.0958333 0.70625 0.113889 0.678125 0.154167 0.669531 0.134722
2 0.635156 0.0638889 0.623437 0.0736111 0.610156 0.0166667 0.621875 0.00694444
3 0.648438 0.0666667 0.632031 0.0736111 0.625 0.0152778 0.642188 0.00972222
2 0.750781 0.0861111 0.716406 0.1125 0.710938 0.0902778 0.745313 0.0652778
3 0.742188 0.00694444 0.775 0.0111111 0.773438 0.0402778 0.741406 0.0347222
3 0.810156 0.106944 0.846094 0.126389 0.840625 0.156944 0.804688 0.136111
3 0.855469 0.204167 0.842187 0.215278 0.827344 0.166667 0.839844 0.154167
2 0.875781 0.213889 0.8625 0.225 0.845313 0.169444 0.857812 0.156944
3 0.889062 0.206944 0.874219 0.218056 0.860156 0.158333 0.875 0.147222
3 0.851562 0.209722 0.8625 0.226389 0.839844 0.276389 0.828906 0.259722
3 0.814063 0.302778 0.846094 0.313889 0.842969 0.338889 0.810937 0.327778
0 0.879687 0.226389 0.895312 0.236111 0.864062 0.379167 0.848437 0.369444
2 0.857031 0.4 0.842969 0.411111 0.828125 0.352778 0.842187 0.341667
2 0.810937 0.320833 0.81875 0.338889 0.789844 0.380556 0.78125 0.3625
