2 0.378906 0.347222 0.360156 0.356944 0.357031 0.340278 0.376563 0.330556
2 0.449219 0.35 0.432031 0.355556 0.429688 0.3375 0.446875 0.330556
2 0.496094 0.325 0.472656 0.334722 0.470313 0.316667 0.494531 0.308333
3 0.417187 0.302778 0.423438 0.316667 0.410156 0.336111 0.404687 0.320833
2 0.483594 0.269444 0.489063 0.283333 0.476562 0.298611 0.471094 0.284722
2 0.6875 0.1875 0.664062 0.194444 0.6625 0.173611 0.685937 0.166667
2 0.604688 0.165278 0.584375 0.173611 0.582812 0.155556 0.603125 0.148611
2 0.591406 0.188889 0.577344 0.205556 0.571875 0.191667 0.586719 0.175
3 0.564063 0.183333 0.575781 0.183333 0.575781 0.2 0.564063 0.2
2 0.646875 0.0583333 0.661719 0.0583333 0.661719 0.0736111 0.646875 0.0736111
0 0.636719 0.1125 0.59375 0.141667 0.589844 0.127778 0.632812 0.0972222
3 0.61875 0.111111 0.603906 0.122222 0.601562 0.115278 0.616406 0.104167
0 0.585156 0.127778 0.589063 0.143056 0.548438 0.176389 0.544531 0.161111
2 0.554688 0.1375 0.561719 0.1375 0.561719 0.154167 0.554688 0.154167
3 0.571094 0.220833 0.578125 0.236111 0.563281 0.258333 0.55625 0.241667
2 0.522656 0.254167 0.542969 0.254167 0.542969 0.269444 0.522656 0.269444
2 0.557031 0.206944 0.571875 0.206944 0.571875 0.219444 0.557031 0.219444
1 0.560156 0.243056 0.502344 0.284722 0.496875 0.261111 0.555469 0.219444
1 0.53125 0.252778 0.484375 0.279167 0.480469 0.255556 0.527344 0.229167
2 0.498437 0.247222 0.478125 0.254167 0.476562 0.238889 0.496875 0.231944
3 0.480469 0.251389 0.4875 0.255556 0.482812 0.277778 0.475781 0.273611
2 0.435937 0.269444 0.440625 0.281944 0.426563 0.301389 0.421094 0.288889
0 0.477344 0.233333 0.48125 0.248611 0.449219 0.273611 0.445312 0.258333
0 0.4375 0.270833 0.408594 0.275 0.407813 0.259722 0.435937 0.254167
2 0.415625 0.247222 0.400781 0.251389 0.4 0.238889 0.414844 0.234722
2 0.422656 0.201389 0.426563 0.208333 0.41875 0.225 0.414062 0.219444
2 0.474219 0.2 0.479687 0.2 0.479687 0.220833 0.474219 0.220833
2 0.500781 0.151389 0.503906 0.159722 0.490625 0.175 0.4875 0.165278
2 0.483594 0.170833 0.489063 0.170833 0.489063 0.188889 0.483594 0.188889
3 0.4875 0.197222 0.475 0.201389 0.473438 0.186111 0.485938 0.181944
0 0.471094 0.225 0.442969 0.243056 0.439844 0.230556 0.467969 0.2125
0 0.389062 0.280556 0.358594 0.298611 0.355469 0.284722 0.385937 0.265278
2 0.376563 0.259722 0.3875 0.259722 0.3875 0.272222 0.376563 0.272222
1 0.435156 0.158333 0.41875 0.166667 0.415625 0.151389 0.432031 0.143056
