0 0.239844 0.843056 0.253125 0.843056 0.253125 0.956944 0.239844 0.956944
2 0.334375 0.854167 0.345313 0.865278 0.328125 0.920833 0.317188 0.909722
2 0.308594 0.966667 0.325781 0.966667 0.325781 0.998611 0.308594 0.998611
1 0.421875 0.7625 0.435937 0.794444 0.371094 0.886111 0.357031 0.854167
2 0.432031 0.786111 0.441406 0.806944 0.413281 0.845833 0.404687 0.825
1 0.358594 0.711111 0.421094 0.758333 0.4125 0.793056 0.35 0.747222
3 0.342969 0.665278 0.364844 0.665278 0.364844 0.701389 0.342969 0.701389
2 0.524219 0.666667 0.5375 0.680556 0.51875 0.740278 0.505469 0.727778
2 0.540625 0.6625 0.510156 0.704167 0.500781 0.681944 0.53125 0.640278
0 0.476562 0.581944 0.534375 0.626389 0.528125 0.652778 0.469531 0.608333
2 0.478125 0.622222 0.492969 0.622222 0.492969 0.686111 0.478125 0.686111
3 0.490625 0.523611 0.517188 0.5375 0.511719 0.569444 0.485156 0.555556
0 0.45 0.563889 0.464062 0.573611 0.43125 0.709722 0.417969 0.7
2 0.436719 0.540278 0.45 0.540278 0.45 0.593056 0.436719 0.593056
2 0.409375 0.658333 0.420312 0.669444 0.405469 0.716667 0.395313 0.705556
2 0.429688 0.602778 0.442188 0.613889 0.425 0.672222 0.413281 0.6625
2 0.41875 0.6 0.430469 0.609722 0.417187 0.661111 0.404687 0.651389
3 0.442969 0.595833 0.41875 0.609722 0.414062 0.583333 0.438281 0.569444
2 0.430469 0.534722 0.438281 0.552778 0.4125 0.590278 0.404687 0.570833
2 0.396875 0.491667 0.410938 0.491667 0.410938 0.547222 0.396875 0.547222
3 0.392188 0.569444 0.409375 0.569444 0.409375 0.611111 0.392188 0.611111
2 0.357812 0.598611 0.369531 0.611111 0.355469 0.655556 0.342969 0.641667
3 0.359375 0.618056 0.342187 0.627778 0.338281 0.604167 0.355469 0.594444
3 0.357031 0.586111 0.347656 0.604167 0.332813 0.579167 0.342187 0.561111
2 0.319531 0.593056 0.310937 0.606944 0.295312 0.572222 0.303906 0.559722
2 0.296875 0.548611 0.307031 0.563889 0.285938 0.606944 0.275781 0.591667
2 0.298438 0.45 0.310156 0.45 0.310156 0.504167 0.298438 0.504167
2 0.267969 0.483333 0.282031 0.483333 0.282031 0.506944 0.267969 0.506944
2 0.267188 0.506944 0.289844 0.506944 0.289844 0.526389 0.267188 0.526389
2 0.295312 0.438889 0.307031 0.445833 0.3 0.484722 0.288281 0.479167
3 0.375 0.465278 0.391406 0.465278 0.391406 0.506944 0.375 0.506944
2 0.450781 0.443056 0.465625 0.443056 0.465625 0.5 0.450781 0.5
2 0.477344 0.441667 0.464844 0.454167 0.449219 0.402778 0.461719 0.390278
2 0.416406 0.4375 0.403906 0.444444 0.396094 0.398611 0.408594 0.391667
3 0.407813 0.377778 0.425781 0.377778 0.425781 0.423611 0.407813 0.423611
3 0.396094 0.355556 0.419531 0.355556 0.419531 0.381944 0.396094 0.381944
0 0.4 0.463889 0.354687 0.481944 0.351562 0.454167 0.396875 0.434722
2 0.460156 0.2375 0.474219 0.248611 0.460938 0.304167 0.446875 0.293056
0 0.548438 0.280556 0.533594 0.2875 0.513281 0.168056 0.527344 0.159722
2 0.551562 0.248611 0.539062 0.255556 0.528906 0.198611 0.542188 0.191667
3 0.560156 0.2 0.544531 0.215278 0.532031 0.173611 0.547656 0.158333
1 0.392188 0.0611111 0.409375 0.0652778 0.396875 0.193056 0.379688 0.188889
2 0.40625 0.0583333 0.417969 0.0625 0.411719 0.119444 0.399219 0.115278
2 0.407813 0.201389 0.382031 0.215278 0.378125 0.194444 0.404687 0.179167
2 0.371094 0.201389 0.389844 0.216667 0.385156 0.236111 0.366406 0.220833
1 0.388281 0.198611 0.371875 0.205556 0.360938 0.104167 0.377344 0.0986111
2 0.378125 0.116667 0.390625 0.116667 0.390625 0.159722 0.378125 0.159722
3 0.31875 0.336111 0.332031 0.336111 0.332031 0.380556 0.31875 0.380556
