2 0.128906 0.255556 0.0945312 0.288889 0.0859375 0.258333 0.120313 0.226389
2 0.286719 0.133333 0.303125 0.141667 0.291406 0.206944 0.275781 0.198611
2 0.264062 0.533333 0.226562 0.554167 0.221875 0.526389 0.259375 0.506944
3 0.333594 0.25 0.346875 0.263889 0.332813 0.311111 0.31875 0.297222
2 0.346094 0.222222 0.379688 0.259722 0.371094 0.284722 0.3375 0.245833
2 0.349219 0.256944 0.360156 0.269444 0.339844 0.323611 0.328906 0.311111
3 0.384375 0.320833 0.371875 0.334722 0.353125 0.286111 0.365625 0.270833
2 0.380469 0.376389 0.36875 0.388889 0.35 0.334722 0.361719 0.322222
1 0.389844 0.401389 0.305469 0.490278 0.29375 0.454167 0.378125 0.366667
3 0.316406 0.488889 0.332031 0.488889 0.332031 0.544444 0.316406 0.544444
2 0.339062 0.444444 0.351562 0.448611 0.344531 0.508333 0.33125 0.502778
0 0.355469 0.427778 0.367969 0.4375 0.341406 0.55 0.328125 0.540278
2 0.367188 0.422222 0.379688 0.427778 0.372656 0.4875 0.360156 0.481944
2 0.355469 0.4875 0.366406 0.498611 0.349219 0.554167 0.338281 0.543056
2 0.361719 0.504167 0.372656 0.515278 0.355469 0.568056 0.345313 0.558333
0 0.375 0.506944 0.384375 0.518056 0.346875 0.616667 0.3375 0.605556
2 0.394531 0.515278 0.38125 0.522222 0.371094 0.465278 0.384375 0.456944
2 0.402344 0.491667 0.386719 0.5 0.376563 0.440278 0.392188 0.431944
2 0.396094 0.4125 0.422656 0.445833 0.414062 0.468056 0.3875 0.434722
3 0.4625 0.483333 0.432031 0.4875 0.43125 0.465278 0.461719 0.459722
3 0.478906 0.4875 0.466406 0.494444 0.459375 0.452778 0.471875 0.444444
2 0.35625 0.780556 0.321094 0.781944 0.320312 0.756944 0.35625 0.755556
2 0.407031 0.6625 0.413281 0.6875 0.383594 0.713889 0.376563 0.690278
2 0.417187 0.693056 0.446875 0.709722 0.442969 0.729167 0.413281 0.713889
2 0.435937 0.677778 0.464062 0.711111 0.455469 0.731944 0.428125 0.698611
2 0.457813 0.620833 0.469531 0.620833 0.469531 0.673611 0.457813 0.673611
3 0.483594 0.706944 0.467969 0.708333 0.465625 0.659722 0.48125 0.656944
0 0.479687 0.720833 0.489063 0.730556 0.458594 0.8375 0.448437 0.827778
3 0.436719 0.797222 0.45 0.797222 0.45 0.845833 0.436719 0.845833
1 0.508594 0.972222 0.489844 0.975 0.48125 0.819444 0.5 0.815278
0 0.532813 0.802778 0.542969 0.811111 0.511719 0.926389 0.500781 0.916667
2 0.621094 0.811111 0.634375 0.818056 0.625 0.869444 0.6125 0.861111
0 0.65625 0.694444 0.665625 0.709722 0.620313 0.801389 0.610938 0.786111
2 0.594531 0.619444 0.607812 0.629167 0.595313 0.681944 0.582031 0.672222
2 0.717187 0.525 0.688281 0.534722 0.685937 0.513889 0.714844 0.502778
2 0.654687 0.513889 0.628125 0.538889 0.621875 0.516667 0.648438 0.491667
3 0.610156 0.509722 0.625 0.5125 0.621875 0.561111 0.607031 0.558333
2 0.614844 0.448611 0.628125 0.461111 0.613281 0.509722 0.600781 0.495833
2 0.619531 0.419444 0.628906 0.436111 0.60625 0.477778 0.596875 0.461111
1 0.600781 0.297222 0.669531 0.388889 0.657031 0.419444 0.5875 0.327778
2 0.65 0.354167 0.6375 0.356944 0.634375 0.304167 0.646875 0.301389
2 0.589844 0.291667 0.624219 0.291667 0.624219 0.313889 0.589844 0.313889
3 0.645312 0.297222 0.660937 0.297222 0.660937 0.3375 0.645312 0.3375
2 0.678906 0.265278 0.651563 0.276389 0.649219 0.252778 0.676562 0.243056
3 0.634375 0.279167 0.621094 0.291667 0.608594 0.248611 0.621094 0.236111
3 0.667969 0.156944 0.676562 0.180556 0.649219 0.211111 0.640625 0.1875
2 0.0765625 0.915278 0.111719 0.941667 0.104688 0.970833 0.0695313 0.943056
