1 0.361719 0.416667 0.369531 0.426389 0.354687 0.461111 0.346875 0.451389
1 0.369531 0.391667 0.374219 0.401389 0.353906 0.440278 0.348438 0.431944
1 0.409375 0.340278 0.426563 0.340278 0.426563 0.355556 0.409375 0.355556
0 0.303906 0.434722 0.309375 0.438889 0.304688 0.469444 0.299219 0.465278
0 0.275781 0.401389 0.278906 0.408333 0.267188 0.425 0.264062 0.416667
0 0.3375 0.405556 0.310937 0.411111 0.310156 0.404167 0.3375 0.397222
2 0.40625 0.483333 0.41875 0.483333 0.41875 0.494444 0.40625 0.494444
2 0.402344 0.495833 0.407031 0.502778 0.4 0.518056 0.395313 0.511111
2 0.394531 0.705556 0.414844 0.720833 0.410938 0.738889 0.390625 0.723611
2 0.408594 0.668056 0.402344 0.681944 0.388281 0.6625 0.394531 0.648611
2 0.430469 0.663889 0.439063 0.669444 0.432812 0.705556 0.424219 0.7
2 0.476562 0.656944 0.451562 0.666667 0.45 0.648611 0.474219 0.638889
2 0.472656 0.629167 0.495312 0.629167 0.495312 0.645833 0.472656 0.645833
0 0.449219 0.580556 0.45625 0.590278 0.433594 0.641667 0.427344 0.631944
3 0.526563 0.613889 0.542188 0.613889 0.542188 0.634722 0.526563 0.634722
0 0.563281 0.566667 0.570312 0.580556 0.547656 0.620833 0.540625 0.606944
3 0.603125 0.577778 0.583594 0.5875 0.579688 0.566667 0.6 0.555556
2 0.626563 0.563889 0.647656 0.572222 0.646094 0.590278 0.625 0.581944
3 0.651563 0.559722 0.630469 0.572222 0.627344 0.551389 0.648438 0.540278
2 0.654687 0.534722 0.648438 0.541667 0.640625 0.516667 0.647656 0.509722
3 0.636719 0.518056 0.632031 0.534722 0.624219 0.529167 0.628906 0.5125
2 0.664062 0.5125 0.672656 0.5125 0.672656 0.540278 0.664062 0.540278
0 0.699219 0.538889 0.651563 0.558333 0.65 0.543056 0.697656 0.523611
3 0.686719 0.5 0.703906 0.515278 0.7 0.533333 0.682031 0.516667
2 0.703125 0.502778 0.720313 0.523611 0.714844 0.5375 0.697656 0.515278
2 0.726562 0.495833 0.734375 0.509722 0.721875 0.530556 0.714063 0.516667
2 0.764844 0.486111 0.739844 0.493056 0.738281 0.473611 0.7625 0.465278
2 0.704688 0.484722 0.717187 0.484722 0.717187 0.505556 0.704688 0.505556
2 0.721094 0.475 0.716406 0.4875 0.7 0.469444 0.704688 0.456944
3 0.7 0.454167 0.71875 0.454167 0.71875 0.466667 0.7 0.466667
0 0.680469 0.455556 0.715625 0.479167 0.7125 0.493056 0.678125 0.469444
0 0.660156 0.4625 0.664844 0.472222 0.633594 0.516667 0.628906 0.506944
2 0.454688 0.588889 0.432812 0.594444 0.432031 0.579167 0.453125 0.573611
2 0.458594 0.576389 0.441406 0.579167 0.440625 0.568056 0.458594 0.565278
2 0.471875 0.543056 0.474219 0.554167 0.45625 0.570833 0.453906 0.559722
3 0.475781 0.530556 0.483594 0.533333 0.479687 0.555556 0.472656 0.551389
0 0.5125 0.533333 0.514844 0.544444 0.478125 0.570833 0.475781 0.558333
2 0.517188 0.515278 0.522656 0.527778 0.514844 0.540278 0.508594 0.529167
2 0.527344 0.490278 0.540625 0.504167 0.536719 0.516667 0.523438 0.504167
2 0.560156 0.519444 0.553906 0.525 0.546875 0.504167 0.553906 0.498611
2 0.564844 0.477778 0.570312 0.488889 0.558594 0.509722 0.552344 0.498611
