2 0.201563 0.709722 0.228906 0.713889 0.228125 0.734722 0.200781 0.730556
2 0.285938 0.729167 0.296875 0.740278 0.284375 0.780556 0.273438 0.770833
2 0.291406 0.672222 0.302344 0.677778 0.294531 0.720833 0.284375 0.713889
0 0.316406 0.655556 0.326562 0.655556 0.326562 0.731944 0.316406 0.731944
0 0.342969 0.656944 0.352344 0.665278 0.323437 0.759722 0.314063 0.751389
0 0.353906 0.663889 0.3625 0.669444 0.345313 0.766667 0.336719 0.761111
0 0.428906 0.788889 0.375781 0.806944 0.374219 0.791667 0.427344 0.772222
1 0.341406 0.677778 0.35625 0.688889 0.327344 0.808333 0.313281 0.798611
2 0.371875 0.686111 0.361719 0.688889 0.357031 0.648611 0.367969 0.644444
2 0.36875 0.631944 0.34375 0.644444 0.340625 0.626389 0.365625 0.6125
2 0.360156 0.584722 0.375781 0.6125 0.367969 0.626389 0.353125 0.597222
3 0.363281 0.613889 0.353906 0.626389 0.342187 0.601389 0.350781 0.5875
3 0.347656 0.593056 0.3375 0.611111 0.321875 0.581944 0.33125 0.565278
1 0.394531 0.620833 0.383594 0.638889 0.344531 0.5625 0.355469 0.545833
0 0.440625 0.568056 0.451562 0.575 0.432812 0.665278 0.422656 0.658333
2 0.453906 0.584722 0.475781 0.595833 0.472656 0.615278 0.450781 0.604167
2 0.50625 0.731944 0.525 0.738889 0.522656 0.755556 0.504687 0.75
2 0.54375 0.716667 0.550781 0.723611 0.540625 0.755556 0.534375 0.748611
0 0.539062 0.694444 0.572656 0.695833 0.571875 0.711111 0.538281 0.709722
2 0.526563 0.673611 0.507812 0.683333 0.505469 0.670833 0.524219 0.659722
2 0.515625 0.643056 0.539062 0.643056 0.539062 0.659722 0.515625 0.659722
2 0.532813 0.629167 0.524219 0.636111 0.516406 0.604167 0.525781 0.597222
3 0.528125 0.598611 0.532813 0.609722 0.519531 0.629167 0.514844 0.616667
0 0.55625 0.615278 0.592187 0.615278 0.592187 0.629167 0.55625 0.629167
2 0.514062 0.559722 0.533594 0.559722 0.533594 0.577778 0.514062 0.577778
2 0.533594 0.583333 0.513281 0.590278 0.5125 0.580556 0.532031 0.573611
1 0.560937 0.572222 0.600781 0.601389 0.595313 0.622222 0.55625 0.591667
3 0.558594 0.597222 0.573438 0.597222 0.573438 0.613889 0.558594 0.613889
0 0.546094 0.556944 0.583594 0.561111 0.582812 0.576389 0.545312 0.573611
2 0.573438 0.525 0.583594 0.529167 0.578906 0.565278 0.569531 0.5625
0 0.601562 0.620833 0.59375 0.620833 0.590625 0.544444 0.599219 0.543056
2 0.598437 0.559722 0.60625 0.559722 0.60625 0.591667 0.598437 0.591667
2 0.641406 0.55 0.649219 0.552778 0.644531 0.5875 0.6375 0.586111
2 0.619531 0.522222 0.625 0.531944 0.6125 0.558333 0.607031 0.548611
3 0.616406 0.494444 0.624219 0.504167 0.6125 0.536111 0.604688 0.526389
0 0.632031 0.545833 0.639062 0.552778 0.614062 0.622222 0.607031 0.615278
3 0.548438 0.522222 0.532031 0.538889 0.527344 0.523611 0.54375 0.506944
2 0.46875 0.541667 0.471094 0.554167 0.45 0.569444 0.446875 0.555556
2 0.475 0.544444 0.455469 0.551389 0.453125 0.536111 0.473438 0.529167
2 0.479687 0.526389 0.472656 0.534722 0.460938 0.497222 0.46875 0.490278
2 0.459375 0.5 0.467187 0.508333 0.453906 0.543056 0.446094 0.533333
2 0.44375 0.458333 0.451562 0.469444 0.436719 0.5 0.428906 0.488889
3 0.458594 0.455556 0.465625 0.468056 0.45 0.494444 0.442969 0.481944
2 0.372656 0.488889 0.365625 0.504167 0.34375 0.472222 0.350781 0.458333
2 0.423438 0.356944 0.43125 0.370833 0.413281 0.401389 0.40625 0.386111
2 0.438281 0.361111 0.44375 0.375 0.421875 0.4 0.416406 0.386111
2 0.50625 0.456944 0.485938 0.477778 0.48125 0.463889 0.502344 0.443056
2 0.514062 0.436111 0.507031 0.45 0.490625 0.422222 0.497656 0.408333
3 0.521875 0.427778 0.540625 0.430556 0.539844 0.447222 0.520312 0.443056
3 0.516406 0.422222 0.509375 0.431944 0.5 0.406944 0.507031 0.397222
3 0.519531 0.406944 0.535937 0.406944 0.535937 0.423611 0.519531 0.423611
3 0.489063 0.411111 0.477344 0.4125 0.476562 0.370833 0.488281 0.369444
2 0.527344 0.356944 0.536719 0.361111 0.532031 0.395833 0.523438 0.393056
2 0.528906 0.398611 0.522656 0.409722 0.510156 0.381944 0.516406 0.372222
3 0.5125 0.327778 0.494531 0.343056 0.489844 0.323611 0.508594 0.308333
2 0.408594 0.209722 0.397656 0.225 0.378906 0.186111 0.389844 0.169444
2 0.569531 0.465278 0.550781 0.476389 0.548438 0.4625 0.567187 0.451389
1 0.54375 0.383333 0.557031 0.384722 0.553906 0.4875 0.541406 0.486111
0 0.558594 0.375 0.552344 0.384722 0.528125 0.333333 0.534375 0.323611
0 0.573438 0.311111 0.532031 0.326389 0.530469 0.308333 0.571094 0.293056
3 0.592969 0.431944 0.599219 0.443056 0.585156 0.468056 0.579688 0.456944
2 0.607031 0.4 0.611719 0.408333 0.596875 0.431944 0.592969 0.425
2 0.614062 0.391667 0.620313 0.394444 0.616406 0.429167 0.610156 0.426389
0 0.620313 0.361111 0.628125 0.3625 0.622656 0.441667 0.614844 0.440278
3 0.628906 0.358333 0.635938 0.361111 0.63125 0.394444 0.625 0.393056
0 0.633594 0.277778 0.624219 0.286111 0.604688 0.220833 0.613281 0.2125
