2 0.257031 0.6 0.272656 0.613889 0.254688 0.673611 0.239063 0.658333
0 0.307812 0.568056 0.322656 0.581944 0.285938 0.709722 0.271094 0.695833
2 0.378906 0.519444 0.394531 0.522222 0.390625 0.586111 0.375 0.583333
0 0.407031 0.45 0.417187 0.466667 0.363281 0.568056 0.353125 0.551389
2 0.497656 0.486111 0.486719 0.504167 0.464062 0.463889 0.474219 0.445833
2 0.546094 0.438889 0.553906 0.459722 0.526563 0.493056 0.51875 0.472222
3 0.570312 0.502778 0.540625 0.511111 0.538281 0.4875 0.567969 0.479167
2 0.582031 0.533333 0.570312 0.534722 0.567969 0.477778 0.579688 0.476389
2 0.614062 0.513889 0.603906 0.529167 0.58125 0.4875 0.591406 0.470833
0 0.623437 0.720833 0.6375 0.723611 0.628125 0.8625 0.613281 0.858333
2 0.652344 0.611111 0.661719 0.627778 0.638281 0.670833 0.628125 0.652778
2 0.6625 0.579167 0.676562 0.584722 0.670312 0.643056 0.655469 0.638889
2 0.695312 0.486111 0.720313 0.518056 0.713281 0.536111 0.688281 0.505556
2 0.778906 0.636111 0.764844 0.643056 0.754687 0.581944 0.767969 0.573611
2 0.7625 0.545833 0.749219 0.558333 0.732812 0.505556 0.746094 0.491667
2 0.764062 0.872222 0.748437 0.873611 0.746094 0.809722 0.761719 0.808333
2 0.794531 0.851389 0.780469 0.8625 0.766406 0.804167 0.780469 0.793056
2 0.808594 0.738889 0.823438 0.75 0.809375 0.806944 0.795312 0.795833
2 0.883594 0.702778 0.915625 0.702778 0.915625 0.725 0.883594 0.725
3 0.903125 0.719444 0.914844 0.722222 0.910937 0.761111 0.899219 0.756944
0 0.919531 0.566667 0.903125 0.568056 0.898438 0.451389 0.915625 0.45
1 0.910937 0.629167 0.892188 0.644444 0.860938 0.516667 0.879687 0.501389
0 0.85 0.408333 0.860938 0.409722 0.859375 0.533333 0.848437 0.531944
2 0.880469 0.340278 0.9125 0.354167 0.909375 0.380556 0.876563 0.365278
0 0.840625 0.305556 0.853125 0.313889 0.830469 0.425 0.81875 0.418056
0 0.819531 0.493056 0.807031 0.494444 0.803125 0.380556 0.815625 0.380556
3 0.791406 0.461111 0.803906 0.461111 0.803906 0.508333 0.791406 0.508333
3 0.792969 0.468056 0.770312 0.484722 0.764844 0.4625 0.788281 0.444444
2 0.775 0.401389 0.785156 0.408333 0.775 0.461111 0.764844 0.454167
2 0.748437 0.380556 0.769531 0.391667 0.765625 0.413889 0.744531 0.402778
3 0.744531 0.334722 0.758594 0.334722 0.758594 0.383333 0.744531 0.383333
2 0.727344 0.341667 0.739062 0.35 0.727344 0.405556 0.714844 0.397222
1 0.713281 0.326389 0.732812 0.338889 0.702344 0.484722 0.683594 0.470833
2 0.734375 0.279167 0.719531 0.281944 0.715625 0.222222 0.73125 0.219444
3 0.705469 0.290278 0.717969 0.301389 0.703906 0.35 0.691406 0.3375
2 0.673438 0.322222 0.686719 0.329167 0.676562 0.386111 0.664062 0.379167
2 0.654687 0.322222 0.66875 0.330556 0.659375 0.384722 0.644531 0.377778
0 0.700781 0.35 0.714844 0.3625 0.682031 0.477778 0.667969 0.465278
3 0.595313 0.418056 0.569531 0.4375 0.564063 0.413889 0.589063 0.395833
3 0.536719 0.376389 0.567187 0.380556 0.566406 0.404167 0.535937 0.4
1 0.515625 0.463889 0.497656 0.480556 0.455469 0.3375 0.473438 0.320833
3 0.49375 0.452778 0.480469 0.4625 0.467969 0.4125 0.480469 0.401389
3 0.503125 0.3625 0.519531 0.3625 0.519531 0.413889 0.503125 0.413889
3 0.532813 0.380556 0.521094 0.388889 0.508594 0.336111 0.520312 0.327778
2 0.460156 0.359722 0.473438 0.369444 0.460938 0.420833 0.447656 0.411111
3 0.445312 0.334722 0.460156 0.334722 0.460156 0.388889 0.445312 0.388889
2 0.542969 0.379167 0.529687 0.379167 0.528906 0.323611 0.542969 0.322222
3 0.569531 0.345833 0.560156 0.3625 0.539844 0.326389 0.549219 0.309722
2 0.521875 0.294444 0.534375 0.294444 0.534375 0.348611 0.521875 0.348611
2 0.54375 0.255556 0.55625 0.268056 0.539844 0.318056 0.528125 0.306944
0 0.55 0.288889 0.614844 0.351389 0.607812 0.373611 0.54375 0.309722
0 0.610156 0.3375 0.602344 0.354167 0.550781 0.275 0.558594 0.259722
0 0.66875 0.298611 0.597656 0.330556 0.594531 0.308333 0.665625 0.276389
2 0.580469 0.2375 0.588281 0.255556 0.564844 0.2875 0.557031 0.269444
2 0.563281 0.204167 0.574219 0.218056 0.55625 0.265278 0.544531 0.252778
0 0.547656 0.206944 0.557813 0.219444 0.520312 0.315278 0.510156 0.301389
0 0.528125 0.273611 0.467969 0.326389 0.4625 0.306944 0.521875 0.252778
2 0.513281 0.233333 0.526563 0.2375 0.521094 0.293056 0.507812 0.288889
2 0.500781 0.198611 0.53125 0.216667 0.527344 0.238889 0.496094 0.219444
0 0.580469 0.211111 0.507031 0.215278 0.50625 0.191667 0.579688 0.1875
2 0.48125 0.116667 0.494531 0.123611 0.484375 0.179167 0.471094 0.172222
1 0.4875 0.136111 0.575 0.163889 0.571094 0.198611 0.484375 0.172222
3 0.555469 0.141667 0.586719 0.141667 0.586719 0.173611 0.555469 0.173611
2 0.717187 0.0972222 0.749219 0.115278 0.744531 0.144444 0.711719 0.126389
