2 0.13125 0.666667 0.120313 0.673611 0.113281 0.633333 0.125 0.627778
2 0.174219 0.713889 0.184375 0.720833 0.175 0.758333 0.165625 0.75
2 0.176563 0.743056 0.183594 0.745833 0.177344 0.781944 0.170313 0.779167
2 0.246094 0.695833 0.224219 0.702778 0.222656 0.688889 0.244531 0.681944
2 0.241406 0.715278 0.257812 0.736111 0.251563 0.752778 0.234375 0.730556
0 0.292969 0.681944 0.285156 0.690278 0.260937 0.626389 0.267969 0.616667
0 0.24375 0.656944 0.234375 0.663889 0.215625 0.593056 0.224219 0.586111
2 0.209375 0.552778 0.216406 0.558333 0.207813 0.593056 0.201563 0.588889
3 0.203125 0.558333 0.21875 0.569444 0.214844 0.583333 0.2 0.572222
3 0.250781 0.529167 0.257031 0.543056 0.242969 0.5625 0.236719 0.548611
0 0.300781 0.579167 0.255469 0.590278 0.253906 0.575 0.3 0.563889
2 0.317188 0.481944 0.334375 0.498611 0.33125 0.509722 0.314063 0.491667
3 0.296094 0.436111 0.310937 0.454167 0.30625 0.465278 0.292187 0.448611
2 0.344531 0.519444 0.349219 0.529167 0.335156 0.548611 0.330469 0.540278
2 0.350781 0.526389 0.355469 0.5375 0.340625 0.558333 0.335938 0.547222
2 0.382031 0.566667 0.396875 0.576389 0.394531 0.588889 0.379688 0.577778
1 0.357031 0.519444 0.40625 0.526389 0.405469 0.543056 0.35625 0.5375
1 0.364063 0.531944 0.410938 0.540278 0.410156 0.559722 0.3625 0.55
3 0.370312 0.481944 0.377344 0.486111 0.372656 0.513889 0.365625 0.509722
3 0.355469 0.502778 0.347656 0.508333 0.341406 0.477778 0.349219 0.472222
0 0.364063 0.488889 0.398438 0.5125 0.395313 0.523611 0.360938 0.5
3 0.39375 0.498611 0.386719 0.504167 0.380469 0.479167 0.388281 0.475
2 0.390625 0.445833 0.408594 0.452778 0.407031 0.463889 0.389844 0.456944
2 0.389844 0.456944 0.384375 0.465278 0.372656 0.441667 0.378125 0.433333
0 0.374219 0.4625 0.367969 0.466667 0.355469 0.415278 0.361719 0.411111
2 0.364063 0.438889 0.35625 0.445833 0.349219 0.422222 0.35625 0.415278
2 0.346875 0.443056 0.365625 0.443056 0.365625 0.458333 0.346875 0.458333
2 0.334375 0.441667 0.328125 0.45 0.317969 0.423611 0.324219 0.415278
2 0.335156 0.406944 0.327344 0.4125 0.319531 0.381944 0.327344 0.376389
2 0.302344 0.405556 0.282813 0.416667 0.28125 0.402778 0.3 0.391667
3 0.323437 0.402778 0.317188 0.413889 0.304688 0.394444 0.311719 0.381944
0 0.332813 0.3625 0.340625 0.363889 0.339062 0.433333 0.330469 0.433333
2 0.3 0.370833 0.308594 0.372222 0.30625 0.408333 0.297656 0.405556
2 0.3 0.393056 0.292969 0.4 0.2875 0.381944 0.294531 0.376389
0 0.299219 0.375 0.290625 0.377778 0.286719 0.305556 0.296094 0.304167
2 0.295312 0.301389 0.315625 0.301389 0.315625 0.316667 0.295312 0.316667
3 0.304688 0.275 0.313281 0.277778 0.310156 0.305556 0.301563 0.301389
2 0.334375 0.319444 0.328125 0.323611 0.320312 0.291667 0.327344 0.286111
2 0.332813 0.322222 0.339844 0.327778 0.332031 0.356944 0.325 0.352778
3 0.303906 0.358333 0.320312 0.358333 0.320312 0.375 0.303906 0.375
2 0.35 0.334722 0.35625 0.343056 0.34375 0.368056 0.338281 0.359722
0 0.353906 0.313889 0.361719 0.315278 0.358594 0.384722 0.351562 0.383333
3 0.45 0.472222 0.434375 0.475 0.433594 0.4625 0.449219 0.459722
0 0.434375 0.405556 0.440625 0.406944 0.433594 0.472222 0.427344 0.470833
0 0.427344 0.395833 0.458594 0.406944 0.457813 0.419444 0.426563 0.406944
2 0.429688 0.380556 0.435156 0.390278 0.423438 0.411111 0.417969 0.4
3 0.402344 0.383333 0.411719 0.404167 0.403906 0.415278 0.395313 0.394444
1 0.45625 0.330556 0.496094 0.334722 0.496094 0.355556 0.455469 0.352778
2 0.388281 0.295833 0.391406 0.306944 0.375781 0.319444 0.372656 0.308333
0 0.421875 0.216667 0.414844 0.218056 0.413281 0.155556 0.420312 0.154167
1 0.482812 0.273611 0.446875 0.298611 0.442969 0.277778 0.478125 0.254167
2 0.392188 0.516667 0.385937 0.520833 0.378906 0.491667 0.385156 0.4875
