2 0.103906 0.531944 0.0914062 0.548611 0.0765625 0.511111 0.0898438 0.494444
2 0.223438 0.325 0.213281 0.340278 0.192969 0.298611 0.203906 0.281944
2 0.186719 0.302778 0.213281 0.318056 0.210156 0.3375 0.182812 0.323611
0 0.217969 0.325 0.226562 0.344444 0.176563 0.411111 0.16875 0.390278
0 0.217969 0.341667 0.228906 0.348611 0.204687 0.458333 0.194531 0.45
2 0.23125 0.368056 0.242188 0.379167 0.225781 0.431944 0.214844 0.420833
3 0.282813 0.597222 0.300781 0.602778 0.29375 0.665278 0.275781 0.658333
0 0.235156 0.648611 0.297656 0.694444 0.291406 0.719444 0.229687 0.672222
2 0.227344 0.747222 0.242188 0.751389 0.236719 0.811111 0.221875 0.806944
2 0.236719 0.683333 0.25 0.684722 0.246094 0.747222 0.232813 0.744444
2 0.271875 0.705556 0.284375 0.708333 0.279687 0.768056 0.267188 0.765278
3 0.267188 0.802778 0.289844 0.802778 0.289844 0.827778 0.267188 0.827778
3 0.275781 0.840278 0.303125 0.85 0.3 0.873611 0.272656 0.8625
3 0.317188 0.904167 0.297656 0.915278 0.29375 0.8875 0.3125 0.877778
2 0.338281 0.838889 0.305469 0.845833 0.303906 0.822222 0.336719 0.813889
2 0.319531 0.761111 0.332813 0.766667 0.326562 0.820833 0.313281 0.816667
2 0.358594 0.801389 0.329688 0.827778 0.322656 0.804167 0.351562 0.776389
0 0.317969 0.893056 0.307031 0.901389 0.278125 0.779167 0.289062 0.770833
3 0.317188 0.8125 0.30625 0.825 0.292969 0.790278 0.303125 0.776389
1 0.389062 0.958333 0.371875 0.984722 0.310156 0.854167 0.327344 0.829167
2 0.510156 0.726389 0.521094 0.744444 0.497656 0.791667 0.486719 0.775
2 0.525 0.811111 0.488281 0.815278 0.4875 0.788889 0.524219 0.784722
2 0.496094 0.8375 0.482031 0.851389 0.461719 0.786111 0.476562 0.773611
3 0.507031 0.668056 0.476562 0.672222 0.475 0.645833 0.505469 0.640278
0 0.547656 0.625 0.465625 0.654167 0.463281 0.629167 0.545312 0.6
2 0.567969 0.629167 0.554688 0.633333 0.546875 0.573611 0.560156 0.568056
2 0.549219 0.605556 0.510938 0.608333 0.510156 0.583333 0.549219 0.579167
2 0.575 0.584722 0.560156 0.5875 0.55625 0.519444 0.571094 0.516667
2 0.61875 0.548611 0.625781 0.575 0.591406 0.604167 0.585156 0.577778
0 0.573438 0.469444 0.582031 0.491667 0.510156 0.584722 0.501563 0.5625
2 0.617969 0.698611 0.661719 0.702778 0.660937 0.734722 0.617188 0.730556
2 0.667188 0.6875 0.651563 0.702778 0.63125 0.634722 0.646094 0.619444
3 0.674219 0.559722 0.689063 0.577778 0.667969 0.631944 0.653906 0.613889
3 0.6875 0.575 0.725781 0.575 0.725781 0.608333 0.6875 0.608333
0 0.672656 0.480556 0.664062 0.5 0.599219 0.402778 0.607812 0.384722
2 0.653906 0.398611 0.701562 0.415278 0.697656 0.447222 0.65 0.429167
1 0.639844 0.490278 0.6625 0.508333 0.61875 0.694444 0.596094 0.677778
1 0.584375 0.283333 0.60625 0.295833 0.573438 0.486111 0.550781 0.473611
0 0.438281 0.406944 0.425 0.411111 0.410938 0.263889 0.424219 0.261111
2 0.451562 0.301389 0.464844 0.316667 0.442969 0.373611 0.429688 0.358333
0 0.427344 0.279167 0.492969 0.288889 0.491406 0.313889 0.425781 0.304167
2 0.482031 0.269444 0.474219 0.295833 0.442188 0.266667 0.45 0.238889
3 0.4 0.291667 0.385937 0.308333 0.367188 0.2625 0.380469 0.245833
2 0.314844 0.0125 0.348438 0.0125 0.348438 0.0361111 0.314844 0.0361111
3 0.534375 0.0916667 0.558594 0.127778 0.547656 0.15 0.523438 0.113889
2 0.384375 0.125 0.392969 0.144444 0.367969 0.180556 0.359375 0.159722
