2 0.452344 0.491667 0.442188 0.502778 0.428125 0.455556 0.439063 0.445833
2 0.44375 0.509722 0.432031 0.518056 0.421875 0.476389 0.433594 0.468056
1 0.426563 0.540278 0.414844 0.5625 0.378906 0.498611 0.390625 0.476389
0 0.423438 0.520833 0.417187 0.531944 0.397656 0.504167 0.403906 0.493056
3 0.421875 0.431944 0.4125 0.441667 0.400781 0.405556 0.410938 0.395833
2 0.4125 0.381944 0.400781 0.391667 0.389844 0.345833 0.400781 0.3375
0 0.419531 0.477778 0.410156 0.486111 0.388281 0.413889 0.397656 0.405556
0 0.428125 0.506944 0.421094 0.511111 0.407031 0.430556 0.414062 0.427778
2 0.378906 0.459722 0.388281 0.459722 0.388281 0.484722 0.378906 0.484722
2 0.385156 0.473611 0.396875 0.473611 0.396875 0.490278 0.385156 0.490278
3 0.357812 0.429167 0.36875 0.429167 0.36875 0.45 0.357812 0.45
2 0.358594 0.398611 0.350781 0.404167 0.34375 0.363889 0.351562 0.359722
0 0.35625 0.341667 0.346875 0.351389 0.327344 0.288889 0.336719 0.280556
3 0.377344 0.25 0.364844 0.259722 0.35625 0.223611 0.36875 0.2125
2 0.336719 0.151389 0.346094 0.152778 0.345313 0.190278 0.335938 0.188889
1 0.346094 0.138889 0.363281 0.147222 0.352344 0.208333 0.335938 0.198611
3 0.319531 0.269444 0.333594 0.269444 0.333594 0.290278 0.319531 0.290278
2 0.311719 0.223611 0.303906 0.227778 0.298438 0.195833 0.30625 0.190278
0 0.35 0.0569444 0.341406 0.0680556 0.317188 0.0166667 0.325 0.00416667
2 0.285156 0.0861111 0.29375 0.0902778 0.289844 0.1125 0.28125 0.108333
2 0.325 0.231944 0.315625 0.247222 0.300781 0.216667 0.310156 0.202778
3 0.330469 0.336111 0.319531 0.345833 0.310156 0.316667 0.321094 0.305556
0 0.342187 0.333333 0.335938 0.344444 0.305469 0.291667 0.311719 0.280556
3 0.338281 0.309722 0.340625 0.327778 0.33125 0.333333 0.328125 0.313889
2 0.301563 0.236111 0.314063 0.236111 0.314063 0.258333 0.301563 0.258333
0 0.291406 0.136111 0.282813 0.141667 0.263281 0.0569444 0.271875 0.0513889
