2 0.276562 0.258333 0.26875 0.265278 0.258594 0.231944 0.266406 0.223611
2 0.35 0.454167 0.35625 0.465278 0.340625 0.490278 0.335156 0.480556
2 0.371875 0.405556 0.38125 0.411111 0.375 0.444444 0.366406 0.438889
2 0.404687 0.398611 0.409375 0.4125 0.392188 0.431944 0.3875 0.418056
3 0.410156 0.4625 0.401562 0.468056 0.395313 0.440278 0.403125 0.433333
3 0.414062 0.430556 0.420312 0.4375 0.411719 0.459722 0.40625 0.451389
3 0.453125 0.536111 0.442188 0.552778 0.436719 0.541667 0.448437 0.523611
0 0.535937 0.619444 0.542969 0.623611 0.533594 0.698611 0.525781 0.695833
3 0.541406 0.688889 0.547656 0.690278 0.545312 0.720833 0.539062 0.719444
3 0.545312 0.7125 0.560937 0.7125 0.560937 0.726389 0.545312 0.726389
2 0.535156 0.697222 0.554688 0.698611 0.553906 0.711111 0.534375 0.709722
3 0.607812 0.555556 0.625 0.561111 0.623437 0.576389 0.60625 0.570833
3 0.60625 0.545833 0.610938 0.558333 0.599219 0.575 0.594531 0.5625
0 0.488281 0.436111 0.523438 0.475 0.51875 0.488889 0.483594 0.45
2 0.501563 0.438889 0.516406 0.456944 0.511719 0.469444 0.496094 0.451389
2 0.478125 0.422222 0.496875 0.431944 0.494531 0.445833 0.475781 0.436111
2 0.465625 0.348611 0.470313 0.359722 0.457031 0.380556 0.451562 0.369444
3 0.4375 0.363889 0.453125 0.363889 0.453125 0.379167 0.4375 0.379167
2 0.428906 0.311111 0.436719 0.3125 0.434375 0.345833 0.426563 0.343056
2 0.435937 0.301389 0.442969 0.302778 0.440625 0.334722 0.433594 0.333333
2 0.439063 0.315278 0.446875 0.315278 0.446875 0.348611 0.439063 0.348611
2 0.45625 0.352778 0.45 0.358333 0.44375 0.327778 0.45 0.322222
0 0.464844 0.352778 0.459375 0.358333 0.4375 0.294444 0.44375 0.2875
3 0.464062 0.326389 0.458594 0.333333 0.446094 0.301389 0.452344 0.294444
2 0.436719 0.275 0.44375 0.280556 0.435937 0.311111 0.429688 0.306944
2 0.457031 0.2875 0.449219 0.291667 0.44375 0.256944 0.451562 0.252778
2 0.565625 0.422222 0.560156 0.431944 0.546875 0.408333 0.552344 0.398611
2 0.514844 0.354167 0.510156 0.365278 0.49375 0.347222 0.497656 0.336111
0 0.514844 0.348611 0.522656 0.348611 0.522656 0.401389 0.514844 0.401389
2 0.521875 0.354167 0.528125 0.354167 0.528125 0.381944 0.521875 0.381944
3 0.511719 0.333333 0.528125 0.333333 0.528125 0.347222 0.511719 0.347222
1 0.546094 0.381944 0.590625 0.408333 0.586719 0.426389 0.542969 0.401389
0 0.567969 0.388889 0.605469 0.395833 0.604688 0.408333 0.567187 0.402778
2 0.549219 0.375 0.567187 0.384722 0.565625 0.397222 0.547656 0.3875
2 0.540625 0.361111 0.559375 0.361111 0.559375 0.376389 0.540625 0.376389
1 0.55625 0.366667 0.603125 0.373611 0.602344 0.391667 0.554688 0.386111
0 0.610156 0.354167 0.617188 0.355556 0.6125 0.418056 0.605469 0.416667
2 0.536719 0.341667 0.55 0.341667 0.55 0.355556 0.536719 0.355556
2 0.55 0.313889 0.564063 0.330556 0.559375 0.343056 0.545312 0.326389
2 0.558594 0.316667 0.575 0.327778 0.571094 0.341667 0.555469 0.330556
0 0.579688 0.304167 0.5875 0.308333 0.571875 0.375 0.564844 0.370833
2 0.524219 0.291667 0.540625 0.305556 0.536719 0.318056 0.520312 0.304167
0 0.638281 0.322222 0.64375 0.331944 0.617969 0.380556 0.6125 0.370833
0 0.627344 0.352778 0.620313 0.356944 0.604688 0.291667 0.611719 0.2875
0 0.642969 0.273611 0.608594 0.291667 0.60625 0.279167 0.641406 0.2625
3 0.628125 0.205556 0.6375 0.208333 0.633594 0.238889 0.624219 0.234722
2 0.549219 0.281944 0.561719 0.294444 0.557031 0.308333 0.544531 0.297222
3 0.500781 0.265278 0.514844 0.279167 0.510156 0.291667 0.496094 0.279167
3 0.525 0.286111 0.519531 0.295833 0.509375 0.281944 0.514062 0.270833
0 0.49375 0.256944 0.530469 0.2625 0.529687 0.277778 0.492969 0.270833
2 0.510156 0.238889 0.525781 0.254167 0.521875 0.268056 0.50625 0.251389
2 0.510938 0.254167 0.505469 0.2625 0.49375 0.241667 0.499219 0.233333
2 0.48125 0.245833 0.496094 0.268056 0.490625 0.280556 0.475781 0.256944
2 0.426563 0.222222 0.445312 0.229167 0.44375 0.245833 0.425 0.238889
2 0.473438 0.223611 0.48125 0.226389 0.477344 0.256944 0.469531 0.252778
1 0.425 0.194444 0.471094 0.234722 0.465625 0.254167 0.419531 0.213889
2 0.697656 0.370833 0.678906 0.375 0.678125 0.359722 0.696875 0.355556
2 0.574219 0.143056 0.555469 0.144444 0.554688 0.131944 0.573438 0.130556
1 0.492188 0.0680556 0.500781 0.0819444 0.470313 0.145833 0.461719 0.131944
3 0.503125 0.0138889 0.516406 0.0236111 0.5125 0.0388889 0.499219 0.0277778
3 0.558594 0.0777778 0.545312 0.0875 0.542188 0.075 0.555469 0.0652778
