0 0.436719 0.131944 0.475 0.188889 0.46875 0.202778 0.429688 0.144444
2 0.472656 0.166667 0.485156 0.170833 0.478906 0.220833 0.467187 0.215278
2 0.484375 0.184722 0.504687 0.216667 0.496875 0.233333 0.476562 0.201389
0 0.477344 0.301389 0.466406 0.302778 0.461719 0.194444 0.473438 0.193056
3 0.470313 0.294444 0.457813 0.297222 0.455469 0.248611 0.467969 0.245833
3 0.467187 0.361111 0.478906 0.369444 0.467969 0.415278 0.45625 0.405556
2 0.50625 0.502778 0.525 0.5375 0.516406 0.551389 0.497656 0.516667
3 0.56875 0.569444 0.541406 0.584722 0.536719 0.559722 0.564844 0.544444
2 0.339062 0.725 0.348438 0.738889 0.328906 0.780556 0.319531 0.765278
2 0.345313 0.901389 0.375 0.901389 0.375 0.923611 0.345313 0.923611
0 0.465625 0.8625 0.477344 0.8625 0.476562 0.997222 0.464844 0.997222
2 0.602344 0.8875 0.614844 0.890278 0.610938 0.956944 0.598437 0.955556
3 0.644531 0.969444 0.630469 0.970833 0.628125 0.915278 0.642188 0.913889
3 0.572656 0.930556 0.601562 0.945833 0.596875 0.968056 0.56875 0.952778
2 0.575 0.955556 0.588281 0.966667 0.580469 0.998611 0.567187 0.9875
0 0.853125 0.844444 0.865625 0.855556 0.828906 0.988889 0.817187 0.977778
3 0.859375 0.868056 0.874219 0.879167 0.863281 0.925 0.848437 0.913889
2 0.816406 0.776389 0.83125 0.794444 0.810156 0.851389 0.795312 0.833333
2 0.796875 0.75 0.815625 0.763889 0.800781 0.825 0.782813 0.811111
0 0.719531 0.480556 0.734375 0.615278 0.720313 0.620833 0.70625 0.484722
0 0.728125 0.536111 0.791406 0.6125 0.782813 0.633333 0.720313 0.556944
2 0.759375 0.556944 0.789062 0.586111 0.782031 0.608333 0.752344 0.579167
3 0.769531 0.547222 0.802344 0.565278 0.797656 0.590278 0.764844 0.572222
2 0.775781 0.501389 0.814063 0.515278 0.810937 0.541667 0.773438 0.527778
2 0.958594 0.527778 0.977344 0.529167 0.975781 0.6 0.957031 0.598611
2 0.892969 0.543056 0.879687 0.561111 0.85625 0.504167 0.869531 0.486111
2 0.761719 0.483333 0.803906 0.484722 0.803125 0.511111 0.760938 0.508333
0 0.691406 0.431944 0.771094 0.465278 0.76875 0.4875 0.688281 0.454167
1 0.675 0.426389 0.767188 0.481944 0.760156 0.516667 0.667969 0.4625
