2 0.129688 0.184722 0.142187 0.194444 0.130469 0.2375 0.117969 0.227778
0 0.139844 0.186111 0.150781 0.190278 0.139063 0.290278 0.128125 0.2875
2 0.190625 0.201389 0.200781 0.202778 0.199219 0.245833 0.189844 0.244444
2 0.192188 0.272222 0.213281 0.276389 0.2125 0.294444 0.191406 0.290278
2 0.204687 0.3125 0.179688 0.316667 0.178906 0.297222 0.203906 0.293056
2 0.224219 0.226389 0.216406 0.234722 0.202344 0.197222 0.210156 0.188889
3 0.21875 0.231944 0.209375 0.243056 0.196094 0.206944 0.204687 0.195833
0 0.167969 0.301389 0.21875 0.320833 0.216406 0.341667 0.164844 0.320833
0 0.23125 0.211111 0.242188 0.2125 0.239063 0.306944 0.228125 0.305556
2 0.274219 0.418056 0.251563 0.425 0.249219 0.406944 0.272656 0.398611
1 0.289062 0.452778 0.272656 0.455556 0.267188 0.351389 0.282813 0.348611
0 0.239063 0.1625 0.195312 0.205556 0.190625 0.191667 0.235156 0.148611
2 0.309375 0.279167 0.3 0.2875 0.2875 0.25 0.296094 0.240278
2 0.314063 0.2625 0.307031 0.272222 0.292187 0.240278 0.299219 0.229167
3 0.298438 0.194444 0.308594 0.2 0.302344 0.231944 0.292187 0.225
0 0.346875 0.391667 0.354687 0.393056 0.348438 0.465278 0.340625 0.4625
0 0.358594 0.388889 0.392969 0.434722 0.3875 0.447222 0.353125 0.401389
2 0.335938 0.365278 0.345313 0.370833 0.339844 0.398611 0.330469 0.394444
1 0.34375 0.363889 0.355469 0.369444 0.342187 0.461111 0.330469 0.455556
3 0.342969 0.355556 0.336719 0.369444 0.323437 0.347222 0.330469 0.334722
3 0.339844 0.344444 0.357812 0.351389 0.355469 0.366667 0.338281 0.361111
2 0.44375 0.45 0.434375 0.452778 0.430469 0.418056 0.439844 0.415278
2 0.463281 0.390278 0.471875 0.395833 0.466406 0.429167 0.457813 0.423611
2 0.515625 0.415278 0.523438 0.422222 0.514062 0.451389 0.50625 0.443056
2 0.522656 0.427778 0.528906 0.4375 0.516406 0.463889 0.510156 0.454167
0 0.486719 0.386111 0.480469 0.395833 0.455469 0.348611 0.4625 0.3375
2 0.375 0.319444 0.392969 0.3375 0.388281 0.351389 0.370312 0.333333
2 0.425781 0.344444 0.407031 0.354167 0.404687 0.341667 0.424219 0.330556
0 0.376563 0.276389 0.410938 0.309722 0.407031 0.322222 0.372656 0.288889
2 0.383594 0.275 0.375781 0.277778 0.371875 0.245833 0.379688 0.243056
3 0.464062 0.283333 0.471875 0.283333 0.471875 0.315278 0.464062 0.315278
3 0.478125 0.255556 0.488281 0.255556 0.488281 0.2875 0.478125 0.2875
3 0.460938 0.130556 0.471094 0.130556 0.471094 0.1625 0.460938 0.1625
0 0.479687 0.0472222 0.488281 0.0541667 0.467969 0.129167 0.459375 0.122222
2 0.467969 0.0666667 0.458594 0.0722222 0.45 0.0347222 0.458594 0.0277778
0 0.45625 0.0819444 0.448437 0.0833333 0.44375 0.00277778 0.452344 0.00138889
2 0.427344 0.0402778 0.448437 0.0444444 0.446875 0.0625 0.426563 0.0583333
3 0.435937 0.0888889 0.425781 0.0958333 0.420312 0.0625 0.430469 0.0569444
2 0.439063 0.00972222 0.448437 0.0208333 0.4375 0.05 0.428125 0.0375
3 0.414844 0.0152778 0.426563 0.0152778 0.426563 0.0444444 0.414844 0.0444444
1 0.375 0.0944444 0.360938 0.0972222 0.353125 0.00833333 0.367969 0.00555556
2 0.385156 0.0222222 0.378125 0.0305556 0.372656 0.0111111 0.379688 0.00416667
0 0.34375 0 0.353125 0.00277778 0.348438 0.0847222 0.339062 0.0833333
2 0.35 0.0138889 0.357812 0.0138889 0.357812 0.0569444 0.35 0.0569444
3 0.346875 0.0277778 0.338281 0.0319444 0.334375 0.00277778 0.34375 0
0 0.334375 0.0625 0.325781 0.0680556 0.314844 0.00694444 0.324219 0.00277778
2 0.317188 0.0513889 0.327344 0.0694444 0.307031 0.102778 0.297656 0.0847222
2 0.248438 0.0208333 0.258594 0.0333333 0.24375 0.0708333 0.233594 0.0583333
3 0.270313 0 0.284375 0 0.284375 0.0208333 0.270313 0.0208333
2 0.319531 0.0236111 0.310937 0.0277778 0.307031 0.00555556 0.316406 0.00138889
