2 0.357812 0.655556 0.367969 0.656944 0.365625 0.691667 0.355469 0.688889
2 0.358594 0.5875 0.365625 0.593056 0.357812 0.625 0.35 0.619444
2 0.391406 0.563889 0.398438 0.572222 0.386719 0.6 0.380469 0.593056
3 0.454688 0.645833 0.463281 0.652778 0.45625 0.680556 0.447656 0.675
3 0.409375 0.618056 0.403125 0.630556 0.390625 0.609722 0.396094 0.598611
3 0.40625 0.586111 0.414844 0.588889 0.411719 0.615278 0.403125 0.611111
0 0.575781 0.7625 0.567187 0.765278 0.5625 0.681944 0.571094 0.680556
3 0.611719 0.776389 0.596875 0.783333 0.594531 0.768056 0.609375 0.759722
3 0.592969 0.779167 0.584375 0.781944 0.58125 0.751389 0.589844 0.748611
2 0.600781 0.765278 0.58125 0.775 0.578906 0.759722 0.598437 0.751389
3 0.619531 0.554167 0.625781 0.561111 0.615625 0.5875 0.609375 0.580556
3 0.642969 0.572222 0.625781 0.577778 0.624219 0.559722 0.641406 0.554167
0 0.474219 0.536111 0.517969 0.55 0.516406 0.5625 0.473438 0.548611
2 0.4875 0.529167 0.507031 0.533333 0.50625 0.55 0.486719 0.545833
2 0.482812 0.538889 0.464062 0.544444 0.4625 0.529167 0.48125 0.523611
3 0.43125 0.5125 0.415625 0.520833 0.413281 0.506944 0.428125 0.498611
2 0.435937 0.472222 0.44375 0.477778 0.435937 0.509722 0.428125 0.504167
2 0.408594 0.493056 0.4 0.495833 0.396875 0.465278 0.404687 0.4625
2 0.411719 0.480556 0.404687 0.481944 0.401562 0.45 0.409375 0.448611
2 0.420312 0.486111 0.411719 0.491667 0.407031 0.459722 0.415625 0.455556
0 0.405469 0.436111 0.4375 0.475 0.432812 0.486111 0.401562 0.448611
2 0.396875 0.429167 0.404687 0.430556 0.403906 0.463889 0.396094 0.4625
2 0.430469 0.481944 0.424219 0.493056 0.4125 0.473611 0.417969 0.4625
3 0.417187 0.436111 0.430469 0.451389 0.425781 0.463889 0.4125 0.45
2 0.419531 0.423611 0.413281 0.433333 0.4 0.405556 0.40625 0.395833
2 0.396875 0.393056 0.380469 0.401389 0.378125 0.388889 0.395313 0.380556
1 0.371875 0.363889 0.420312 0.368056 0.419531 0.388889 0.371094 0.384722
2 0.464062 0.431944 0.483594 0.438889 0.482031 0.454167 0.4625 0.447222
0 0.499219 0.476389 0.492188 0.481944 0.482031 0.426389 0.489063 0.422222
3 0.494531 0.425 0.479687 0.436111 0.476562 0.422222 0.491406 0.411111
2 0.490625 0.431944 0.497656 0.431944 0.497656 0.452778 0.490625 0.452778
2 0.530469 0.451389 0.546875 0.461111 0.544531 0.475 0.528125 0.465278
1 0.570312 0.452778 0.51875 0.4625 0.517969 0.441667 0.56875 0.431944
2 0.523438 0.429167 0.540625 0.429167 0.540625 0.443056 0.523438 0.443056
2 0.532031 0.422222 0.514844 0.438889 0.510156 0.425 0.527344 0.408333
0 0.58125 0.405556 0.584375 0.416667 0.545312 0.443056 0.542969 0.431944
0 0.596094 0.422222 0.589063 0.427778 0.576562 0.359722 0.583594 0.355556
1 0.576562 0.405556 0.527344 0.436111 0.523438 0.416667 0.572656 0.386111
0 0.535937 0.338889 0.54375 0.338889 0.54375 0.413889 0.535937 0.413889
2 0.508594 0.373611 0.527344 0.377778 0.526563 0.391667 0.507031 0.388889
2 0.517188 0.368056 0.535937 0.368056 0.535937 0.381944 0.517188 0.381944
2 0.478906 0.375 0.496094 0.375 0.496094 0.388889 0.478906 0.388889
2 0.43125 0.368056 0.448437 0.375 0.446094 0.388889 0.429688 0.383333
3 0.467187 0.381944 0.453906 0.393056 0.45 0.377778 0.464062 0.368056
3 0.467187 0.3625 0.482031 0.370833 0.478906 0.3875 0.464062 0.379167
0 0.482031 0.358333 0.445312 0.380556 0.442969 0.366667 0.479687 0.345833
2 0.444531 0.338889 0.459375 0.35 0.455469 0.365278 0.440625 0.352778
2 0.457031 0.341667 0.474219 0.341667 0.474219 0.355556 0.457031 0.355556
2 0.494531 0.193056 0.500781 0.198611 0.492188 0.225 0.485938 0.219444
2 0.489063 0.188889 0.49375 0.201389 0.478125 0.219444 0.474219 0.206944
3 0.464062 0.147222 0.470313 0.158333 0.457813 0.177778 0.451562 0.166667
0 0.403125 0.163889 0.440625 0.190278 0.436719 0.204167 0.4 0.177778
3 0.403125 0.151389 0.421094 0.151389 0.421094 0.168056 0.403125 0.168056
3 0.392188 0.116667 0.405469 0.133333 0.4 0.145833 0.386719 0.130556
3 0.5625 0.206944 0.573438 0.206944 0.573438 0.240278 0.5625 0.240278
0 0.586719 0.247222 0.592187 0.256944 0.564063 0.305556 0.558594 0.294444
0 0.592969 0.345833 0.5875 0.358333 0.558594 0.315278 0.564063 0.304167
0 0.6 0.304167 0.607031 0.309722 0.590625 0.384722 0.584375 0.379167
2 0.670312 0.286111 0.675 0.301389 0.657031 0.322222 0.652344 0.306944
2 0.471094 0.241667 0.477344 0.252778 0.463281 0.277778 0.457031 0.266667
