2 0.353125 0.969444 0.360156 0.969444 0.360156 0.998611 0.353125 0.998611
2 0.307812 0.954167 0.3 0.963889 0.288281 0.934722 0.296094 0.925
2 0.403125 0.888889 0.410156 0.898611 0.397656 0.925 0.389844 0.915278
2 0.427344 0.915278 0.407031 0.926389 0.403906 0.909722 0.424219 0.898611
2 0.473438 0.740278 0.479687 0.75 0.467969 0.772222 0.4625 0.763889
3 0.361719 0.769444 0.354687 0.777778 0.346875 0.752778 0.354687 0.745833
0 0.389062 0.648611 0.395313 0.658333 0.364063 0.713889 0.358594 0.704167
2 0.353906 0.826389 0.345313 0.830556 0.339844 0.797222 0.347656 0.793056
3 0.353906 0.811111 0.339844 0.820833 0.3375 0.811111 0.351562 0.8
1 0.428906 0.680556 0.440625 0.681944 0.436719 0.773611 0.424219 0.770833
0 0.441406 0.679167 0.403125 0.697222 0.400781 0.684722 0.439063 0.668056
1 0.398438 0.620833 0.404687 0.640278 0.361719 0.688889 0.354687 0.670833
3 0.371875 0.584722 0.375781 0.597222 0.360938 0.613889 0.357031 0.602778
2 0.303125 0.581944 0.310937 0.581944 0.310937 0.613889 0.303125 0.613889
3 0.375781 0.593056 0.388281 0.602778 0.385937 0.616667 0.372656 0.605556
0 0.43125 0.55 0.434375 0.558333 0.402344 0.598611 0.398438 0.590278
2 0.441406 0.590278 0.434375 0.595833 0.427344 0.566667 0.434375 0.5625
0 0.417969 0.555556 0.421875 0.565278 0.392188 0.602778 0.388281 0.593056
0 0.404687 0.472222 0.4125 0.472222 0.4125 0.543056 0.404687 0.543056
3 0.421094 0.494444 0.414844 0.498611 0.410156 0.475 0.416406 0.470833
3 0.399219 0.459722 0.416406 0.459722 0.416406 0.473611 0.399219 0.473611
2 0.422656 0.461111 0.416406 0.470833 0.403906 0.448611 0.409375 0.4375
2 0.457031 0.579167 0.473438 0.586111 0.471875 0.601389 0.455469 0.594444
2 0.470313 0.593056 0.484375 0.593056 0.484375 0.606944 0.470313 0.606944
2 0.492969 0.5875 0.5125 0.5875 0.5125 0.602778 0.492969 0.602778
2 0.496875 0.598611 0.5125 0.604167 0.510938 0.616667 0.495312 0.611111
2 0.486719 0.661111 0.5 0.684722 0.494531 0.693056 0.482031 0.669444
3 0.5 0.658333 0.482812 0.663889 0.480469 0.647222 0.497656 0.641667
2 0.507031 0.659722 0.5 0.663889 0.492969 0.634722 0.5 0.629167
2 0.510938 0.626389 0.519531 0.626389 0.519531 0.658333 0.510938 0.658333
2 0.5125 0.658333 0.50625 0.663889 0.499219 0.633333 0.505469 0.627778
2 0.498437 0.706944 0.503125 0.718056 0.488281 0.738889 0.483594 0.726389
0 0.488281 0.6875 0.492188 0.698611 0.457031 0.740278 0.453125 0.730556
0 0.571094 0.656944 0.564063 0.6625 0.55 0.604167 0.55625 0.598611
2 0.575781 0.604167 0.582812 0.604167 0.582812 0.638889 0.575781 0.638889
2 0.56875 0.591667 0.576562 0.591667 0.576562 0.625 0.56875 0.625
3 0.582031 0.604167 0.596875 0.604167 0.596875 0.620833 0.582031 0.620833
0 0.553906 0.577778 0.559375 0.586111 0.53125 0.643056 0.525781 0.636111
2 0.578125 0.566667 0.570312 0.570833 0.564844 0.540278 0.572656 0.534722
2 0.564063 0.548611 0.570312 0.559722 0.55625 0.583333 0.550781 0.572222
2 0.578125 0.527778 0.563281 0.545833 0.559375 0.534722 0.574219 0.516667
1 0.540625 0.602778 0.528906 0.609722 0.514844 0.525 0.525781 0.518056
1 0.510156 0.538889 0.549219 0.588889 0.542188 0.606944 0.503125 0.556944
2 0.546875 0.577778 0.542969 0.584722 0.530469 0.563889 0.534375 0.555556
3 0.530469 0.536111 0.536719 0.536111 0.536719 0.558333 0.530469 0.558333
2 0.560156 0.519444 0.551562 0.526389 0.545312 0.498611 0.553906 0.493056
2 0.519531 0.488889 0.523438 0.498611 0.509375 0.518056 0.50625 0.508333
3 0.514844 0.477778 0.529687 0.477778 0.529687 0.491667 0.514844 0.491667
3 0.532813 0.455556 0.541406 0.455556 0.541406 0.4875 0.532813 0.4875
0 0.527344 0.427778 0.533594 0.427778 0.533594 0.490278 0.527344 0.490278
2 0.545312 0.458333 0.539062 0.463889 0.532031 0.436111 0.539062 0.430556
2 0.539062 0.423611 0.557813 0.433333 0.555469 0.447222 0.5375 0.4375
2 0.563281 0.423611 0.570312 0.423611 0.570312 0.456944 0.563281 0.456944
2 0.553906 0.402778 0.5625 0.402778 0.5625 0.434722 0.553906 0.434722
0 0.4625 0.418056 0.46875 0.420833 0.460156 0.490278 0.454688 0.488889
3 0.460156 0.484722 0.467187 0.488889 0.461719 0.5125 0.453906 0.508333
0 0.484375 0.436111 0.525 0.440278 0.525 0.454167 0.483594 0.451389
2 0.50625 0.473611 0.5125 0.481944 0.503906 0.504167 0.497656 0.495833
3 0.497656 0.5125 0.504687 0.522222 0.496094 0.544444 0.488281 0.536111
2 0.415625 0.383333 0.422656 0.384722 0.420312 0.413889 0.414062 0.413889
3 0.408594 0.386111 0.415625 0.386111 0.415625 0.413889 0.408594 0.413889
0 0.405469 0.541667 0.396875 0.544444 0.390625 0.486111 0.398438 0.483333
