1 0.453125 0.822222 0.40625 0.856944 0.325781 0.516667 0.371875 0.481944
0 0.548438 0.604167 0.523438 0.65 0.382812 0.406944 0.407813 0.361111
0 0.434375 0.222222 0.567187 0.463889 0.539062 0.511111 0.407031 0.269444
0 0.621875 0.411111 0.594531 0.469444 0.444531 0.243056 0.471875 0.186111
0 0.653906 0.391667 0.61875 0.438889 0.482812 0.122222 0.517969 0.075
0 0.620313 0.722222 0.596094 0.7625 0.46875 0.515278 0.49375 0.475
0 0.517969 0.480556 0.649219 0.720833 0.626563 0.759722 0.495312 0.519444
3 0.649219 0.65 0.61875 0.695833 0.570312 0.593056 0.600781 0.547222
2 0.771875 0.272222 0.804688 0.319444 0.735938 0.470833 0.703125 0.425
3 0.914844 0.00694444 0.995313 0.00694444 0.995313 0.0986111 0.914844 0.0986111
0 0.727344 0.818056 0.696875 0.834722 0.657031 0.605556 0.6875 0.588889
0 0.783594 0.843056 0.746094 0.85 0.729688 0.5625 0.767188 0.555556
2 0.734375 0.844444 0.713281 0.891667 0.651563 0.804167 0.671875 0.756944
2 0.603125 0.795833 0.68125 0.831944 0.672656 0.8875 0.594531 0.851389
0 0.525781 0.806944 0.703906 0.877778 0.696094 0.941667 0.517969 0.870833
3 0.669531 0.929167 0.708594 0.929167 0.708594 0.998611 0.669531 0.998611
3 0.719531 0.943056 0.771875 0.943056 0.771875 0.994444 0.719531 0.994444
2 0.772656 0.822222 0.799219 0.848611 0.764844 0.961111 0.7375 0.934722
3 0.802344 0.833333 0.832031 0.869444 0.796094 0.9625 0.765625 0.926389
2 0.904687 0.813889 0.817969 0.844444 0.811719 0.791667 0.898438 0.759722
0 0.849219 0.805556 0.885156 0.825 0.855469 0.994444 0.819531 0.975
0 0.886719 0.794444 0.917188 0.806944 0.889844 0.997222 0.859375 0.983333
0 0.932031 0.769444 0.970313 0.794444 0.928125 0.998611 0.889844 0.973611
0 0.976562 0.498611 0.999219 0.540278 0.845313 0.806944 0.822656 0.765278
3 0.971875 0.576389 0.995313 0.630556 0.93125 0.720833 0.907031 0.666667
2 0.966406 0.325 0.997656 0.383333 0.91875 0.519444 0.8875 0.4625
0 0.945312 0.1625 0.975781 0.208333 0.832031 0.511111 0.801562 0.465278
