2 0.276562 0.254167 0.269531 0.263889 0.257812 0.231944 0.264844 0.223611
2 0.253906 0.729167 0.245312 0.736111 0.236719 0.702778 0.246094 0.695833
2 0.342969 0.590278 0.334375 0.602778 0.322656 0.572222 0.332031 0.561111
1 0.495312 0.1125 0.548438 0.126389 0.546094 0.151389 0.492969 0.1375
2 0.507812 0.159722 0.5125 0.163889 0.503125 0.193056 0.499219 0.1875
2 0.500781 0.148611 0.507812 0.154167 0.501563 0.181944 0.494531 0.175
2 0.557031 0.223611 0.547656 0.241667 0.541406 0.229167 0.55 0.2125
0 0.513281 0.161111 0.520312 0.168056 0.501563 0.226389 0.494531 0.220833
0 0.404687 0.2375 0.413281 0.238889 0.409375 0.3125 0.401562 0.3125
2 0.421875 0.236111 0.427344 0.245833 0.414062 0.266667 0.409375 0.258333
3 0.41875 0.252778 0.425781 0.2625 0.415625 0.281944 0.409375 0.272222
2 0.425 0.288889 0.442188 0.302778 0.438281 0.316667 0.421094 0.304167
2 0.455469 0.280556 0.458594 0.293056 0.442969 0.308333 0.439063 0.297222
2 0.496875 0.295833 0.516406 0.295833 0.516406 0.309722 0.496875 0.309722
2 0.480469 0.325 0.497656 0.338889 0.49375 0.352778 0.476562 0.338889
2 0.503906 0.348611 0.496875 0.352778 0.489844 0.320833 0.496094 0.316667
2 0.53125 0.394444 0.523438 0.395833 0.521094 0.363889 0.528906 0.3625
2 0.535937 0.384722 0.527344 0.386111 0.526563 0.352778 0.535156 0.351389
2 0.55 0.3125 0.567969 0.3125 0.567969 0.326389 0.55 0.326389
2 0.552344 0.319444 0.56875 0.329167 0.566406 0.343056 0.55 0.333333
2 0.547656 0.334722 0.564063 0.345833 0.560156 0.359722 0.544531 0.348611
2 0.567969 0.329167 0.574219 0.333333 0.567187 0.361111 0.560937 0.356944
0 0.588281 0.295833 0.59375 0.302778 0.571875 0.358333 0.567187 0.351389
1 0.582031 0.372222 0.535156 0.380556 0.534375 0.3625 0.58125 0.354167
3 0.523438 0.395833 0.541406 0.395833 0.541406 0.411111 0.523438 0.411111
2 0.542969 0.411111 0.55 0.418056 0.541406 0.444444 0.534375 0.436111
2 0.523438 0.468056 0.514844 0.470833 0.510938 0.438889 0.519531 0.436111
3 0.508594 0.398611 0.500781 0.406944 0.492969 0.386111 0.5 0.377778
2 0.467187 0.398611 0.475 0.398611 0.475 0.434722 0.467187 0.434722
2 0.476562 0.422222 0.49375 0.431944 0.490625 0.445833 0.473438 0.4375
0 0.640625 0.322222 0.645312 0.333333 0.613281 0.377778 0.608594 0.368056
0 0.614844 0.363889 0.579688 0.377778 0.578125 0.366667 0.614062 0.354167
2 0.680469 0.358333 0.699219 0.358333 0.699219 0.373611 0.680469 0.373611
0 0.425781 0.576389 0.417969 0.577778 0.411719 0.5 0.420312 0.498611
1 0.394531 0.725 0.4375 0.779167 0.429688 0.798611 0.386719 0.744444
2 0.46875 0.7625 0.4625 0.770833 0.451562 0.741667 0.457813 0.734722
2 0.464062 0.684722 0.45625 0.693056 0.445312 0.663889 0.453125 0.654167
3 0.494531 0.708333 0.4875 0.720833 0.475 0.698611 0.48125 0.686111
2 0.5125 0.681944 0.516406 0.690278 0.501563 0.711111 0.498437 0.701389
3 0.525781 0.708333 0.517969 0.709722 0.515625 0.677778 0.523438 0.676389
2 0.498437 0.701389 0.489844 0.702778 0.4875 0.670833 0.496094 0.669444
3 0.499219 0.684722 0.484375 0.686111 0.483594 0.672222 0.499219 0.669444
1 0.529687 0.619444 0.539062 0.636111 0.503906 0.697222 0.495312 0.681944
2 0.573438 0.631944 0.580469 0.634722 0.575 0.666667 0.567969 0.663889
2 0.596875 0.602778 0.603125 0.604167 0.600781 0.634722 0.595313 0.634722
2 0.608594 0.598611 0.614844 0.606944 0.604688 0.631944 0.598437 0.623611
2 0.600781 0.579167 0.607812 0.580556 0.605469 0.611111 0.599219 0.611111
0 0.595313 0.573611 0.602344 0.576389 0.594531 0.640278 0.588281 0.6375
3 0.616406 0.568056 0.622656 0.573611 0.614844 0.6 0.608594 0.593056
3 0.613281 0.581944 0.605469 0.584722 0.602344 0.556944 0.610938 0.554167
0 0.59375 0.561111 0.599219 0.568056 0.578906 0.627778 0.573438 0.620833
0 0.582812 0.606944 0.545312 0.619444 0.544531 0.608333 0.582031 0.595833
3 0.550781 0.597222 0.559375 0.597222 0.559375 0.626389 0.550781 0.626389
2 0.544531 0.588889 0.563281 0.588889 0.563281 0.601389 0.544531 0.601389
0 0.553125 0.544444 0.591406 0.572222 0.588281 0.581944 0.550781 0.554167
0 0.601562 0.523611 0.60625 0.529167 0.58125 0.588889 0.576562 0.581944
0 0.541406 0.498611 0.578906 0.530556 0.575781 0.541667 0.5375 0.509722
3 0.544531 0.5125 0.560937 0.523611 0.557031 0.5375 0.541406 0.526389
0 0.503125 0.511111 0.540625 0.548611 0.536719 0.561111 0.499219 0.523611
2 0.525 0.544444 0.530469 0.552778 0.51875 0.577778 0.514062 0.569444
3 0.491406 0.552778 0.5 0.552778 0.5 0.581944 0.491406 0.581944
3 0.50625 0.556944 0.5125 0.565278 0.503906 0.586111 0.497656 0.579167
3 0.507812 0.554167 0.515625 0.554167 0.515625 0.579167 0.507812 0.579167
