0 0.0265625 0.0722222 0.0679687 0.104167 0.0601563 0.134722 0.01875 0.104167
2 0.175 0.1625 0.192188 0.188889 0.163281 0.247222 0.146875 0.222222
0 0.132812 0.204167 0.145313 0.227778 0.0742188 0.351389 0.0617188 0.327778
2 0.125 0.270833 0.138281 0.301389 0.0992187 0.355556 0.0867187 0.325
2 0.153125 0.293056 0.175781 0.293056 0.175781 0.372222 0.153125 0.372222
2 0.1625 0.327778 0.141406 0.344444 0.123438 0.266667 0.14375 0.25
3 0.125 0.158333 0.153125 0.169444 0.148438 0.211111 0.120313 0.2
3 0.158594 0.386111 0.179688 0.393056 0.170313 0.472222 0.15 0.465278
2 0.254688 0.506944 0.239063 0.523611 0.217188 0.452778 0.233594 0.436111
2 0.269531 0.480556 0.314844 0.505556 0.309375 0.536111 0.264062 0.509722
2 0.234375 0.673611 0.2125 0.688889 0.19375 0.608333 0.215625 0.591667
3 0.246875 0.604167 0.286719 0.643056 0.276562 0.676389 0.236719 0.636111
2 0.2875 0.620833 0.303125 0.636111 0.28125 0.709722 0.264844 0.694444
2 0.25625 0.673611 0.29375 0.729167 0.280469 0.756944 0.242969 0.7
2 0.301563 0.677778 0.321094 0.693056 0.303125 0.766667 0.283594 0.752778
1 0.335938 0.770833 0.303906 0.776389 0.291406 0.555556 0.323437 0.55
2 0.360156 0.605556 0.378125 0.618056 0.360156 0.691667 0.342969 0.677778
3 0.375781 0.6 0.39375 0.602778 0.389062 0.676389 0.371094 0.673611
2 0.295312 0.786111 0.244531 0.813889 0.239844 0.784722 0.290625 0.756944
0 0.285938 0.811111 0.188281 0.905556 0.179688 0.876389 0.277344 0.781944
2 0.384375 0.768056 0.403125 0.775 0.39375 0.856944 0.375 0.85
0 0.39375 0.625 0.409375 0.634722 0.382031 0.7875 0.366406 0.779167
2 0.436719 0.738889 0.395313 0.761111 0.389844 0.726389 0.43125 0.704167
1 0.454688 0.640278 0.478906 0.640278 0.478906 0.854167 0.454688 0.854167
3 0.520312 0.855556 0.553125 0.866667 0.548438 0.902778 0.516406 0.890278
0 0.563281 0.877778 0.546875 0.883333 0.535156 0.731944 0.551562 0.727778
0 0.65 0.752778 0.572656 0.794444 0.567969 0.768056 0.645312 0.725
1 0.478125 0.655556 0.58125 0.655556 0.58125 0.698611 0.478125 0.698611
2 0.514062 0.484722 0.530469 0.4875 0.526563 0.554167 0.510156 0.551389
2 0.486719 0.554167 0.469531 0.559722 0.461719 0.491667 0.478906 0.486111
2 0.492188 0.493056 0.477344 0.504167 0.4625 0.441667 0.477344 0.430556
2 0.514062 0.470833 0.503906 0.472222 0.501563 0.409722 0.511719 0.408333
3 0.44375 0.540278 0.463281 0.540278 0.463281 0.597222 0.44375 0.597222
2 0.396094 0.519444 0.432031 0.5625 0.421875 0.588889 0.386719 0.544444
3 0.435156 0.525 0.417969 0.536111 0.40625 0.472222 0.424219 0.4625
0 0.44375 0.554167 0.428906 0.556944 0.41875 0.4125 0.434375 0.409722
2 0.429688 0.3875 0.466406 0.415278 0.459375 0.443056 0.422656 0.415278
2 0.416406 0.480556 0.398438 0.486111 0.390625 0.419444 0.408594 0.413889
3 0.33125 0.458333 0.366406 0.493056 0.357031 0.523611 0.321094 0.488889
0 0.295312 0.519444 0.388281 0.570833 0.382812 0.601389 0.290625 0.55
0 0.282813 0.380556 0.373437 0.469444 0.364844 0.497222 0.274219 0.408333
2 0.292969 0.340278 0.328125 0.391667 0.314844 0.419444 0.280469 0.366667
2 0.398438 0.401389 0.364844 0.420833 0.358594 0.388889 0.392969 0.369444
2 0.403125 0.352778 0.389844 0.368056 0.369531 0.305556 0.382812 0.291667
3 0.391406 0.366667 0.352344 0.375 0.35 0.341667 0.389844 0.334722
2 0.491406 0.381944 0.477344 0.395833 0.458594 0.333333 0.472656 0.319444
2 0.519531 0.326389 0.534375 0.331944 0.527344 0.391667 0.5125 0.3875
2 0.529687 0.2875 0.5375 0.308333 0.511719 0.3375 0.503906 0.316667
3 0.572656 0.372222 0.546875 0.395833 0.539844 0.372222 0.565625 0.347222
2 0.586719 0.35 0.599219 0.3625 0.582031 0.418056 0.569531 0.405556
3 0.576562 0.356944 0.6 0.384722 0.592187 0.402778 0.569531 0.375
2 0.667969 0.420833 0.658594 0.476389 0.642969 0.469444 0.652344 0.4125
3 0.622656 0.383333 0.65 0.409722 0.642188 0.434722 0.615625 0.406944
0 0.626563 0.273611 0.632031 0.301389 0.579688 0.336111 0.574219 0.309722
0 0.652344 0.343056 0.707812 0.4375 0.697656 0.456944 0.641406 0.3625
0 0.751563 0.551389 0.759375 0.566667 0.707812 0.641667 0.700781 0.626389
2 0.727344 0.591667 0.714063 0.6 0.703125 0.540278 0.717187 0.531944
3 0.8 0.427778 0.824219 0.427778 0.824219 0.454167 0.8 0.454167
0 0.841406 0.3625 0.846875 0.381944 0.795312 0.423611 0.790625 0.404167
0 0.789844 0.306944 0.845313 0.381944 0.839063 0.397222 0.782813 0.323611
2 0.680469 0 0.695312 0 0.695312 0.0513889 0.680469 0.0513889
2 0.45625 0.129167 0.475 0.129167 0.475 0.2 0.45625 0.2
3 0.904687 0.598611 0.925 0.598611 0.925 0.644444 0.904687 0.644444
