2 0.2 0.0388889 0.234375 0.0388889 0.234375 0.0708333 0.2 0.0708333
2 0.105469 0.206944 0.141406 0.206944 0.141406 0.236111 0.105469 0.236111
2 0.113281 0.331944 0.125 0.348611 0.101562 0.397222 0.0898438 0.380556
2 0.253125 0.388889 0.267969 0.394444 0.260937 0.456944 0.246094 0.451389
1 0.247656 0.451389 0.323437 0.551389 0.310937 0.581944 0.234375 0.481944
2 0.339062 0.538889 0.349219 0.555556 0.323437 0.598611 0.314063 0.581944
3 0.354687 0.633333 0.382031 0.633333 0.382031 0.6625 0.354687 0.6625
3 0.400781 0.606944 0.417969 0.6125 0.411719 0.663889 0.395313 0.658333
2 0.402344 0.426389 0.415625 0.440278 0.399219 0.493056 0.386719 0.479167
2 0.446094 0.336111 0.414844 0.340278 0.414062 0.311111 0.445312 0.306944
2 0.410156 0.201389 0.426563 0.201389 0.426563 0.266667 0.410156 0.266667
2 0.54375 0.433333 0.528906 0.444444 0.515625 0.388889 0.530469 0.377778
2 0.301563 0.655556 0.335938 0.655556 0.335938 0.684722 0.301563 0.684722
0 0.326562 0.677778 0.392969 0.738889 0.385156 0.763889 0.319531 0.701389
0 0.380469 0.702778 0.442969 0.777778 0.435937 0.797222 0.373437 0.720833
3 0.448437 0.758333 0.464062 0.758333 0.464062 0.809722 0.448437 0.809722
2 0.457813 0.722222 0.473438 0.722222 0.473438 0.786111 0.457813 0.786111
3 0.382812 0.761111 0.4125 0.761111 0.4125 0.790278 0.382812 0.790278
2 0.371094 0.752778 0.384375 0.772222 0.361719 0.819444 0.349219 0.8
3 0.335938 0.715278 0.360156 0.744444 0.350781 0.768056 0.327344 0.738889
0 0.302344 0.827778 0.375 0.866667 0.371094 0.890278 0.298438 0.85
3 0.354687 0.873611 0.382812 0.888889 0.377344 0.918056 0.349219 0.901389
2 0.389844 0.884722 0.378906 0.897222 0.363281 0.847222 0.375 0.836111
2 0.376563 0.823611 0.403125 0.855556 0.39375 0.877778 0.367188 0.845833
2 0.396875 0.802778 0.420312 0.844444 0.408594 0.863889 0.385937 0.822222
0 0.428125 0.905556 0.415625 0.920833 0.371875 0.808333 0.385156 0.791667
1 0.510156 0.840278 0.425781 0.901389 0.416406 0.8625 0.501563 0.801389
2 0.524219 0.872222 0.489063 0.886111 0.485156 0.854167 0.521094 0.841667
2 0.500781 0.798611 0.489844 0.823611 0.464844 0.7875 0.475781 0.7625
3 0.488281 0.698611 0.5 0.7125 0.482031 0.756944 0.471094 0.744444
3 0.517969 0.638889 0.528906 0.655556 0.509375 0.697222 0.498437 0.679167
2 0.417187 0.966667 0.407031 0.981944 0.385937 0.9375 0.396875 0.922222
0 0.403906 0.970833 0.390625 0.988889 0.363281 0.927778 0.376563 0.909722
2 0.546875 0.870833 0.582031 0.870833 0.582031 0.902778 0.546875 0.902778
2 0.623437 0.861111 0.639062 0.863889 0.635156 0.933333 0.619531 0.929167
2 0.625781 0.875 0.592187 0.880556 0.590625 0.854167 0.625 0.848611
2 0.611719 0.843056 0.598437 0.852778 0.583594 0.790278 0.596875 0.780556
2 0.635156 0.793056 0.621875 0.808333 0.6 0.752778 0.614062 0.736111
3 0.585156 0.820833 0.599219 0.829167 0.589844 0.883333 0.575781 0.875
1 0.560156 0.691667 0.582031 0.691667 0.582031 0.852778 0.560156 0.852778
2 0.535156 0.741667 0.569531 0.761111 0.564844 0.786111 0.530469 0.766667
3 0.552344 0.791667 0.565625 0.808333 0.547656 0.854167 0.534375 0.8375
0 0.561719 0.594444 0.575 0.605556 0.546094 0.720833 0.532813 0.709722
3 0.564844 0.556944 0.592187 0.577778 0.584375 0.608333 0.557813 0.5875
2 0.539062 0.623611 0.507031 0.640278 0.502344 0.613889 0.534375 0.597222
2 0.875781 0.952778 0.860156 0.963889 0.844531 0.897222 0.859375 0.886111
0 0.896094 0.797222 0.823438 0.819444 0.821094 0.790278 0.89375 0.766667
3 0.897656 0.752778 0.880469 0.765278 0.867188 0.709722 0.885156 0.697222
3 0.807031 0.788889 0.822656 0.788889 0.822656 0.841667 0.807031 0.841667
0 0.803906 0.695833 0.821875 0.702778 0.80625 0.840278 0.788281 0.833333
0 0.710156 0.490278 0.727344 0.5 0.705469 0.620833 0.689063 0.6125
0 0.696094 0.559722 0.680469 0.576389 0.641406 0.461111 0.65625 0.444444
2 0.661719 0.456944 0.699219 0.456944 0.699219 0.4875 0.661719 0.4875
1 0.589844 0.313889 0.667188 0.409722 0.653125 0.444444 0.575781 0.35
3 0.708594 0.286111 0.725 0.301389 0.707031 0.359722 0.691406 0.343056
3 0.66875 0.270833 0.642188 0.290278 0.636719 0.266667 0.663281 0.245833
2 0.665625 0.276389 0.654687 0.290278 0.632812 0.236111 0.644531 0.220833
2 0.578906 0.244444 0.616406 0.244444 0.616406 0.272222 0.578906 0.272222
2 0.703906 0.15 0.721094 0.151389 0.720313 0.218056 0.703125 0.216667
0 0.710156 0.247222 0.696094 0.248611 0.6875 0.102778 0.702344 0.1
2 0.633594 0.102778 0.670312 0.123611 0.664844 0.154167 0.628906 0.134722
2 0.630469 0.0763889 0.64375 0.0958333 0.619531 0.145833 0.60625 0.126389
0 0.603125 0.1375 0.589063 0.143056 0.571094 0.00555556 0.585156 0
3 0.625781 0.183333 0.615625 0.204167 0.589063 0.166667 0.598437 0.144444
