2 0.188281 0.284722 0.223438 0.284722 0.223438 0.311111 0.188281 0.311111
2 0.274219 0.106944 0.310156 0.106944 0.310156 0.1375 0.274219 0.1375
2 0.195312 0.406944 0.207031 0.423611 0.184375 0.469444 0.172656 0.452778
1 0.414844 0.298611 0.341406 0.409722 0.325781 0.376389 0.399219 0.266667
2 0.4125 0.075 0.38125 0.0861111 0.378125 0.0555556 0.409375 0.0444444
2 0.454688 0.169444 0.46875 0.184722 0.450781 0.236111 0.4375 0.220833
2 0.514062 0.280556 0.5 0.281944 0.496875 0.218056 0.510938 0.216667
0 0.558594 0.363889 0.547656 0.375 0.508594 0.248611 0.520312 0.2375
2 0.533594 0.3625 0.569531 0.375 0.566406 0.4 0.53125 0.386111
2 0.584375 0.359722 0.571094 0.372222 0.553125 0.313889 0.566406 0.3
2 0.600781 0.358333 0.5875 0.373611 0.566406 0.319444 0.579688 0.302778
2 0.6375 0.326389 0.649219 0.344444 0.624219 0.397222 0.6125 0.379167
2 0.60625 0.175 0.617969 0.194444 0.592187 0.245833 0.579688 0.226389
2 0.564844 0.177778 0.547656 0.198611 0.526563 0.141667 0.542969 0.120833
3 0.549219 0.611111 0.51875 0.620833 0.515625 0.590278 0.546094 0.579167
2 0.717969 0.438889 0.703906 0.458333 0.685156 0.418056 0.698438 0.397222
3 0.733594 0.465278 0.703125 0.4875 0.697656 0.463889 0.728125 0.440278
3 0.774219 0.431944 0.792188 0.438889 0.784375 0.504167 0.767188 0.498611
3 0.740625 0.325 0.753906 0.341667 0.732031 0.397222 0.71875 0.381944
2 0.766406 0.223611 0.776563 0.245833 0.74375 0.293056 0.733594 0.269444
2 0.825 0.236111 0.807813 0.236111 0.807031 0.163889 0.824219 0.1625
0 0.81875 0.270833 0.800781 0.273611 0.792188 0.1125 0.810156 0.108333
2 0.691406 0.6875 0.73125 0.701389 0.727344 0.734722 0.6875 0.719444
0 0.689844 0.713889 0.617969 0.759722 0.6125 0.730556 0.684375 0.686111
3 0.636719 0.738889 0.648438 0.755556 0.628125 0.795833 0.617188 0.779167
3 0.665625 0.834722 0.651563 0.848611 0.632812 0.795833 0.646875 0.780556
2 0.689844 0.806944 0.676562 0.820833 0.658594 0.769444 0.671875 0.754167
1 0.814844 0.670833 0.839844 0.681944 0.814063 0.868056 0.789062 0.858333
3 0.741406 0.808333 0.774219 0.826389 0.76875 0.856944 0.735938 0.838889
0 0.95625 0.851389 0.964844 0.880556 0.8875 0.954167 0.878906 0.925
3 0.942969 0.893056 0.9625 0.893056 0.9625 0.961111 0.942969 0.961111
2 0.723437 0.933333 0.707031 0.941667 0.695312 0.872222 0.711719 0.863889
2 0.739062 0.958333 0.698438 0.9625 0.697656 0.933333 0.738281 0.929167
3 0.702344 0.919444 0.685937 0.922222 0.682031 0.859722 0.699219 0.856944
2 0.646094 0.9625 0.6875 0.9625 0.6875 0.993056 0.646094 0.993056
2 0.614844 0.959722 0.578125 0.977778 0.573438 0.948611 0.610938 0.930556
2 0.598437 0.869444 0.584375 0.888889 0.561719 0.836111 0.576562 0.816667
2 0.564063 0.791667 0.577344 0.806944 0.55625 0.861111 0.542969 0.845833
1 0.6 0.931944 0.509375 0.997222 0.500781 0.959722 0.591406 0.894444
0 0.460938 0.777778 0.528906 0.859722 0.51875 0.8875 0.450781 0.804167
3 0.464062 0.845833 0.497656 0.845833 0.497656 0.876389 0.464062 0.876389
2 0.503906 0.933333 0.492969 0.954167 0.467969 0.909722 0.478906 0.890278
2 0.455469 0.913889 0.486719 0.952778 0.478906 0.972222 0.447656 0.933333
2 0.475 0.981944 0.459375 0.998611 0.440625 0.936111 0.45625 0.920833
2 0.466406 0.856944 0.439844 0.905556 0.429688 0.886111 0.455469 0.838889
3 0.414062 0.797222 0.439063 0.827778 0.429688 0.852778 0.404687 0.820833
0 0.404687 0.755556 0.474219 0.822222 0.467187 0.844444 0.398438 0.776389
3 0.482031 0.677778 0.496875 0.683333 0.489844 0.738889 0.475781 0.734722
3 0.542188 0.706944 0.511719 0.718056 0.508594 0.691667 0.539844 0.680556
3 0.461719 0.736111 0.433594 0.740278 0.43125 0.711111 0.460156 0.705556
2 0.475 0.684722 0.4625 0.693056 0.448437 0.633333 0.460938 0.623611
2 0.379688 0.729167 0.415625 0.736111 0.413281 0.766667 0.378125 0.759722
0 0.382031 0.9125 0.455469 0.948611 0.450781 0.973611 0.377344 0.9375
3 0.433594 0.976389 0.458594 0.976389 0.458594 0.995833 0.433594 0.995833
