0 0.199219 0.209722 0.278906 0.254167 0.273438 0.281944 0.194531 0.238889
3 0.258594 0.275 0.289844 0.275 0.289844 0.305556 0.258594 0.305556
1 0.322656 0.0944444 0.403125 0.188889 0.391406 0.219444 0.310937 0.126389
2 0.433594 0.368056 0.419531 0.380556 0.403906 0.329167 0.417187 0.316667
2 0.291406 0.418056 0.330469 0.440278 0.325 0.470833 0.285938 0.448611
3 0.299219 0.447222 0.316406 0.452778 0.310156 0.506944 0.292969 0.5
2 0.471875 0.355556 0.463281 0.379167 0.433594 0.345833 0.442969 0.322222
2 0.323437 0.505556 0.35625 0.544444 0.346875 0.568056 0.314844 0.527778
2 0.354687 0.666667 0.339062 0.677778 0.325 0.618056 0.340625 0.606944
2 0.389844 0.643056 0.423438 0.676389 0.415625 0.702778 0.382031 0.669444
2 0.401562 0.709722 0.390625 0.726389 0.367188 0.675 0.377344 0.659722
2 0.401562 0.752778 0.364844 0.773611 0.360156 0.747222 0.396875 0.726389
2 0.413281 0.795833 0.377344 0.809722 0.374219 0.781944 0.410156 0.769444
0 0.382031 0.741667 0.391406 0.769444 0.325781 0.844444 0.315625 0.816667
3 0.467187 0.808333 0.485938 0.85 0.471875 0.869444 0.453906 0.827778
1 0.575 0.805556 0.555469 0.820833 0.514844 0.666667 0.535156 0.65
3 0.557813 0.643056 0.570312 0.661111 0.552344 0.698611 0.540625 0.679167
2 0.576562 0.575 0.5875 0.583333 0.574219 0.638889 0.563281 0.630556
0 0.577344 0.525 0.589844 0.534722 0.561719 0.651389 0.55 0.641667
3 0.548438 0.590278 0.560937 0.601389 0.547656 0.643056 0.535156 0.631944
3 0.536719 0.558333 0.566406 0.568056 0.5625 0.597222 0.533594 0.586111
1 0.475781 0.501389 0.550781 0.593056 0.538281 0.626389 0.4625 0.533333
0 0.442188 0.563889 0.511719 0.588889 0.508594 0.615278 0.439063 0.588889
2 0.484375 0.561111 0.508594 0.561111 0.508594 0.593056 0.484375 0.593056
2 0.532813 0.575 0.522656 0.591667 0.504687 0.554167 0.514844 0.5375
0 0.521094 0.488889 0.465625 0.558333 0.455469 0.533333 0.511719 0.465278
2 0.510938 0.456944 0.499219 0.465278 0.485938 0.408333 0.497656 0.4
3 0.480469 0.459722 0.510156 0.459722 0.510156 0.486111 0.480469 0.486111
2 0.409375 0.556944 0.442188 0.575 0.436719 0.604167 0.403906 0.586111
0 0.545312 0.445833 0.599219 0.472222 0.594531 0.501389 0.540625 0.473611
2 0.595313 0.456944 0.623437 0.456944 0.623437 0.480556 0.595313 0.480556
2 0.6125 0.472222 0.622656 0.483333 0.603906 0.531944 0.594531 0.519444
2 0.624219 0.479167 0.633594 0.493056 0.614062 0.533333 0.605469 0.520833
2 0.654687 0.566667 0.669531 0.569444 0.666406 0.620833 0.651563 0.619444
2 0.682813 0.581944 0.696875 0.591667 0.684375 0.644444 0.671094 0.633333
2 0.701562 0.586111 0.714063 0.597222 0.698438 0.648611 0.685937 0.636111
0 0.619531 0.506944 0.688281 0.544444 0.683594 0.570833 0.614844 0.531944
2 0.671875 0.504167 0.702344 0.527778 0.696094 0.552778 0.666406 0.529167
2 0.776563 0.579167 0.805469 0.608333 0.797656 0.631944 0.76875 0.604167
3 0.842187 0.579167 0.828125 0.594444 0.814844 0.55 0.828906 0.536111
3 0.802344 0.486111 0.828125 0.505556 0.821094 0.534722 0.796094 0.515278
3 0.857031 0.440278 0.878125 0.440278 0.878125 0.466667 0.857031 0.466667
2 0.730469 0.498611 0.719531 0.5125 0.702344 0.466667 0.713281 0.452778
1 0.598437 0.416667 0.68125 0.429167 0.678906 0.465278 0.596875 0.454167
0 0.588281 0.438889 0.660156 0.455556 0.658594 0.480556 0.585938 0.463889
2 0.786719 0.469444 0.774219 0.480556 0.760156 0.433333 0.771875 0.422222
2 0.782031 0.365278 0.792188 0.383333 0.771875 0.418056 0.7625 0.4
3 0.701562 0.429167 0.689063 0.443056 0.673438 0.402778 0.685937 0.3875
3 0.717969 0.433333 0.707812 0.447222 0.691406 0.4125 0.700781 0.397222
2 0.675781 0.408333 0.664844 0.413889 0.655469 0.359722 0.666406 0.354167
0 0.738281 0.191667 0.750781 0.202778 0.723437 0.298611 0.710938 0.286111
0 0.699219 0.251389 0.714063 0.251389 0.714063 0.358333 0.699219 0.358333
2 0.671094 0.266667 0.649219 0.298611 0.641406 0.281944 0.663281 0.248611
2 0.655469 0.166667 0.667188 0.181944 0.650781 0.223611 0.639062 0.209722
0 0.849219 0.316667 0.905469 0.391667 0.895312 0.415278 0.839063 0.340278
0 0.900781 0.372222 0.90625 0.390278 0.852344 0.438889 0.847656 0.419444
3 0.960156 0.6 0.980469 0.6 0.980469 0.643056 0.960156 0.643056
2 0.559375 0.176389 0.533594 0.195833 0.527344 0.169444 0.553906 0.15
2 0.457813 0.0972222 0.473438 0.105556 0.463281 0.159722 0.448437 0.152778
2 0.497656 0.0416667 0.471875 0.0722222 0.463281 0.0486111 0.489063 0.0166667
3 0.483594 0.0388889 0.45625 0.0527778 0.451562 0.025 0.478906 0.0111111
2 0.746094 0.0277778 0.764844 0.0277778 0.764844 0.0833333 0.746094 0.0833333
0 0.838281 0.916667 0.821875 0.923611 0.80625 0.7875 0.822656 0.780556
2 0.778125 0.8 0.749219 0.816667 0.74375 0.788889 0.773438 0.772222
