1 0.269531 0.394444 0.383594 0.440278 0.378125 0.481944 0.264844 0.436111
2 0.421094 0.355556 0.439063 0.355556 0.439063 0.4 0.421094 0.4
2 0.525 0.355556 0.534375 0.377778 0.514062 0.406944 0.504687 0.383333
2 0.428906 0.281944 0.439844 0.3 0.422656 0.334722 0.411719 0.318056
3 0.428906 0.3 0.401562 0.327778 0.394531 0.304167 0.421875 0.277778
0 0.135937 0.565278 0.2375 0.576389 0.235937 0.608333 0.134375 0.598611
3 0.228906 0.588889 0.277344 0.588889 0.277344 0.636111 0.228906 0.636111
2 0.432031 0.55 0.463281 0.597222 0.452344 0.619444 0.421094 0.572222
2 0.465625 0.543056 0.504687 0.565278 0.499219 0.595833 0.460156 0.575
2 0.305469 0.7375 0.358594 0.7375 0.358594 0.772222 0.305469 0.772222
3 0.322656 0.761111 0.349219 0.761111 0.349219 0.830556 0.322656 0.830556
2 0.371094 0.819444 0.427344 0.838889 0.423438 0.873611 0.367188 0.854167
2 0.446094 0.970833 0.43125 0.998611 0.407813 0.958333 0.423438 0.930556
2 0.503906 0.945833 0.553906 0.945833 0.553906 0.990278 0.503906 0.990278
2 0.49375 0.809722 0.545312 0.809722 0.545312 0.854167 0.49375 0.854167
0 0.634375 0.806944 0.544531 0.838889 0.541406 0.808333 0.63125 0.775
1 0.674219 0.848611 0.800781 0.848611 0.800781 0.995833 0.674219 0.995833
3 0.701562 0.815278 0.722656 0.815278 0.722656 0.876389 0.701562 0.876389
2 0.721875 0.783333 0.703906 0.793056 0.692969 0.730556 0.710938 0.720833
0 0.710938 0.819444 0.692187 0.825 0.674219 0.666667 0.692969 0.659722
3 0.674219 0.755556 0.691406 0.755556 0.691406 0.813889 0.674219 0.813889
1 0.561719 0.691667 0.682031 0.752778 0.674219 0.8 0.553906 0.738889
3 0.649219 0.723611 0.685937 0.723611 0.685937 0.756944 0.649219 0.756944
0 0.58125 0.638889 0.598437 0.655556 0.561719 0.773611 0.544531 0.756944
3 0.589063 0.672222 0.553906 0.691667 0.547656 0.654167 0.582812 0.636111
2 0.544531 0.586111 0.572656 0.627778 0.560937 0.654167 0.532031 0.611111
0 0.68125 0.631944 0.613281 0.633333 0.613281 0.606944 0.68125 0.605556
2 0.688281 0.595833 0.701562 0.595833 0.701562 0.656944 0.688281 0.656944
2 0.707031 0.593056 0.719531 0.601389 0.709375 0.661111 0.696094 0.654167
2 0.703125 0.605556 0.669531 0.616667 0.666406 0.590278 0.7 0.577778
0 0.734375 0.576389 0.65625 0.604167 0.653906 0.580556 0.73125 0.552778
0 0.795312 0.652778 0.709375 0.661111 0.708594 0.630556 0.794531 0.622222
2 0.803125 0.725 0.786719 0.736111 0.770312 0.666667 0.785937 0.654167
2 0.829688 0.731944 0.811719 0.7375 0.803125 0.661111 0.821094 0.655556
2 0.824219 0.661111 0.84375 0.661111 0.84375 0.727778 0.824219 0.727778
1 0.747656 0.555556 0.659375 0.593056 0.654687 0.556944 0.742188 0.518056
2 0.759375 0.601389 0.797656 0.601389 0.797656 0.629167 0.759375 0.629167
2 0.883594 0.618056 0.920312 0.618056 0.920312 0.652778 0.883594 0.652778
3 0.903906 0.545833 0.9375 0.572222 0.928906 0.606944 0.896094 0.580556
3 0.8625 0.522222 0.894531 0.522222 0.894531 0.552778 0.8625 0.552778
2 0.771875 0.536111 0.8125 0.559722 0.808594 0.579167 0.76875 0.555556
3 0.74375 0.491667 0.773438 0.506944 0.769531 0.534722 0.739062 0.518056
3 0.721094 0.4875 0.752344 0.504167 0.746875 0.534722 0.716406 0.516667
2 0.69375 0.4625 0.723437 0.506944 0.7125 0.529167 0.683594 0.484722
3 0.738281 0.451389 0.767969 0.468056 0.764062 0.486111 0.735156 0.470833
2 0.654687 0.3875 0.667188 0.397222 0.658594 0.436111 0.645312 0.427778
2 0.622656 0.336111 0.636719 0.341667 0.632812 0.375 0.61875 0.370833
0 0.722656 0.405556 0.710938 0.411111 0.7 0.325 0.7125 0.319444
0 0.735156 0.445833 0.721094 0.465278 0.685156 0.388889 0.698438 0.368056
0 0.833594 0.380556 0.904687 0.401389 0.903125 0.420833 0.832031 0.398611
0 0.894531 0.3875 0.905469 0.4 0.878906 0.469444 0.867969 0.455556
3 0.889062 0.45 0.907031 0.45 0.907031 0.484722 0.889062 0.484722
2 0.958594 0.811111 0.984375 0.811111 0.984375 0.870833 0.958594 0.870833
2 0.657813 0.208333 0.679688 0.208333 0.679688 0.252778 0.657813 0.252778
