0 0.711719 0.301389 0.702344 0.304167 0.697656 0.218056 0.707031 0.216667
3 0.711719 0.304167 0.734375 0.316667 0.73125 0.334722 0.708594 0.320833
2 0.746094 0.351389 0.734375 0.352778 0.732031 0.308333 0.74375 0.306944
0 0.68125 0.298611 0.735156 0.338889 0.732031 0.355556 0.677344 0.313889
2 0.778125 0.35 0.808594 0.366667 0.805469 0.383333 0.775 0.366667
2 0.769531 0.363889 0.802344 0.376389 0.8 0.394444 0.767188 0.381944
2 0.634375 0.204167 0.648438 0.2375 0.639062 0.251389 0.625 0.218056
2 0.542188 0.363889 0.517969 0.3875 0.513281 0.369444 0.536719 0.345833
2 0.646875 0.401389 0.638281 0.404167 0.634375 0.356944 0.64375 0.355556
2 0.664062 0.308333 0.671094 0.316667 0.657813 0.351389 0.650781 0.341667
2 0.666406 0.329167 0.673438 0.341667 0.655469 0.372222 0.648438 0.359722
2 0.649219 0.408333 0.660937 0.4125 0.655469 0.458333 0.64375 0.452778
0 0.677344 0.534722 0.664844 0.538889 0.655469 0.45 0.667188 0.445833
0 0.728125 0.526389 0.713281 0.534722 0.696094 0.434722 0.710938 0.426389
0 0.746094 0.504167 0.733594 0.513889 0.711719 0.415278 0.724219 0.405556
2 0.729688 0.4125 0.742188 0.4125 0.742188 0.461111 0.729688 0.461111
2 0.763281 0.434722 0.753906 0.448611 0.733594 0.404167 0.742188 0.390278
2 0.732031 0.363889 0.742188 0.369444 0.733594 0.416667 0.723437 0.411111
0 0.726562 0.404167 0.714063 0.413889 0.692969 0.330556 0.705469 0.320833
2 0.714844 0.425 0.703906 0.4375 0.688281 0.398611 0.699219 0.386111
2 0.717969 0.401389 0.709375 0.4125 0.69375 0.373611 0.702344 0.3625
2 0.732812 0.508333 0.765625 0.533333 0.760156 0.552778 0.728125 0.529167
0 0.776563 0.547222 0.763281 0.551389 0.752344 0.454167 0.765625 0.45
2 0.792188 0.481944 0.808594 0.526389 0.799219 0.5375 0.783594 0.491667
2 0.916406 0.5125 0.902344 0.518056 0.896094 0.459722 0.910156 0.455556
3 0.825 0.545833 0.855469 0.575 0.846875 0.601389 0.816406 0.572222
3 0.80625 0.440278 0.839844 0.445833 0.838281 0.470833 0.804688 0.465278
3 0.834375 0.409722 0.864062 0.426389 0.858594 0.455556 0.828906 0.438889
3 0.851562 0.652778 0.822656 0.6875 0.8125 0.661111 0.842187 0.626389
3 0.842187 0.713889 0.808594 0.725 0.804688 0.693056 0.839063 0.680556
3 0.848437 0.679167 0.886719 0.686111 0.884375 0.720833 0.846094 0.715278
2 0.820312 0.651389 0.783594 0.665278 0.779687 0.638889 0.817187 0.625
2 0.699219 0.558333 0.6875 0.569444 0.675 0.530556 0.6875 0.518056
2 0.705469 0.691667 0.747656 0.715278 0.74375 0.734722 0.701562 0.7125
2 0.820312 0.797222 0.807031 0.806944 0.792188 0.744444 0.805469 0.734722
2 0.807813 0.811111 0.796094 0.823611 0.776563 0.758333 0.788281 0.747222
0 0.778125 0.776389 0.698438 0.805556 0.695312 0.776389 0.775 0.747222
3 0.75625 0.804167 0.721875 0.818056 0.71875 0.790278 0.753125 0.775
2 0.694531 0.795833 0.695312 0.870833 0.678125 0.870833 0.677344 0.797222
2 0.672656 0.880556 0.642188 0.916667 0.632031 0.890278 0.6625 0.852778
2 0.628906 0.840278 0.642969 0.847222 0.63125 0.913889 0.617188 0.906944
2 0.560937 0.811111 0.583594 0.8625 0.571094 0.880556 0.548438 0.829167
1 0.578125 0.781944 0.679688 0.831944 0.675 0.861111 0.573438 0.811111
2 0.666406 0.698611 0.699219 0.731944 0.692969 0.752778 0.659375 0.719444
3 0.707031 0.786111 0.671094 0.793056 0.670312 0.766667 0.705469 0.759722
2 0.539844 0.658333 0.573438 0.669444 0.570312 0.694444 0.536719 0.683333
2 0.510156 0.613889 0.5 0.625 0.482812 0.580556 0.492969 0.568056
2 0.438281 0.579167 0.470313 0.595833 0.467187 0.611111 0.435937 0.595833
0 0.551562 0.616667 0.597656 0.690278 0.588281 0.706944 0.542969 0.634722
0 0.58125 0.773611 0.671875 0.773611 0.671875 0.804167 0.58125 0.804167
3 0.584375 0.566667 0.595313 0.586111 0.577344 0.616667 0.567187 0.597222
3 0.604688 0.538889 0.617969 0.554167 0.602344 0.594444 0.589844 0.577778
0 0.575 0.465278 0.584375 0.479167 0.542969 0.566667 0.534375 0.551389
1 0.586719 0.443056 0.601562 0.459722 0.559375 0.575 0.544531 0.558333
1 0.632031 0.459722 0.64375 0.484722 0.580469 0.580556 0.56875 0.556944
1 0.64375 0.494444 0.710156 0.586111 0.696875 0.615278 0.63125 0.525
2 0.628125 0.5 0.635938 0.516667 0.610156 0.551389 0.603125 0.536111
3 0.533594 0.480556 0.558594 0.494444 0.553906 0.522222 0.528125 0.508333
0 0.798438 0.573611 0.722656 0.5875 0.721094 0.558333 0.796875 0.544444
0 0.834375 0.544444 0.825 0.555556 0.785156 0.452778 0.795312 0.440278
0 0.721094 0.223611 0.735156 0.230556 0.721094 0.308333 0.707812 0.301389
