0 0.742188 0.547222 0.764062 0.556944 0.73125 0.776389 0.709375 0.766667
0 0.782813 0.575 0.808594 0.590278 0.771094 0.797222 0.745313 0.781944
2 0.751563 0.631944 0.772656 0.640278 0.760938 0.744444 0.739844 0.736111
2 0.613281 0.688889 0.672656 0.733333 0.663281 0.772222 0.603906 0.727778
0 0.767969 0.973611 0.746094 0.9875 0.696094 0.736111 0.717969 0.722222
2 0.245312 0.823611 0.325 0.851389 0.31875 0.908333 0.238281 0.879167
2 0.139063 0.633333 0.0617188 0.681944 0.0507812 0.626389 0.128125 0.577778
2 0.0265625 0.606944 0.05625 0.629167 0.03125 0.734722 0.00078125 0.711111
2 0.0015625 0.779167 0.0554687 0.779167 0.0554687 0.843056 0.0015625 0.843056
2 0.0015625 0.841667 0.0976562 0.841667 0.0976562 0.888889 0.0015625 0.888889
3 0 0.876389 0.075 0.876389 0.075 0.945833 0 0.945833
