1 0.672656 0.695833 0.644531 0.711111 0.60625 0.491667 0.634375 0.476389
2 0.627344 0.677778 0.644531 0.677778 0.644531 0.761111 0.627344 0.761111
2 0.6125 0.522222 0.626563 0.548611 0.595313 0.601389 0.58125 0.575
0 0.634375 0.770833 0.614844 0.770833 0.614062 0.5875 0.632812 0.5875
3 0.600781 0.666667 0.620313 0.670833 0.616406 0.744444 0.596875 0.740278
0 0.6 0.568056 0.617969 0.575 0.597656 0.744444 0.579688 0.7375
2 0.479687 0.605556 0.45 0.65 0.439063 0.626389 0.46875 0.583333
0 0.598437 0.502778 0.614062 0.525 0.555469 0.656944 0.539844 0.634722
3 0.477344 0.865278 0.510938 0.898611 0.501563 0.927778 0.467969 0.895833
2 0.671875 0.841667 0.6875 0.863889 0.657813 0.926389 0.642188 0.904167
3 0.747656 0.919444 0.7125 0.954167 0.699219 0.9125 0.735156 0.877778
2 0.541406 0.959722 0.56875 0.959722 0.56875 0.997222 0.541406 0.997222
