0 0.896094 0.191667 0.875 0.197222 0.860156 0.0111111 0.88125 0.00694444
2 0.886719 0.151389 0.863281 0.175 0.838281 0.0958333 0.860938 0.0722222
0 0.878125 0.229167 0.853906 0.247222 0.810937 0.0569444 0.835938 0.0402778
0 0.839844 0.213889 0.9625 0.281944 0.953906 0.329167 0.83125 0.261111
2 0.847656 0.258333 0.903125 0.279167 0.898438 0.319444 0.842969 0.3
2 0.772656 0.220833 0.825781 0.220833 0.825781 0.259722 0.772656 0.259722
3 0.803125 0.273611 0.841406 0.273611 0.841406 0.313889 0.803125 0.313889
0 0.839844 0.280556 0.736719 0.284722 0.735938 0.255556 0.839844 0.25
0 0.738281 0.313889 0.752344 0.329167 0.703125 0.476389 0.689063 0.4625
2 0.73125 0.380556 0.742188 0.394444 0.716406 0.461111 0.705469 0.447222
2 0.744531 0.393056 0.75625 0.413889 0.727344 0.465278 0.715625 0.444444
3 0.658594 0.451389 0.692969 0.451389 0.692969 0.490278 0.658594 0.490278
0 0.8 0.45 0.727344 0.520833 0.71875 0.494444 0.792188 0.423611
0 0.8125 0.388889 0.826562 0.415278 0.752344 0.543056 0.738281 0.516667
2 0.820312 0.430556 0.840625 0.445833 0.81875 0.538889 0.797656 0.523611
3 0.84375 0.454167 0.864062 0.479167 0.834375 0.555556 0.814063 0.531944
2 0.76875 0.588889 0.753906 0.605556 0.726562 0.534722 0.740625 0.516667
2 0.903125 0.373611 0.925 0.390278 0.899219 0.497222 0.877344 0.480556
0 0.944531 0.318056 0.967187 0.340278 0.900781 0.556944 0.878125 0.536111
3 0.884375 0.581944 0.910937 0.591667 0.9 0.688889 0.873437 0.677778
2 0.842969 0.5875 0.884375 0.609722 0.876563 0.65 0.835938 0.627778
3 0.896094 0.8 0.869531 0.819444 0.845313 0.716667 0.871875 0.697222
3 0.755469 0.679167 0.79375 0.708333 0.785156 0.744444 0.747656 0.715278
2 0.783594 0.733333 0.801562 0.733333 0.801562 0.838889 0.783594 0.838889
3 0.78125 0.820833 0.807031 0.869444 0.792969 0.893056 0.767188 0.845833
1 0.803125 0.797222 0.839063 0.811111 0.817969 0.994444 0.782813 0.980556
3 0.828906 0.891667 0.875 0.9375 0.863281 0.975 0.817187 0.929167
2 0.907813 0.972222 0.886719 0.998611 0.847656 0.895833 0.86875 0.870833
2 0.91875 0.833333 0.940625 0.861111 0.902344 0.961111 0.880469 0.933333
3 0.95625 0.984722 0.920312 0.998611 0.908594 0.894444 0.944531 0.881944
1 0.785156 0.893056 0.698438 0.998611 0.676562 0.938889 0.763281 0.834722
0 0.73125 0.861111 0.710156 0.868056 0.6875 0.666667 0.708594 0.659722
0 0.659375 0.729167 0.675781 0.729167 0.675781 0.930556 0.659375 0.930556
2 0.665625 0.975 0.650781 0.993056 0.629687 0.936111 0.64375 0.918056
1 0.557813 0.972222 0.5375 0.998611 0.514062 0.9375 0.534375 0.911111
2 0.611719 0.780556 0.626563 0.780556 0.626563 0.843056 0.611719 0.843056
2 0.6375 0.820833 0.624219 0.826389 0.615625 0.755556 0.629687 0.75
2 0.611719 0.715278 0.644531 0.747222 0.6375 0.768056 0.604688 0.736111
2 0.642188 0.719444 0.632812 0.745833 0.607031 0.715278 0.617188 0.690278
3 0.620313 0.640278 0.635938 0.640278 0.635938 0.7125 0.620313 0.7125
