0 0.578125 0.466667 0.564844 0.468056 0.558594 0.343056 0.571875 0.341667
2 0.571875 0.443056 0.561719 0.451389 0.551562 0.406944 0.561719 0.398611
0 0.571094 0.493056 0.557031 0.498611 0.540625 0.383333 0.554688 0.376389
0 0.554688 0.488889 0.603125 0.530556 0.598437 0.547222 0.55 0.505556
2 0.526563 0.486111 0.550781 0.486111 0.550781 0.509722 0.526563 0.509722
0 0.553906 0.525 0.513281 0.527778 0.5125 0.506944 0.553906 0.504167
3 0.539844 0.519444 0.555469 0.519444 0.555469 0.544444 0.539844 0.544444
2 0.557031 0.511111 0.580469 0.522222 0.576562 0.548611 0.553125 0.5375
0 0.513281 0.547222 0.522656 0.552778 0.503906 0.655556 0.495312 0.65
2 0.510156 0.595833 0.517969 0.6 0.510156 0.643056 0.503125 0.6375
2 0.515625 0.605556 0.522656 0.6125 0.5125 0.644444 0.505469 0.6375
3 0.482031 0.644444 0.498437 0.644444 0.498437 0.666667 0.482031 0.666667
0 0.5375 0.643056 0.5125 0.681944 0.507031 0.669444 0.532031 0.631944
0 0.542969 0.595833 0.553906 0.605556 0.527344 0.697222 0.515625 0.686111
2 0.534375 0.730556 0.527344 0.7375 0.5125 0.688889 0.519531 0.681944
3 0.554688 0.636111 0.56875 0.640278 0.5625 0.694444 0.548438 0.688889
2 0.548438 0.619444 0.558594 0.623611 0.550781 0.6875 0.541406 0.683333
2 0.576562 0.583333 0.5875 0.584722 0.583594 0.65 0.572656 0.648611
0 0.589844 0.548611 0.601562 0.554167 0.582812 0.684722 0.571094 0.680556
3 0.571094 0.713889 0.5875 0.713889 0.5875 0.773611 0.571094 0.773611
2 0.553125 0.715278 0.573438 0.719444 0.571875 0.748611 0.550781 0.744444
3 0.5875 0.844444 0.569531 0.854167 0.558594 0.791667 0.576562 0.781944
3 0.524219 0.793056 0.541406 0.793056 0.541406 0.826389 0.524219 0.826389
3 0.555469 0.916667 0.574219 0.916667 0.574219 0.955556 0.555469 0.955556
3 0.585156 0.895833 0.60625 0.895833 0.60625 0.956944 0.585156 0.956944
2 0.590625 0.861111 0.602344 0.869444 0.585938 0.938889 0.574219 0.929167
2 0.591406 0.954167 0.579688 0.965278 0.563281 0.908333 0.574219 0.898611
2 0.571094 0.948611 0.588281 0.979167 0.577344 0.998611 0.560937 0.968056
2 0.621875 0.980556 0.611719 0.986111 0.601562 0.9125 0.610938 0.908333
2 0.598437 0.954167 0.611719 0.954167 0.611719 0.994444 0.598437 0.994444
1 0.65 0.936111 0.66875 0.936111 0.66875 0.995833 0.65 0.995833
1 0.54375 0.856944 0.563281 0.859722 0.555469 0.997222 0.535937 0.994444
0 0.515625 0.879167 0.505469 0.881944 0.495312 0.7875 0.504687 0.783333
3 0.464844 0.783333 0.476562 0.783333 0.476562 0.836111 0.464844 0.836111
2 0.478906 0.9125 0.467187 0.918056 0.459375 0.866667 0.471875 0.861111
