0 0.471875 0.263889 0.525781 0.283333 0.522656 0.305556 0.46875 0.286111
0 0.433594 0.301389 0.472656 0.372222 0.464844 0.384722 0.426563 0.313889
0 0.535937 0.329167 0.471094 0.363889 0.467969 0.345833 0.532813 0.309722
0 0.480469 0.295833 0.492188 0.3 0.480469 0.422222 0.46875 0.418056
2 0.489844 0.298611 0.5 0.304167 0.490625 0.356944 0.480469 0.351389
2 0.46875 0.323611 0.479687 0.323611 0.478125 0.377778 0.467969 0.376389
0 0.558594 0.422222 0.569531 0.433333 0.534375 0.533333 0.523438 0.522222
2 0.383594 0.513889 0.372656 0.515278 0.371875 0.466667 0.382812 0.465278
2 0.378906 0.511111 0.367969 0.519444 0.357812 0.475 0.367969 0.466667
3 0.372656 0.519444 0.352344 0.540278 0.346094 0.518056 0.366406 0.498611
3 0.442188 0.430556 0.4625 0.445833 0.457031 0.466667 0.4375 0.451389
2 0.495312 0.445833 0.46875 0.470833 0.4625 0.452778 0.489844 0.426389
2 0.445312 0.527778 0.455469 0.531944 0.449219 0.583333 0.439063 0.580556
2 0.382031 0.597222 0.407031 0.616667 0.401562 0.638889 0.376563 0.619444
0 0.428125 0.536111 0.392969 0.5625 0.389844 0.545833 0.425 0.519444
0 0.440625 0.504167 0.447656 0.520833 0.40625 0.579167 0.399219 0.5625
0 0.31875 0.627778 0.328906 0.6375 0.300781 0.727778 0.290625 0.716667
3 0.326562 0.655556 0.336719 0.655556 0.336719 0.701389 0.326562 0.701389
2 0.338281 0.722222 0.321875 0.736111 0.317188 0.719444 0.334375 0.705556
2 0.334375 0.8375 0.324219 0.851389 0.30625 0.813889 0.316406 0.8
2 0.314063 0.904167 0.303125 0.916667 0.289062 0.879167 0.3 0.866667
3 0.526563 0.720833 0.536719 0.740278 0.515625 0.775 0.505469 0.756944
3 0.505469 0.6625 0.529687 0.691667 0.521094 0.711111 0.497656 0.681944
3 0.569531 0.718056 0.557031 0.726389 0.548438 0.677778 0.561719 0.670833
2 0.595313 0.65 0.621094 0.693056 0.609375 0.713889 0.584375 0.672222
2 0.591406 0.622222 0.58125 0.641667 0.557813 0.601389 0.567969 0.581944
2 0.528906 0.618056 0.540625 0.619444 0.5375 0.676389 0.525781 0.673611
2 0.588281 0.725 0.610938 0.766667 0.6 0.784722 0.577344 0.743056
3 0.582031 0.708333 0.6125 0.708333 0.6125 0.733333 0.582031 0.733333
1 0.635156 0.793056 0.652344 0.8 0.644531 0.866667 0.627344 0.859722
1 0.611719 0.834722 0.578906 0.866667 0.572656 0.843056 0.604688 0.8125
3 0.570312 0.863889 0.594531 0.894444 0.585156 0.919444 0.560937 0.888889
1 0.6 0.893056 0.704688 0.930556 0.699219 0.973611 0.594531 0.936111
1 0.738281 0.648611 0.636719 0.704167 0.629687 0.6625 0.73125 0.606944
0 0.728125 0.755556 0.735938 0.780556 0.671875 0.851389 0.663281 0.826389
0 0.408594 0.872222 0.389844 0.876389 0.382812 0.751389 0.401562 0.748611
