0 0.0101563 0.415278 0.0234375 0.419444 0.0132812 0.5 0 0.494444
2 0.0734375 0.286111 0.0367188 0.3 0.0335937 0.272222 0.0703125 0.259722
2 0.0601563 0.368056 0.0226562 0.375 0.0210938 0.348611 0.0585938 0.341667
2 0.0140625 0.456944 0.0257812 0.461111 0.01875 0.520833 0.00703125 0.516667
3 0.0570312 0.501389 0.040625 0.5125 0.0304687 0.469444 0.0460938 0.456944
2 0.113281 0.498611 0.123438 0.516667 0.0992187 0.559722 0.0890625 0.540278
3 0.0765625 0.551389 0.0992187 0.551389 0.0992187 0.575 0.0765625 0.575
2 0.084375 0.45 0.114062 0.477778 0.107031 0.5 0.078125 0.470833
1 0.025 0.381944 0.114844 0.438889 0.107031 0.479167 0.0171875 0.422222
3 0.328125 0.6125 0.307031 0.636111 0.299219 0.6125 0.319531 0.588889
3 0.459375 0.929167 0.442969 0.948611 0.435156 0.927778 0.451562 0.906944
2 0.478906 0.754167 0.491406 0.763889 0.485938 0.7875 0.473438 0.777778
3 0.4 0.743056 0.414062 0.748611 0.407813 0.798611 0.394531 0.793056
0 0.401562 0.852778 0.389062 0.855556 0.385156 0.755556 0.397656 0.752778
2 0.385937 0.788889 0.359375 0.793056 0.357812 0.770833 0.385156 0.766667
2 0.396875 0.747222 0.371875 0.777778 0.364844 0.759722 0.389844 0.727778
1 0.453125 0.536111 0.360938 0.541667 0.360156 0.506944 0.452344 0.5
2 0.38125 0.401389 0.401562 0.420833 0.394531 0.444444 0.375 0.423611
0 0.476562 0.395833 0.534375 0.475 0.527344 0.491667 0.46875 0.411111
3 0.470313 0.779167 0.478125 0.784722 0.46875 0.820833 0.460938 0.815278
3 0.617969 0.781944 0.596875 0.8125 0.588281 0.794444 0.609375 0.763889
3 0.625 0.6125 0.654687 0.623611 0.651563 0.647222 0.621875 0.636111
3 0.536719 0.322222 0.545312 0.338889 0.523438 0.376389 0.515625 0.359722
3 0.50625 0.318056 0.482812 0.319444 0.482031 0.293056 0.505469 0.291667
2 0.269531 0.00416667 0.303906 0.0388889 0.298438 0.0569444 0.263281 0.0222222
