3 0.152344 0 0.194531 0 0.194531 0.0402778 0.152344 0.0402778
0 0.453906 0.00972222 0.499219 0.0777778 0.4875 0.102778 0.442188 0.0347222
2 0.463281 0.00138889 0.502344 0.0333333 0.494531 0.0638889 0.455469 0.0319444
3 0.474219 0.00138889 0.515625 0.00138889 0.515625 0.0347222 0.474219 0.0347222
2 0.505469 0.261111 0.523438 0.275 0.503906 0.354167 0.486719 0.341667
2 0.525 0.295833 0.54375 0.318056 0.517969 0.386111 0.499219 0.3625
0 0.784375 0.2125 0.889844 0.326389 0.878125 0.359722 0.772656 0.245833
0 0.563281 0.379167 0.58125 0.394444 0.535156 0.554167 0.517969 0.538889
3 0.575 0.398611 0.592187 0.415278 0.572656 0.477778 0.555469 0.461111
2 0.539844 0.501389 0.558594 0.508333 0.549219 0.590278 0.529687 0.583333
2 0.555469 0.520833 0.574219 0.526389 0.564063 0.611111 0.546094 0.604167
3 0.316406 0.565278 0.295312 0.566667 0.292969 0.493056 0.314063 0.491667
2 0.317969 0.588889 0.3375 0.593056 0.332813 0.675 0.313281 0.670833
3 0.45625 0.752778 0.471094 0.779167 0.442969 0.827778 0.428125 0.8
3 0.28125 0.588889 0.299219 0.606944 0.28125 0.663889 0.263281 0.645833
2 0.258594 0.469444 0.278125 0.473611 0.273438 0.548611 0.254688 0.545833
3 0.221875 0.525 0.257812 0.5375 0.253906 0.570833 0.217969 0.558333
2 0.226562 0.556944 0.242188 0.572222 0.225 0.631944 0.209375 0.616667
2 0.250781 0.597222 0.264062 0.613889 0.239063 0.672222 0.225781 0.655556
2 0.257031 0.555556 0.269531 0.581944 0.236719 0.631944 0.225 0.605556
2 0.2375 0.697222 0.220312 0.702778 0.211719 0.630556 0.229687 0.625
2 0.202344 0.586111 0.21875 0.586111 0.21875 0.6625 0.202344 0.6625
2 0.191406 0.570833 0.207813 0.572222 0.204687 0.65 0.188281 0.647222
0 0.167187 0.583333 0.233594 0.711111 0.217969 0.736111 0.151562 0.608333
2 0.146875 0.648611 0.182031 0.683333 0.171094 0.718056 0.135937 0.683333
2 0.124219 0.680556 0.160156 0.680556 0.160156 0.715278 0.124219 0.715278
3 0.103906 0.631944 0.127344 0.631944 0.127344 0.697222 0.103906 0.697222
0 0.0976562 0.536111 0.116406 0.538889 0.107031 0.705556 0.0882813 0.702778
0 0.0992187 0.631944 0.0796875 0.636111 0.0703125 0.461111 0.0898438 0.456944
2 0.0609375 0.611111 0.0789062 0.611111 0.0789062 0.690278 0.0609375 0.690278
1 0.105469 0.694444 0.21875 0.706944 0.216406 0.758333 0.103125 0.745833
3 0.117969 0.7375 0.151562 0.7375 0.151562 0.769444 0.117969 0.769444
2 0.182812 0.769444 0.147656 0.783333 0.144531 0.758333 0.178906 0.743056
0 0.2 0.791667 0.133594 0.809722 0.13125 0.780556 0.197656 0.7625
0 0.200781 0.748611 0.213281 0.763889 0.172656 0.869444 0.160156 0.854167
2 0.202344 0.793056 0.213281 0.8125 0.186719 0.859722 0.175781 0.838889
2 0.275 0.793056 0.232031 0.802778 0.229687 0.766667 0.272656 0.756944
0 0.221875 0.794444 0.30625 0.798611 0.305469 0.831944 0.221094 0.827778
2 0.26875 0.840278 0.302344 0.840278 0.302344 0.873611 0.26875 0.873611
3 0.240625 0.875 0.274219 0.908333 0.264844 0.9375 0.23125 0.905556
3 0.210156 0.815278 0.246094 0.815278 0.246094 0.852778 0.210156 0.852778
2 0.485938 0.922222 0.510938 0.922222 0.510938 0.993056 0.485938 0.993056
