2 0.442969 0.00416667 0.499219 0.0888889 0.48125 0.126389 0.425 0.0416667
3 0.561719 0 0.590625 0.0166667 0.576562 0.0958333 0.547656 0.0805556
0 0.435156 0.261111 0.55 0.281944 0.546875 0.330556 0.432812 0.309722
2 0.572656 0.2 0.620313 0.2875 0.598437 0.323611 0.550781 0.2375
2 0.607812 0.211111 0.632812 0.236111 0.615625 0.290278 0.590625 0.266667
3 0.602344 0.159722 0.653906 0.209722 0.640625 0.252778 0.589063 0.202778
2 0.686719 0.245833 0.658594 0.261111 0.640625 0.155556 0.66875 0.140278
3 0.599219 0.309722 0.554688 0.375 0.532813 0.329167 0.576562 0.2625
0 0.640625 0.322222 0.535937 0.426389 0.523438 0.384722 0.627344 0.280556
0 0.477344 0.455556 0.602344 0.455556 0.602344 0.494444 0.477344 0.494444
2 0.535937 0.479167 0.597656 0.488889 0.595313 0.533333 0.533594 0.522222
2 0.597656 0.554167 0.624219 0.555556 0.622656 0.661111 0.596875 0.659722
2 0.515625 0.583333 0.56875 0.623611 0.558594 0.6625 0.50625 0.623611
2 0.566406 0.641667 0.617969 0.691667 0.60625 0.727778 0.554688 0.677778
2 0.65 0.647222 0.674219 0.669444 0.646875 0.7625 0.623437 0.740278
2 0.620313 0.609722 0.646094 0.615278 0.638281 0.725 0.6125 0.720833
2 0.580469 0.6 0.617188 0.677778 0.6 0.704167 0.563281 0.627778
2 0.810156 0.0763889 0.7375 0.169444 0.715625 0.113889 0.789062 0.0222222
3 0.752344 0.119444 0.778906 0.158333 0.73125 0.258333 0.705469 0.218056
3 0.769531 0 0.801562 0.0180556 0.782031 0.133333 0.749219 0.115278
2 0.958594 0.0972222 0.873437 0.184722 0.853125 0.123611 0.938281 0.0347222
0 0.907031 0.0527778 0.83125 0.145833 0.8125 0.0958333 0.888281 0.00416667
0 0.496875 0.626389 0.615625 0.725 0.603906 0.766667 0.485938 0.668056
0 0.653125 0.923611 0.628125 0.940278 0.589844 0.763889 0.614062 0.747222
0 0.635938 0.926389 0.575781 0.998611 0.561719 0.9625 0.621875 0.888889
0 0.385937 0.977778 0.367188 0.986111 0.342969 0.820833 0.361719 0.8125
2 0.369531 0.801389 0.335938 0.827778 0.328125 0.791667 0.361719 0.766667
2 0.279687 0.686111 0.319531 0.734722 0.30625 0.768056 0.266406 0.719444
2 0.271875 0.695833 0.299219 0.765278 0.283594 0.786111 0.25625 0.715278
3 0.319531 0.9375 0.296875 0.970833 0.285156 0.947222 0.308594 0.9125
0 0.305469 0.868056 0.277344 0.933333 0.2625 0.9125 0.291406 0.848611
2 0.275 0.938889 0.257031 0.970833 0.244531 0.948611 0.261719 0.916667
2 0.165625 0.909722 0.186719 0.909722 0.186719 0.969444 0.165625 0.969444
2 0.208594 0.836111 0.196875 0.852778 0.171094 0.798611 0.182812 0.780556
1 0.116406 0.656944 0.20625 0.790278 0.189062 0.825 0.1 0.691667
2 0.249219 0.759722 0.234375 0.780556 0.207813 0.725 0.222656 0.702778
2 0.224219 0.702778 0.209375 0.719444 0.182812 0.651389 0.197656 0.633333
2 0.20625 0.534722 0.223438 0.555556 0.200781 0.616667 0.183594 0.595833
