2 0.789062 0.430556 0.76875 0.434722 0.764844 0.358333 0.785156 0.354167
2 0.602344 0.451389 0.617969 0.451389 0.617969 0.518056 0.602344 0.518056
0 0.725 0.568056 0.710938 0.569444 0.710156 0.415278 0.724219 0.413889
0 0.726562 0.320833 0.740625 0.334722 0.696875 0.475 0.682813 0.4625
3 0.795312 0.608333 0.832031 0.644444 0.824219 0.668056 0.788281 0.633333
3 0.770312 0.656944 0.801562 0.695833 0.791406 0.720833 0.760156 0.683333
2 0.807031 0.713889 0.822656 0.726389 0.805469 0.793056 0.789844 0.780556
2 0.696094 0.661111 0.727344 0.7 0.71875 0.722222 0.6875 0.684722
2 0.671875 0.718056 0.710156 0.747222 0.703906 0.772222 0.666406 0.743056
2 0.649219 0.738889 0.665625 0.752778 0.650781 0.805556 0.635156 0.791667
2 0.610938 0.779167 0.626563 0.7875 0.614844 0.851389 0.599219 0.843056
3 0.634375 0.815278 0.666406 0.815278 0.666406 0.844444 0.634375 0.844444
2 0.777344 0.758333 0.8 0.793056 0.790625 0.811111 0.767969 0.777778
0 0.824219 0.75 0.836719 0.770833 0.7875 0.875 0.775 0.854167
2 0.816406 0.804167 0.829688 0.826389 0.803125 0.877778 0.789062 0.854167
0 0.792969 0.829167 0.723437 0.866667 0.71875 0.840278 0.788281 0.802778
0 0.76875 0.763889 0.776563 0.791667 0.707812 0.856944 0.699219 0.827778
2 0.792969 0.9625 0.755469 0.976389 0.751563 0.943056 0.789062 0.929167
2 0.792969 0.975 0.836719 0.975 0.836719 0.997222 0.792969 0.997222
0 0.696875 0.8875 0.626563 0.916667 0.622656 0.8875 0.692969 0.858333
0 0.690625 0.947222 0.708594 0.947222 0.708594 0.997222 0.690625 0.997222
0 0.673438 0.9875 0.660156 0.997222 0.638281 0.905556 0.652344 0.895833
2 0.521875 0.956944 0.539062 0.956944 0.539062 0.997222 0.521875 0.997222
2 0.953906 0.759722 0.999219 0.815278 0.986719 0.847222 0.942187 0.791667
3 0.975781 0.870833 0.999219 0.870833 0.999219 0.922222 0.975781 0.922222
3 0.970313 0.954167 0.933594 0.980556 0.924219 0.941667 0.960938 0.913889
