0 0.577344 0.170833 0.417969 0.268056 0.407031 0.2125 0.566406 0.116667
1 0.351562 0.393056 0.566406 0.420833 0.5625 0.5125 0.347656 0.486111
0 0.867188 0.620833 0.901563 0.623611 0.896875 0.909722 0.8625 0.908333
2 0.778906 0.586111 0.848437 0.668056 0.830469 0.715278 0.761719 0.633333
2 0.854688 0.848611 0.821875 0.85 0.819531 0.706944 0.852344 0.704167
3 0.83125 0.815278 0.795312 0.827778 0.780469 0.7 0.817187 0.6875
2 0.534375 0.594444 0.557813 0.629167 0.509375 0.730556 0.485938 0.695833
3 0.409375 0.941667 0.48125 0.941667 0.48125 0.997222 0.409375 0.997222
0 0.542969 0.801389 0.357812 0.830556 0.354687 0.769444 0.539844 0.738889
0 0.5125 0.598611 0.535156 0.636111 0.420312 0.851389 0.397656 0.813889
