0 0.382031 0.276389 0.397656 0.277778 0.392188 0.409722 0.375781 0.406944
2 0.3875 0.386111 0.371875 0.391667 0.365625 0.333333 0.380469 0.327778
0 0.375 0.426389 0.359375 0.429167 0.353906 0.297222 0.369531 0.295833
0 0.35625 0.405556 0.413281 0.491667 0.403906 0.511111 0.347656 0.425
2 0.317188 0.372222 0.348438 0.395833 0.342187 0.420833 0.310937 0.397222
0 0.288281 0.375 0.352344 0.415278 0.348438 0.4375 0.283594 0.397222
3 0.329688 0.419444 0.353906 0.4375 0.347656 0.4625 0.324219 0.444444
2 0.355469 0.431944 0.385937 0.470833 0.378125 0.490278 0.348438 0.451389
0 0.282813 0.413889 0.292187 0.433333 0.241406 0.509722 0.232031 0.490278
2 0.282031 0.472222 0.253906 0.505556 0.246875 0.486111 0.274219 0.452778
2 0.286719 0.493056 0.253906 0.5125 0.25 0.491667 0.283594 0.473611
3 0.207813 0.469444 0.235937 0.486111 0.230469 0.516667 0.202344 0.5
0 0.315625 0.531944 0.25625 0.552778 0.253125 0.529167 0.313281 0.508333
0 0.325781 0.495833 0.332031 0.518056 0.271094 0.576389 0.264062 0.554167
2 0.278125 0.605556 0.266406 0.613889 0.253906 0.559722 0.264844 0.551389
2 0.325 0.525 0.3375 0.540278 0.317188 0.590278 0.305469 0.576389
3 0.336719 0.547222 0.348438 0.568056 0.326562 0.605556 0.314844 0.584722
2 0.374219 0.522222 0.386719 0.5375 0.367188 0.5875 0.355469 0.572222
0 0.400781 0.506944 0.409375 0.522222 0.358594 0.619444 0.349219 0.604167
3 0.35 0.631944 0.364844 0.643056 0.350781 0.701389 0.335938 0.688889
2 0.323437 0.627778 0.346875 0.651389 0.339844 0.673611 0.316406 0.65
3 0.258594 0.659722 0.283594 0.690278 0.271875 0.720833 0.246875 0.688889
2 0.274219 0.7 0.286719 0.704167 0.278906 0.772222 0.266406 0.766667
3 0.332031 0.694444 0.341406 0.755556 0.324219 0.763889 0.314844 0.702778
3 0.265625 0.754167 0.28125 0.788889 0.267969 0.805556 0.253125 0.772222
1 0.263281 0.801389 0.176563 0.884722 0.164062 0.844444 0.250781 0.761111
1 0.283594 0.743056 0.305469 0.7625 0.25625 0.933333 0.235156 0.9125
2 0.273438 0.873611 0.302344 0.873611 0.302344 0.9 0.273438 0.9
2 0.29375 0.833333 0.320312 0.873611 0.309375 0.895833 0.283594 0.855556
2 0.33125 0.858333 0.314063 0.872222 0.3 0.811111 0.317188 0.798611
2 0.34375 0.775 0.35625 0.794444 0.328125 0.848611 0.315625 0.827778
3 0.289844 0.801389 0.315625 0.833333 0.30625 0.858333 0.280469 0.826389
3 0.336719 0.805556 0.355469 0.8125 0.348438 0.868056 0.329688 0.8625
2 0.371875 0.898611 0.355469 0.901389 0.351562 0.831944 0.367969 0.829167
2 0.365625 0.931944 0.351562 0.938889 0.339062 0.870833 0.353906 0.8625
0 0.3625 0.9125 0.375781 0.920833 0.3625 0.998611 0.349219 0.990278
1 0.396875 0.956944 0.370312 0.963889 0.352344 0.766667 0.378906 0.758333
2 0.410938 0.876389 0.430469 0.883333 0.421875 0.954167 0.402344 0.945833
0 0.234375 0.915278 0.310156 0.956944 0.304688 0.9875 0.229687 0.945833
2 0.232813 0.961111 0.2 0.977778 0.195312 0.947222 0.228125 0.930556
3 0.198437 0.966667 0.223438 0.966667 0.223438 0.998611 0.198437 0.998611
2 0.21875 0.929167 0.191406 0.970833 0.182812 0.951389 0.209375 0.911111
3 0.195312 0.880556 0.211719 0.891667 0.199219 0.944444 0.182812 0.933333
0 0.228125 0.920833 0.2125 0.929167 0.188281 0.791667 0.204687 0.781944
2 0.183594 0.825 0.196094 0.825 0.196094 0.897222 0.183594 0.897222
0 0.225 0.783333 0.208594 0.784722 0.20625 0.640278 0.223438 0.638889
0 0.178125 0.679167 0.189844 0.683333 0.173437 0.827778 0.161719 0.822222
2 0.123438 0.884722 0.140625 0.893056 0.128125 0.963889 0.111719 0.954167
2 0.021875 0.886111 0.034375 0.893056 0.025 0.947222 0.0125 0.940278
2 0.164062 0.866667 0.15 0.881944 0.128906 0.826389 0.142187 0.809722
2 0.125 0.706944 0.139844 0.709722 0.136719 0.765278 0.121875 0.7625
2 0.134375 0.683333 0.15 0.683333 0.15 0.75 0.134375 0.75
2 0.134375 0.655556 0.160156 0.693056 0.150781 0.7125 0.125781 0.673611
2 0.163281 0.669444 0.15 0.6875 0.13125 0.647222 0.14375 0.627778
3 0.153125 0.595833 0.16875 0.605556 0.158594 0.6625 0.142969 0.652778
1 0.0679687 0.916667 0.0523438 0.940278 0 0.827778 0.015625 0.804167
