0 0.610156 0.0347222 0.53125 0.0791667 0.527344 0.0527778 0.60625 0.00972222
1 0.503125 0.140278 0.597656 0.156944 0.595313 0.197222 0.500781 0.180556
2 0.578906 0.241667 0.588281 0.256944 0.565625 0.301389 0.55625 0.286111
0 0.566406 0.240278 0.576562 0.258333 0.528125 0.344444 0.517969 0.326389
0 0.5 0.308333 0.578125 0.308333 0.578125 0.333333 0.5 0.333333
2 0.5375 0.361111 0.548438 0.370833 0.532813 0.425 0.521875 0.415278
3 0.525 0.373611 0.550781 0.393056 0.545312 0.415278 0.519531 0.395833
0 0.471094 0.356944 0.483594 0.359722 0.475781 0.498611 0.463281 0.497222
3 0.483594 0.491667 0.511719 0.5125 0.50625 0.533333 0.478906 0.5125
2 0.460156 0.368056 0.471094 0.381944 0.451562 0.431944 0.440625 0.419444
2 0.423438 0.472222 0.392188 0.497222 0.386719 0.473611 0.417969 0.45
3 0.434375 0.484722 0.449219 0.490278 0.442969 0.540278 0.428906 0.536111
2 0.355469 0.518056 0.36875 0.522222 0.361719 0.584722 0.348438 0.579167
2 0.404687 0.566667 0.435156 0.595833 0.427344 0.620833 0.397656 0.590278
3 0.450781 0.580556 0.479687 0.586111 0.478125 0.611111 0.449219 0.605556
2 0.420312 0.7 0.405469 0.701389 0.403906 0.638889 0.41875 0.6375
2 0.392188 0.631944 0.407031 0.6375 0.400781 0.6875 0.386719 0.683333
2 0.332813 0.704167 0.317188 0.706944 0.313281 0.643056 0.329688 0.640278
2 0.689844 0.616667 0.724219 0.636111 0.719531 0.661111 0.685156 0.641667
1 0.71875 0.683333 0.630469 0.736111 0.623437 0.7 0.7125 0.647222
3 0.707812 0.701389 0.679688 0.716667 0.675781 0.693056 0.703906 0.677778
2 0.673438 0.694444 0.699219 0.740278 0.690625 0.755556 0.664062 0.711111
2 0.73125 0.75 0.696875 0.754167 0.696094 0.729167 0.730469 0.723611
2 0.725 0.741667 0.739062 0.741667 0.739062 0.802778 0.725 0.802778
0 0.757812 0.663889 0.771094 0.666667 0.764062 0.795833 0.75 0.793056
2 0.760156 0.833333 0.747656 0.843056 0.735156 0.786111 0.748437 0.777778
0 0.671094 0.730556 0.726562 0.781944 0.720313 0.8 0.665625 0.75
0 0.68125 0.759722 0.748437 0.813889 0.742188 0.834722 0.675781 0.781944
3 0.689844 0.798611 0.715625 0.798611 0.715625 0.827778 0.689844 0.827778
0 0.678125 0.770833 0.615625 0.844444 0.607812 0.823611 0.670312 0.75
2 0.577344 0.909722 0.610156 0.909722 0.610156 0.9375 0.577344 0.9375
2 0.542188 0.797222 0.553906 0.813889 0.530469 0.861111 0.519531 0.844444
2 0.271875 0.938889 0.29375 0.972222 0.284375 0.993056 0.261719 0.959722
2 0.95 0.147222 0.965625 0.15 0.961719 0.213889 0.946094 0.211111
2 0.991406 0.436111 0.999219 0.461111 0.966406 0.490278 0.959375 0.465278
2 0.946875 0.418056 0.980469 0.418056 0.980469 0.441667 0.946875 0.441667
2 0.953125 0.361111 0.969531 0.413889 0.954688 0.427778 0.938281 0.376389
0 0.866406 0.533333 0.935156 0.55 0.932813 0.579167 0.864062 0.561111
0 0.86875 0.491667 0.879687 0.506944 0.830469 0.611111 0.81875 0.595833
2 0.798438 0.569444 0.810156 0.586111 0.786719 0.636111 0.775 0.619444
2 0.875781 0.494444 0.8625 0.497222 0.857812 0.438889 0.871875 0.434722
2 0.849219 0.440278 0.8625 0.441667 0.860938 0.501389 0.847656 0.501389
2 0.840625 0.451389 0.855469 0.456944 0.849219 0.513889 0.833594 0.508333
2 0.828906 0.376389 0.842969 0.379167 0.839063 0.443056 0.825 0.440278
2 0.866406 0.433333 0.852344 0.4375 0.848437 0.381944 0.8625 0.377778
3 0.839063 0.386111 0.854688 0.386111 0.854688 0.440278 0.839063 0.440278
3 0.771094 0.359722 0.794531 0.394444 0.784375 0.416667 0.760938 0.380556
3 0.803125 0.273611 0.81875 0.276389 0.815625 0.330556 0.8 0.327778
3 0.790625 0.198611 0.80625 0.198611 0.80625 0.255556 0.790625 0.255556
0 0.823438 0.05 0.8375 0.0597222 0.811719 0.181944 0.797656 0.173611
0 0.724219 0.265278 0.739062 0.270833 0.725 0.391667 0.710938 0.3875
2 0.697656 0.302778 0.7125 0.304167 0.709375 0.365278 0.695312 0.3625
3 0.698438 0.35 0.685937 0.351389 0.685156 0.297222 0.698438 0.295833
2 0.685937 0.247222 0.713281 0.2875 0.703125 0.308333 0.676562 0.266667
