2 0.155469 0.181944 0.169531 0.183333 0.165625 0.243056 0.151562 0.241667
0 0.282031 0.075 0.296094 0.0777778 0.288281 0.216667 0.273438 0.215278
0 0.294531 0.0875 0.353906 0.176389 0.344531 0.195833 0.285156 0.106944
2 0.2375 0.419444 0.269531 0.430556 0.266406 0.454167 0.234375 0.443056
2 0.221094 0.441667 0.235937 0.448611 0.226562 0.501389 0.2125 0.494444
2 0.192188 0.493056 0.204687 0.497222 0.198437 0.552778 0.185938 0.547222
3 0.240625 0.527778 0.217188 0.536111 0.214844 0.513889 0.238281 0.505556
0 0.314844 0.416667 0.323437 0.436111 0.271094 0.509722 0.2625 0.490278
0 0.324219 0.415278 0.334375 0.431944 0.296875 0.502778 0.2875 0.4875
0 0.347656 0.386111 0.399219 0.463889 0.389844 0.483333 0.338281 0.406944
2 0.34375 0.577778 0.330469 0.579167 0.326562 0.520833 0.340625 0.518056
0 0.26875 0.554167 0.2125 0.602778 0.207813 0.584722 0.264062 0.536111
0 0.271094 0.686111 0.261719 0.697222 0.221875 0.595833 0.232031 0.583333
0 0.25625 0.690278 0.265625 0.705556 0.226562 0.7875 0.216406 0.773611
3 0.265625 0.708333 0.276562 0.725 0.260156 0.759722 0.249219 0.743056
2 0.282813 0.795833 0.291406 0.815278 0.271094 0.848611 0.261719 0.830556
2 0.324219 0.747222 0.335156 0.758333 0.321094 0.801389 0.310156 0.791667
0 0.321094 0.808333 0.336719 0.816667 0.31875 0.916667 0.303906 0.908333
2 0.135156 0.680556 0.148438 0.6875 0.139844 0.731944 0.126562 0.725
2 0.122656 0.808333 0.136719 0.8125 0.132031 0.861111 0.11875 0.858333
1 0.113281 0.754167 0.132031 0.759722 0.121094 0.877778 0.102344 0.873611
2 0.19375 0.818056 0.21875 0.843056 0.2125 0.863889 0.186719 0.838889
2 0.203125 0.848611 0.228906 0.865278 0.225 0.886111 0.198437 0.869444
2 0.24375 0.875 0.234375 0.888889 0.214062 0.844444 0.224219 0.830556
2 0.203125 0.879167 0.211719 0.8875 0.198437 0.930556 0.189844 0.920833
2 0.267969 0.936111 0.242188 0.951389 0.238281 0.930556 0.264844 0.916667
2 0.528906 0.666667 0.541406 0.673611 0.532031 0.726389 0.520312 0.719444
2 0.558594 0.713889 0.545312 0.716667 0.542188 0.658333 0.555469 0.655556
3 0.510938 0.693056 0.497656 0.698611 0.492188 0.65 0.505469 0.644444
3 0.3875 0.609722 0.414062 0.619444 0.410938 0.644444 0.385156 0.636111
3 0.375781 0.586111 0.385937 0.601389 0.370312 0.634722 0.360938 0.619444
2 0.357812 0.573611 0.375 0.590278 0.36875 0.608333 0.351562 0.591667
2 0.482812 0.529167 0.509375 0.569444 0.500781 0.5875 0.474219 0.547222
0 0.53125 0.518056 0.541406 0.534722 0.496875 0.619444 0.486719 0.602778
2 0.457031 0.540278 0.425781 0.547222 0.424219 0.527778 0.45625 0.519444
2 0.460156 0.519444 0.446875 0.520833 0.444531 0.472222 0.457813 0.470833
1 0.453906 0.434722 0.519531 0.533333 0.50625 0.5625 0.439844 0.463889
1 0.439844 0.381944 0.458594 0.4 0.419531 0.525 0.401562 0.508333
2 0.434375 0.336111 0.46875 0.336111 0.46875 0.359722 0.434375 0.359722
2 0.520312 0.261111 0.554688 0.279167 0.550781 0.301389 0.517188 0.281944
2 0.5625 0.2125 0.530469 0.215278 0.529687 0.186111 0.561719 0.181944
2 0.459375 0.238889 0.470313 0.25 0.453906 0.304167 0.442969 0.293056
3 0.496875 0.168056 0.525 0.194444 0.51875 0.216667 0.490625 0.190278
3 0.514062 0.148611 0.541406 0.169444 0.535156 0.195833 0.507812 0.173611
3 0.5125 0.115278 0.541406 0.143056 0.533594 0.168056 0.504687 0.138889
2 0.497656 0.0694444 0.533594 0.0958333 0.526563 0.122222 0.491406 0.0958333
0 0.494531 0.126389 0.50625 0.1375 0.471875 0.247222 0.460156 0.236111
2 0.425781 0.245833 0.436719 0.252778 0.424219 0.309722 0.414062 0.302778
3 0.405469 0.284722 0.420312 0.295833 0.408594 0.344444 0.394531 0.333333
2 0.435937 0.227778 0.409375 0.259722 0.401562 0.238889 0.428125 0.206944
0 0.464062 0.180556 0.396875 0.247222 0.389844 0.225 0.457813 0.158333
0 0.436719 0.152778 0.44375 0.172222 0.388281 0.2375 0.380469 0.216667
2 0.369531 0.231944 0.342187 0.252778 0.335938 0.227778 0.364063 0.206944
3 0.33125 0.25 0.360938 0.255556 0.359375 0.283333 0.329688 0.279167
2 0.340625 0.277778 0.371094 0.301389 0.364844 0.325 0.335156 0.301389
2 0.350781 0.306944 0.361719 0.323611 0.344531 0.361111 0.333594 0.344444
3 0.320312 0.318056 0.342187 0.351389 0.332031 0.370833 0.310156 0.338889
