1 0.772656 0.225 0.820312 0.256944 0.752344 0.576389 0.705469 0.544444
3 0.800781 0.522222 0.752344 0.580556 0.735156 0.536111 0.783594 0.477778
3 0.789062 0.547222 0.847656 0.547222 0.847656 0.601389 0.789062 0.601389
2 0.848437 0.523611 0.817187 0.548611 0.785937 0.426389 0.817187 0.401389
2 0.807031 0.3 0.834375 0.329167 0.794531 0.45 0.767188 0.420833
0 0.878125 0.6 0.847656 0.6125 0.814844 0.366667 0.846094 0.354167
3 0.892969 0.479167 0.861719 0.495833 0.842187 0.383333 0.873437 0.366667
3 0.877344 0.273611 0.913281 0.286111 0.899219 0.406944 0.863281 0.394444
2 0.928906 0.0319444 0.970313 0.0319444 0.970313 0.202778 0.928906 0.202778
2 0.941406 0.506944 0.976562 0.506944 0.976562 0.648611 0.941406 0.648611
3 0.974219 0.465278 0.997656 0.465278 0.997656 0.5875 0.974219 0.5875
3 0.996094 0.826389 0.935937 0.859722 0.925 0.795833 0.985156 0.7625
3 0.867969 0.843056 0.839844 0.866667 0.815625 0.773611 0.84375 0.75
2 0.878906 0.801389 0.816406 0.848611 0.805469 0.802778 0.867969 0.755556
2 0.2 0.541667 0.220312 0.561111 0.201563 0.622222 0.18125 0.602778
2 0.221875 0.708333 0.204687 0.725 0.182812 0.652778 0.2 0.6375
2 0.246875 0.768056 0.23125 0.790278 0.20625 0.729167 0.221875 0.708333
2 0.294531 0.769444 0.279687 0.7875 0.253906 0.720833 0.269531 0.702778
2 0.276562 0.693056 0.314063 0.738889 0.303125 0.765278 0.265625 0.720833
2 0.364063 0.805556 0.332031 0.836111 0.321875 0.804167 0.354687 0.772222
2 0.178906 0.786111 0.20625 0.836111 0.19375 0.856944 0.167187 0.806944
2 0.164844 0.908333 0.183594 0.908333 0.183594 0.970833 0.164844 0.970833
1 0.116406 0.6625 0.203125 0.791667 0.185156 0.827778 0.0992187 0.7
2 0.260156 0.916667 0.272656 0.940278 0.254688 0.972222 0.242188 0.948611
3 0.316406 0.943056 0.292969 0.977778 0.282813 0.956944 0.307031 0.920833
0 0.286719 0.855556 0.299219 0.872222 0.273438 0.938889 0.260156 0.922222
0 0.380469 0.980556 0.3625 0.986111 0.34375 0.822222 0.361719 0.816667
3 0.810937 0.858333 0.8625 0.920833 0.845313 0.966667 0.79375 0.904167
0 0.694531 0.766667 0.802344 0.897222 0.788281 0.931944 0.68125 0.801389
2 0.741406 0.879167 0.726562 0.906944 0.68125 0.829167 0.696875 0.801389
2 0.698438 0.855556 0.755469 0.925 0.742188 0.958333 0.685156 0.888889
0 0.633594 0.815278 0.753906 0.961111 0.742188 0.993056 0.621875 0.845833
2 0.747656 0.95 0.773438 0.95 0.773438 1 0.747656 1
3 0.922656 0.956944 0.963281 0.956944 0.963281 1 0.922656 1
