3 0.817969 0.0347222 0.835156 0.0402778 0.829688 0.0972222 0.813281 0.0930556
2 0.814063 0.0875 0.822656 0.104167 0.796875 0.15 0.788281 0.133333
2 0.830469 0.0958333 0.838281 0.116667 0.804688 0.154167 0.797656 0.133333
3 0.836719 0.148611 0.804688 0.172222 0.798438 0.145833 0.830469 0.122222
3 0.815625 0.229167 0.799219 0.229167 0.798438 0.173611 0.814844 0.172222
2 0.789062 0.177778 0.803906 0.180556 0.8 0.240278 0.785156 0.2375
2 0.713281 0.238889 0.744531 0.269444 0.736719 0.293056 0.70625 0.263889
3 0.798438 0.313889 0.810937 0.330556 0.79375 0.375 0.78125 0.358333
1 0.845313 0.322222 0.861719 0.347222 0.797656 0.480556 0.780469 0.455556
2 0.817969 0.420833 0.853906 0.447222 0.847656 0.472222 0.811719 0.444444
3 0.834375 0.458333 0.866406 0.486111 0.859375 0.5125 0.827344 0.484722
3 0.834375 0.493056 0.867188 0.518056 0.860938 0.540278 0.828906 0.516667
3 0.817969 0.5125 0.850781 0.536111 0.844531 0.561111 0.8125 0.536111
2 0.89375 0.552778 0.852344 0.556944 0.852344 0.526389 0.89375 0.523611
0 0.814844 0.473611 0.826562 0.486111 0.791406 0.591667 0.779687 0.579167
2 0.846094 0.602778 0.886719 0.622222 0.882031 0.647222 0.842187 0.627778
2 0.778906 0.581944 0.789844 0.594444 0.771094 0.641667 0.760938 0.629167
2 0.751563 0.673611 0.788281 0.673611 0.788281 0.701389 0.751563 0.701389
2 0.742969 0.588889 0.75625 0.598611 0.74375 0.648611 0.730469 0.638889
3 0.722656 0.625 0.735938 0.634722 0.725781 0.679167 0.7125 0.669444
2 0.745313 0.548611 0.754687 0.575 0.728125 0.606944 0.71875 0.580556
0 0.780469 0.522222 0.7125 0.588889 0.70625 0.569444 0.775 0.502778
0 0.751563 0.501389 0.757812 0.522222 0.700781 0.579167 0.694531 0.558333
2 0.683594 0.579167 0.659375 0.591667 0.655469 0.570833 0.680469 0.556944
0 0.605469 0.441667 0.617188 0.443056 0.610156 0.566667 0.598437 0.565278
0 0.61875 0.452778 0.670312 0.529167 0.6625 0.547222 0.610938 0.469444
3 0.648438 0.595833 0.679688 0.595833 0.679688 0.620833 0.648438 0.620833
2 0.655469 0.620833 0.685156 0.6375 0.68125 0.661111 0.651563 0.644444
2 0.667969 0.643056 0.678906 0.659722 0.660937 0.695833 0.650781 0.680556
3 0.639062 0.652778 0.659375 0.688889 0.649219 0.705556 0.629687 0.669444
2 0.51875 0.5875 0.50625 0.588889 0.504687 0.538889 0.517969 0.5375
2 0.564063 0.741667 0.589844 0.761111 0.585156 0.779167 0.560156 0.759722
2 0.548438 0.765278 0.557813 0.770833 0.55 0.816667 0.540625 0.811111
2 0.521875 0.809722 0.532813 0.813889 0.526563 0.866667 0.515625 0.8625
3 0.541406 0.827778 0.560937 0.827778 0.560937 0.85 0.541406 0.85
0 0.63125 0.75 0.639062 0.766667 0.592969 0.830556 0.585156 0.813889
0 0.642188 0.744444 0.650781 0.761111 0.613281 0.825 0.604688 0.808333
2 0.644531 0.852778 0.659375 0.852778 0.659375 0.908333 0.644531 0.908333
0 0.664062 0.722222 0.716406 0.795833 0.707031 0.815278 0.654687 0.741667
1 0.7625 0.723611 0.778906 0.738889 0.739062 0.866667 0.723437 0.851389
1 0.775 0.768056 0.853906 0.884722 0.839063 0.916667 0.760156 0.8
2 0.78125 0.868056 0.766406 0.869444 0.764844 0.8125 0.779687 0.811111
2 0.746094 0.866667 0.780469 0.866667 0.780469 0.893056 0.746094 0.893056
2 0.810156 0.876389 0.839063 0.919444 0.829688 0.9375 0.801562 0.895833
3 0.705469 0.95 0.734375 0.961111 0.73125 0.9875 0.702344 0.977778
3 0.702344 0.934722 0.689063 0.966667 0.679688 0.954167 0.69375 0.922222
2 0.675 0.906944 0.691406 0.927778 0.685156 0.943056 0.66875 0.923611
0 0.5875 0.869444 0.538281 0.913889 0.532813 0.894444 0.582031 0.85
0 0.609375 0.934722 0.625 0.934722 0.625 0.997222 0.609375 0.997222
0 0.582812 0.981944 0.569531 0.993056 0.546094 0.906944 0.559375 0.895833
