1 0.450781 0.333333 0.35625 0.355556 0.353906 0.315278 0.447656 0.293056
2 0.470313 0.315278 0.485156 0.315278 0.485156 0.358333 0.470313 0.358333
0 0.486719 0.222222 0.542188 0.322222 0.530469 0.341667 0.475781 0.241667
3 0.5625 0.634722 0.541406 0.647222 0.538281 0.627778 0.559375 0.615278
2 0.560156 0.645833 0.549219 0.655556 0.5375 0.609722 0.548438 0.6
1 0.616406 0.530556 0.633594 0.536111 0.617969 0.668056 0.600781 0.6625
2 0.600781 0.556944 0.613281 0.563889 0.603906 0.615278 0.592187 0.608333
0 0.507812 0.536111 0.517188 0.552778 0.480469 0.615278 0.471094 0.598611
3 0.516406 0.518056 0.532813 0.543056 0.525 0.559722 0.508594 0.534722
2 0.598437 0.529167 0.575781 0.531944 0.575 0.511111 0.597656 0.506944
2 0.519531 0.4125 0.550781 0.416667 0.55 0.440278 0.51875 0.436111
0 0.586719 0.398611 0.525 0.420833 0.522656 0.401389 0.585156 0.379167
3 0.569531 0.401389 0.58125 0.401389 0.58125 0.447222 0.569531 0.447222
3 0.773438 0.418056 0.746875 0.423611 0.746094 0.398611 0.771875 0.393056
3 0.830469 0.261111 0.852344 0.286111 0.84375 0.306944 0.822656 0.281944
2 0.600781 0.330556 0.608594 0.352778 0.585156 0.377778 0.577344 0.356944
3 0.645312 0.3125 0.660156 0.327778 0.646875 0.368056 0.632031 0.354167
2 0.653125 0.283333 0.675 0.323611 0.6625 0.345833 0.641406 0.305556
3 0.59375 0.255556 0.605469 0.269444 0.588281 0.313889 0.577344 0.3
3 0.576562 0.184722 0.604688 0.206944 0.598437 0.233333 0.570312 0.211111
3 0.650781 0.193056 0.661719 0.206944 0.644531 0.25 0.633594 0.2375
2 0.689063 0.111111 0.702344 0.123611 0.685156 0.180556 0.671875 0.166667
2 0.75625 0.0472222 0.770312 0.0583333 0.755469 0.123611 0.741406 0.1125
2 0.732031 0.0763889 0.745313 0.0902778 0.727344 0.147222 0.714844 0.134722
2 0.700781 0.0555556 0.714063 0.0569444 0.710156 0.122222 0.696875 0.120833
2 0.735156 0.0527778 0.74375 0.0708333 0.716406 0.118056 0.707031 0.1
2 0.666406 0.0763889 0.689844 0.0763889 0.689844 0.104167 0.666406 0.104167
2 0.690625 0.0305556 0.705469 0.0305556 0.705469 0.0652778 0.690625 0.0652778
