1 0.53125 0.141667 0.724219 0.1875 0.717187 0.279167 0.524219 0.234722
2 0.378125 0.173611 0.423438 0.198611 0.416406 0.236111 0.371094 0.2125
2 0.453125 0.2125 0.474219 0.2125 0.474219 0.268056 0.453125 0.268056
2 0.379688 0.194444 0.425781 0.238889 0.417969 0.2625 0.372656 0.218056
2 0.370312 0.220833 0.409375 0.258333 0.400781 0.286111 0.361719 0.248611
2 0.325781 0.177778 0.370312 0.222222 0.3625 0.247222 0.317969 0.202778
1 0.3125 0.233333 0.4125 0.2875 0.405469 0.327778 0.305469 0.272222
2 0.407813 0.305556 0.432812 0.325 0.427344 0.345833 0.403125 0.327778
2 0.453906 0.379167 0.479687 0.416667 0.471094 0.433333 0.446094 0.395833
0 0.482812 0.238889 0.58125 0.359722 0.56875 0.391667 0.469531 0.272222
3 0.509375 0.352778 0.528125 0.352778 0.528125 0.397222 0.509375 0.397222
2 0.825 0.373611 0.771094 0.415278 0.760156 0.369444 0.813281 0.327778
0 0.769531 0.227778 0.969531 0.227778 0.969531 0.288889 0.769531 0.288889
0 0.950781 0.309722 0.832031 0.425 0.814063 0.366667 0.933594 0.251389
3 0.910156 0.566667 0.966406 0.566667 0.966406 0.623611 0.910156 0.623611
2 0.973437 0.0791667 0.999219 0.116667 0.949219 0.222222 0.923438 0.184722
2 0.807031 0 0.939063 0.0472222 0.93125 0.115278 0.799219 0.0666667
0 0.690625 0.00416667 0.95625 0.1 0.948438 0.165278 0.683594 0.0694444
0 0.866406 0.484722 0.882031 0.493056 0.869531 0.5625 0.854688 0.554167
