1 0.505469 0.973611 0.480469 0.998611 0.433594 0.851389 0.457813 0.826389
2 0.446875 0.918056 0.46875 0.922222 0.464062 1 0.442188 0.995833
2 0.628125 0.808333 0.646875 0.808333 0.646875 0.893056 0.628125 0.893056
2 0.647656 0.790278 0.666406 0.795833 0.660156 0.877778 0.640625 0.872222
2 0.676562 0.811111 0.6625 0.831944 0.630469 0.763889 0.644531 0.743056
2 0.68125 0.780556 0.66875 0.8 0.638281 0.7375 0.650781 0.718056
3 0.678125 0.693056 0.695312 0.705556 0.680469 0.769444 0.663281 0.756944
3 0.777344 0.572222 0.816406 0.609722 0.807031 0.638889 0.76875 0.601389
0 0.920312 0.593056 0.821875 0.647222 0.815625 0.6125 0.914062 0.558333
2 0.848437 0.633333 0.900781 0.633333 0.900781 0.670833 0.848437 0.670833
2 0.894531 0.6375 0.844531 0.655556 0.840625 0.622222 0.890625 0.604167
0 0.926562 0.509722 0.994531 0.591667 0.982812 0.622222 0.914844 0.540278
2 0.972656 0.531944 0.998437 0.563889 0.9875 0.591667 0.961719 0.561111
3 0.977344 0.619444 0.998437 0.619444 0.998437 0.665278 0.977344 0.665278
0 0.85625 0.697222 0.949219 0.713889 0.946875 0.754167 0.853906 0.7375
0 0.990625 0.7625 0.875 0.783333 0.872656 0.740278 0.988281 0.719444
2 0.8875 0.820833 0.863281 0.833333 0.848437 0.748611 0.872656 0.736111
2 0.978125 0.756944 0.992969 0.797222 0.945312 0.851389 0.93125 0.811111
3 0.995313 0.856944 0.960156 0.876389 0.953125 0.834722 0.988281 0.815278
2 0.9625 0.927778 0.996094 0.927778 0.996094 0.980556 0.9625 0.980556
2 0.850781 0.888889 0.889062 0.945833 0.875781 0.973611 0.838281 0.916667
0 0.770312 0.806944 0.789844 0.811111 0.779687 0.993056 0.759375 0.988889
