0 0.908594 0.197222 0.995313 0.197222 0.995313 0.248611 0.908594 0.248611
0 0.994531 0.293056 0.892969 0.311111 0.890625 0.265278 0.992188 0.247222
2 0.967969 0.584722 1 0.584722 1 0.645833 0.967969 0.645833
2 0.8375 0.723611 0.814063 0.752778 0.774219 0.65 0.797656 0.620833
3 0.833594 0.673611 0.7875 0.730556 0.771094 0.688889 0.817969 0.633333
2 0.779687 0.569444 0.804688 0.6 0.76875 0.691667 0.74375 0.661111
3 0.717187 0.556944 0.773438 0.6 0.7625 0.645833 0.70625 0.602778
2 0.773438 0.709722 0.752344 0.748611 0.711719 0.677778 0.732812 0.640278
0 0.699219 0.690278 0.571094 0.7125 0.56875 0.673611 0.696875 0.65
1 0.715625 0.805556 0.669531 0.822222 0.633594 0.513889 0.680469 0.495833
1 0.600781 0.693056 0.786719 0.722222 0.782813 0.8 0.596875 0.769444
0 0.582031 0.763889 0.475781 0.822222 0.46875 0.784722 0.575781 0.725
2 0.54375 0.809722 0.488281 0.851389 0.480469 0.819444 0.535937 0.777778
0 0.629687 0.793056 0.526563 0.908333 0.5125 0.868056 0.615625 0.754167
2 0.464062 0.895833 0.488281 0.913889 0.46875 0.997222 0.44375 0.979167
0 0.596094 0.847222 0.498437 0.993056 0.485938 0.965278 0.583594 0.819444
3 0.616406 0.968056 0.591406 0.972222 0.585938 0.873611 0.610938 0.868056
2 0.600781 0.993056 0.578906 0.997222 0.573438 0.886111 0.594531 0.883333
