2 0.792969 0.298611 0.733594 0.330556 0.727344 0.294444 0.786719 0.261111
1 0.722656 0.686111 0.684375 0.6875 0.68125 0.4 0.719531 0.398611
0 0.692969 0.841667 0.654687 0.843056 0.65 0.536111 0.688281 0.533333
0 0.66875 0.888889 0.647656 0.893056 0.633594 0.665278 0.654687 0.661111
0 0.655469 0.911111 0.629687 0.919444 0.605469 0.690278 0.630469 0.681944
0 0.627344 0.955556 0.603125 0.961111 0.5875 0.708333 0.611719 0.702778
2 0.621094 0.694444 0.56875 0.734722 0.560156 0.7 0.613281 0.659722
3 0.622656 0.505556 0.640625 0.523611 0.61875 0.594444 0.600781 0.576389
0 0.613281 0.459722 0.633594 0.475 0.5875 0.686111 0.567187 0.672222
1 0.592187 0.377778 0.608594 0.393056 0.586719 0.473611 0.569531 0.458333
3 0.586719 0.288889 0.546094 0.290278 0.545312 0.251389 0.586719 0.25
0 0.632031 0.270833 0.539844 0.361111 0.529687 0.330556 0.622656 0.240278
0 0.572656 0.3125 0.591406 0.329167 0.542969 0.5 0.524219 0.483333
0 0.584375 0.301389 0.603125 0.3125 0.560937 0.508333 0.542969 0.497222
2 0.503906 0.394444 0.523438 0.4125 0.499219 0.491667 0.479687 0.472222
0 0.55 0.75 0.529687 0.761111 0.496875 0.55 0.517188 0.538889
0 0.517188 0.744444 0.5 0.756944 0.460938 0.584722 0.478906 0.572222
0 0.455469 0.473611 0.439063 0.498611 0.382031 0.376389 0.397656 0.352778
0 0.445312 0.497222 0.432812 0.525 0.366406 0.430556 0.378125 0.404167
0 0.420312 0.534722 0.40625 0.559722 0.349219 0.452778 0.363281 0.427778
0 0.352344 0.498611 0.4125 0.622222 0.395313 0.648611 0.335156 0.523611
0 0.451562 0.691667 0.436719 0.7125 0.372656 0.576389 0.386719 0.555556
0 0.403125 0.545833 0.466406 0.675 0.449219 0.702778 0.385937 0.573611
3 0.435937 0.575 0.464062 0.627778 0.447656 0.655556 0.419531 0.602778
1 0.35625 0.806944 0.320312 0.816667 0.300781 0.590278 0.3375 0.580556
2 0.48125 0.709722 0.525 0.775 0.5125 0.802778 0.46875 0.736111
2 0.439844 0.754167 0.491406 0.781944 0.484375 0.823611 0.432812 0.794444
0 0.397656 0.7875 0.504687 0.806944 0.502344 0.845833 0.395313 0.827778
2 0.546875 0.738889 0.566406 0.75 0.548438 0.851389 0.528906 0.841667
3 0.561719 0.745833 0.580469 0.756944 0.564844 0.845833 0.546094 0.834722
3 0.542188 0.85 0.563281 0.870833 0.539062 0.948611 0.517969 0.927778
3 0.526563 0.936111 0.503906 0.958333 0.478125 0.873611 0.500781 0.852778
