1 0.488281 0.401389 0.45 0.420833 0.420312 0.2375 0.458594 0.218056
1 0.214062 0.179167 0.342187 0.25 0.332813 0.302778 0.205469 0.231944
2 0.336719 0.269444 0.361719 0.2875 0.355469 0.313889 0.330469 0.295833
2 0.397656 0.352778 0.424219 0.391667 0.415625 0.409722 0.389062 0.370833
3 0.507812 0.108333 0.590625 0.1375 0.582031 0.2125 0.499219 0.181944
3 0.604688 0.0916667 0.689844 0.175 0.670312 0.2375 0.585156 0.154167
3 0.6625 0.268056 0.632812 0.297222 0.60625 0.208333 0.635938 0.179167
2 0.659375 0.208333 0.692187 0.219444 0.682813 0.297222 0.650781 0.284722
2 0.730469 0.251389 0.682813 0.259722 0.673438 0.0916667 0.721094 0.0819444
3 0.742188 0.101389 0.789062 0.1375 0.764062 0.243056 0.717187 0.206944
2 0.836719 0.209722 0.761719 0.3 0.735156 0.230556 0.810156 0.138889
2 0.485938 0.00833333 0.594531 0.0680556 0.583594 0.129167 0.475 0.0694444
2 0.263281 0.134722 0.308594 0.169444 0.3 0.204167 0.255469 0.169444
