2 0.177344 0.102778 0.135937 0.126389 0.130469 0.0944444 0.171875 0.0722222
2 0.0695313 0.220833 0.0273438 0.2625 0.0171875 0.230556 0.0601563 0.190278
2 0.219531 0.202778 0.238281 0.216667 0.220312 0.290278 0.202344 0.277778
2 0.298438 0.329167 0.278125 0.331944 0.273438 0.252778 0.294531 0.248611
0 0.353125 0.423611 0.339062 0.438889 0.286719 0.283333 0.300781 0.268056
2 0.319531 0.422222 0.366406 0.438889 0.361719 0.473611 0.315625 0.456944
2 0.385156 0.413889 0.367969 0.433333 0.341406 0.363889 0.357812 0.343056
2 0.374219 0.341667 0.403125 0.408333 0.3875 0.429167 0.358594 0.363889
2 0.442188 0.358333 0.400781 0.390278 0.392188 0.356944 0.434375 0.325
2 0.352344 0.198611 0.338281 0.219444 0.309375 0.161111 0.324219 0.138889
2 0.399219 0.175 0.414062 0.208333 0.377344 0.261111 0.3625 0.226389
1 0.235156 0.422222 0.265625 0.430556 0.246094 0.655556 0.215625 0.648611
2 0.604688 0.594444 0.585156 0.613889 0.559375 0.530556 0.579688 0.511111
2 0.732812 0.534722 0.751563 0.558333 0.721094 0.636111 0.701562 0.611111
2 0.69375 0.566667 0.646875 0.611111 0.6375 0.579167 0.684375 0.533333
3 0.700781 0.526389 0.6625 0.563889 0.652344 0.530556 0.690625 0.493056
3 0.670312 0.394444 0.703906 0.444444 0.686719 0.480556 0.653125 0.429167
3 0.682813 0.370833 0.714063 0.418056 0.7 0.445833 0.669531 0.4
3 0.778906 0.418056 0.739844 0.477778 0.725 0.445833 0.764062 0.3875
2 0.874219 0.5 0.827344 0.555556 0.814844 0.522222 0.861719 0.466667
0 0.767969 0.223611 0.7875 0.238889 0.74375 0.408333 0.724219 0.393056
2 0.659375 0.315278 0.689063 0.330556 0.682813 0.365278 0.653906 0.35
3 0.692187 0.311111 0.713281 0.327778 0.696875 0.394444 0.676562 0.377778
3 0.760156 0.263889 0.716406 0.305556 0.705469 0.270833 0.749219 0.229167
2 0.598437 0.219444 0.610938 0.247222 0.56875 0.306944 0.557031 0.277778
2 0.653125 0.220833 0.635156 0.234722 0.616406 0.155556 0.635156 0.141667
0 0.632031 0.281944 0.6125 0.286111 0.596094 0.0930556 0.615625 0.0875
3 0.839063 0.311111 0.882812 0.336111 0.875 0.379167 0.83125 0.355556
3 0.965625 0.413889 0.997656 0.413889 0.997656 0.468056 0.965625 0.468056
3 0.367188 0.829167 0.389062 0.840278 0.374219 0.925 0.352344 0.9125
2 0.432031 0.920833 0.485156 0.920833 0.485156 0.961111 0.432031 0.961111
3 0.64375 0.954167 0.592969 0.963889 0.590625 0.920833 0.641406 0.911111
2 0.624219 0.811111 0.648438 0.819444 0.636719 0.916667 0.613281 0.908333
2 0.60625 0.859722 0.5875 0.880556 0.559375 0.797222 0.578125 0.776389
3 0.595313 0.766667 0.633594 0.813889 0.619531 0.85 0.58125 0.802778
2 0.622656 0.7625 0.677344 0.781944 0.672656 0.822222 0.617969 0.802778
3 0.572656 0.954167 0.603906 0.954167 0.603906 0.997222 0.572656 0.997222
