0 0.60625 0.236111 0.667188 0.252778 0.665625 0.269444 0.604688 0.254167
0 0.611719 0.254167 0.667969 0.265278 0.666406 0.281944 0.610156 0.270833
2 0.650781 0.144444 0.674219 0.156944 0.670312 0.177778 0.647656 0.163889
3 0.660156 0.2125 0.647656 0.219444 0.640625 0.177778 0.653125 0.170833
3 0.671875 0.206944 0.661719 0.213889 0.652344 0.177778 0.663281 0.169444
3 0.647656 0.122222 0.657813 0.1375 0.642188 0.170833 0.632031 0.154167
0 0.71875 0.308333 0.771094 0.348611 0.767969 0.363889 0.714844 0.325
0 0.81875 0.265278 0.827344 0.279167 0.7875 0.3625 0.778906 0.35
3 0.826562 0.276389 0.835156 0.290278 0.81875 0.325 0.810156 0.311111
0 0.677344 0.169444 0.688281 0.170833 0.68125 0.283333 0.671094 0.280556
3 0.703125 0.268056 0.68125 0.275 0.678906 0.254167 0.700781 0.245833
3 0.688281 0.269444 0.710156 0.281944 0.707031 0.301389 0.685156 0.288889
2 0.701562 0.259722 0.721094 0.283333 0.715625 0.297222 0.696875 0.273611
3 0.725 0.272222 0.715625 0.286111 0.701562 0.256944 0.710938 0.243056
2 0.725781 0.226389 0.736719 0.229167 0.73125 0.275 0.720313 0.270833
2 0.735156 0.255556 0.752344 0.286111 0.74375 0.3 0.727344 0.269444
2 0.758594 0.245833 0.769531 0.252778 0.760156 0.3 0.748437 0.293056
2 0.754687 0.268056 0.745313 0.281944 0.728906 0.247222 0.738281 0.233333
2 0.7125 0.197222 0.724219 0.197222 0.724219 0.243056 0.7125 0.243056
2 0.734375 0.222222 0.722656 0.227778 0.714844 0.183333 0.726562 0.176389
3 0.711719 0.219444 0.700781 0.227778 0.690625 0.1875 0.702344 0.179167
3 0.705469 0.156944 0.716406 0.158333 0.714063 0.198611 0.703125 0.195833
0 0.751563 0.248611 0.742188 0.256944 0.715625 0.163889 0.725 0.155556
2 0.70625 0.131944 0.714063 0.15 0.694531 0.177778 0.686719 0.159722
0 0.735156 0.0430556 0.744531 0.0444444 0.7375 0.163889 0.728906 0.161111
3 0.752344 0.213889 0.74375 0.222222 0.732031 0.184722 0.741406 0.175
3 0.746094 0.156944 0.76875 0.169444 0.764844 0.188889 0.742969 0.176389
3 0.775 0.152778 0.764062 0.169444 0.75 0.138889 0.760938 0.122222
2 0.752344 0.104167 0.778125 0.113889 0.775781 0.134722 0.75 0.125
2 0.809375 0.241667 0.815625 0.259722 0.790625 0.2875 0.784375 0.270833
3 0.824219 0.206944 0.836719 0.206944 0.836719 0.25 0.824219 0.25
2 0.803906 0.195833 0.815625 0.195833 0.815625 0.234722 0.803906 0.234722
0 0.810937 0.147222 0.819531 0.165278 0.770312 0.245833 0.760938 0.227778
0 0.776563 0.126389 0.825 0.1625 0.819531 0.183333 0.771094 0.147222
3 0.7875 0.0458333 0.764062 0.0694444 0.758594 0.05 0.782031 0.0277778
0 0.802344 0.0152778 0.809375 0.0319444 0.760938 0.1 0.753906 0.0833333
