2 0.189844 0.158333 0.167969 0.186111 0.160156 0.165278 0.182031 0.138889
2 0.215625 0.183333 0.230469 0.1875 0.223438 0.245833 0.209375 0.240278
2 0.267969 0.226389 0.25625 0.231944 0.247656 0.186111 0.260156 0.179167
0 0.261719 0.177778 0.308594 0.248611 0.3 0.266667 0.253125 0.195833
2 0.31875 0.273611 0.2875 0.291667 0.282813 0.266667 0.314844 0.25
2 0.302344 0.2 0.325 0.227778 0.317188 0.245833 0.295312 0.219444
2 0.308594 0.183333 0.335938 0.218056 0.328906 0.234722 0.301563 0.201389
2 0.353906 0.152778 0.370312 0.165278 0.355469 0.225 0.339844 0.213889
2 0.313281 0.0694444 0.327344 0.0805556 0.313281 0.136111 0.299219 0.126389
1 0.267969 0.459722 0.24375 0.461111 0.241406 0.306944 0.265625 0.305556
2 0.135156 0.273611 0.113281 0.3 0.105469 0.279167 0.127344 0.252778
2 0.096875 0.461111 0.0734375 0.488889 0.0664062 0.469444 0.0898438 0.441667
2 0.084375 0.552778 0.0953125 0.561111 0.0820312 0.613889 0.0710937 0.605556
2 0.396875 0.55 0.413281 0.554167 0.409375 0.620833 0.392969 0.618056
2 0.433594 0.525 0.401562 0.555556 0.394531 0.534722 0.427344 0.502778
3 0.349219 0.502778 0.365625 0.502778 0.365625 0.561111 0.349219 0.561111
0 0.378125 0.6625 0.3125 0.673611 0.310937 0.644444 0.376563 0.633333
1 0.3875 0.644444 0.403125 0.673611 0.33125 0.798611 0.315625 0.769444
3 0.341406 0.720833 0.3125 0.730556 0.309375 0.7 0.338281 0.690278
0 0.338281 0.695833 0.271094 0.747222 0.265625 0.720833 0.332031 0.670833
3 0.28125 0.761111 0.270313 0.775 0.253906 0.730556 0.264062 0.718056
2 0.296094 0.75 0.309375 0.756944 0.297656 0.820833 0.285156 0.813889
2 0.313281 0.777778 0.344531 0.808333 0.336719 0.831944 0.30625 0.801389
0 0.303906 0.784722 0.360156 0.868056 0.35 0.891667 0.292969 0.806944
2 0.3 0.816667 0.332813 0.840278 0.325781 0.868056 0.29375 0.843056
2 0.300781 0.834722 0.328125 0.876389 0.317969 0.897222 0.291406 0.855556
0 0.307031 0.8875 0.241406 0.9 0.239844 0.875 0.30625 0.8625
3 0.286719 0.8875 0.317188 0.8875 0.317188 0.918056 0.286719 0.918056
2 0.334375 0.9125 0.364844 0.955556 0.352344 0.981944 0.322656 0.938889
0 0.3125 0.913889 0.35625 0.979167 0.347656 0.995833 0.304688 0.930556
2 0.546094 0.604167 0.560937 0.626389 0.532031 0.686111 0.517188 0.663889
3 0.485156 0.0333333 0.514844 0.0569444 0.507812 0.0861111 0.478125 0.0625
3 0.492969 0.00555556 0.522656 0.0291667 0.516406 0.0541667 0.486719 0.0319444
3 0.5375 0.00138889 0.552344 0.00972222 0.546094 0.0472222 0.53125 0.0375
2 0.546094 0.0888889 0.564844 0.101389 0.547656 0.170833 0.529687 0.158333
2 0.508594 0.131944 0.520312 0.148611 0.499219 0.193056 0.4875 0.176389
3 0.511719 0.0875 0.525781 0.104167 0.507031 0.151389 0.492969 0.134722
2 0.445312 0.177778 0.473438 0.2125 0.464062 0.236111 0.435937 0.201389
2 0.539062 0.329167 0.498437 0.344444 0.495312 0.313889 0.535937 0.3
2 0.507031 0.344444 0.521875 0.344444 0.521875 0.4125 0.507031 0.4125
3 0.53125 0.433333 0.500781 0.463889 0.492188 0.434722 0.522656 0.405556
3 0.489063 0.4625 0.517969 0.477778 0.5125 0.506944 0.484375 0.491667
2 0.517188 0.452778 0.554688 0.488889 0.546875 0.515278 0.510156 0.477778
2 0.53125 0.479167 0.561719 0.526389 0.55 0.55 0.519531 0.504167
2 0.470313 0.344444 0.501563 0.390278 0.491406 0.411111 0.460938 0.365278
3 0.480469 0.330556 0.511719 0.341667 0.507812 0.373611 0.477344 0.361111
2 0.723437 0.629167 0.675 0.655556 0.670312 0.625 0.71875 0.598611
0 0.764844 0.445833 0.780469 0.468056 0.714063 0.608333 0.698438 0.586111
