2 0.154688 0.115278 0.194531 0.115278 0.194531 0.156944 0.154688 0.156944
2 0.279687 0.0916667 0.292969 0.1125 0.26875 0.1625 0.255469 0.143056
0 0.258594 0.0541667 0.323437 0.0972222 0.317188 0.125 0.252344 0.0819444
0 0.467187 0.234722 0.451562 0.256944 0.396094 0.140278 0.411719 0.116667
2 0.475 0.243056 0.454688 0.25 0.446875 0.176389 0.467187 0.168056
2 0.457031 0.075 0.469531 0.0986111 0.436719 0.154167 0.424219 0.130556
2 0.541406 0.118056 0.557813 0.118056 0.557813 0.194444 0.541406 0.194444
2 0.0757812 0.386111 0.0398437 0.405556 0.034375 0.373611 0.0703125 0.354167
2 0.240625 0.426389 0.260937 0.426389 0.260937 0.497222 0.240625 0.497222
2 0.399219 0.477778 0.414062 0.511111 0.378906 0.561111 0.364063 0.526389
2 0.285156 0.5625 0.253125 0.601389 0.239063 0.563889 0.271094 0.525
3 0.278125 0.676389 0.25625 0.684722 0.248438 0.616667 0.270313 0.608333
2 0.228125 0.663889 0.248438 0.670833 0.239063 0.752778 0.21875 0.745833
2 0.0703125 0.719444 0.090625 0.726389 0.0820312 0.801389 0.0617188 0.794444
1 0.05625 0.797222 0.164062 0.801389 0.163281 0.851389 0.0554687 0.848611
0 0.271875 0.983333 0.252344 0.998611 0.210156 0.829167 0.230469 0.813889
2 0.301563 0.906944 0.2875 0.923611 0.261719 0.856944 0.275781 0.838889
2 0.273438 0.906944 0.315625 0.929167 0.308594 0.969444 0.266406 0.945833
1 0.360938 0.952778 0.340625 0.983333 0.269531 0.833333 0.289844 0.801389
2 0.269531 0.751389 0.28125 0.765278 0.253906 0.834722 0.242188 0.820833
3 0.624219 0.390278 0.645312 0.390278 0.645312 0.461111 0.624219 0.461111
2 0.7125 0.393056 0.688281 0.398611 0.682813 0.306944 0.707812 0.302778
3 0.603906 0.366667 0.565625 0.404167 0.557031 0.375 0.595313 0.3375
2 0.49375 0.4 0.452344 0.440278 0.442969 0.409722 0.484375 0.369444
3 0.445312 0.265278 0.482031 0.286111 0.475781 0.322222 0.439063 0.301389
1 0.583594 0.216667 0.463281 0.281944 0.454688 0.231944 0.575 0.165278
0 0.649219 0.075 0.721875 0.144444 0.710938 0.180556 0.639062 0.109722
3 0.561719 0.0555556 0.582031 0.0708333 0.567187 0.130556 0.547656 0.116667
