0 0.664062 0.00277778 0.671875 0.00416667 0.666406 0.075 0.659375 0.0722222
2 0.664062 0.0625 0.655469 0.0638889 0.653906 0.0319444 0.663281 0.0305556
0 0.649219 0.00972222 0.65625 0.00972222 0.65625 0.0819444 0.649219 0.0819444
0 0.649219 0.0694444 0.675 0.123611 0.669531 0.131944 0.64375 0.0777778
2 0.647656 0.0847222 0.661719 0.105556 0.657031 0.113889 0.642969 0.0930556
2 0.626563 0.0416667 0.642969 0.0597222 0.639062 0.0708333 0.622656 0.0541667
0 0.610156 0.0388889 0.64375 0.0708333 0.640625 0.0833333 0.607031 0.05
3 0.632812 0.0708333 0.645312 0.0819444 0.640625 0.0958333 0.628906 0.0833333
0 0.610938 0.0708333 0.578906 0.101389 0.575 0.0902778 0.607812 0.0583333
2 0.603125 0.0902778 0.585938 0.102778 0.582812 0.0916667 0.600781 0.0777778
2 0.604688 0.1 0.589063 0.106944 0.5875 0.0958333 0.603125 0.0902778
3 0.560156 0.0777778 0.576562 0.0861111 0.574219 0.101389 0.557813 0.0930556
2 0.601562 0.161111 0.594531 0.166667 0.588281 0.133333 0.596094 0.129167
0 0.615625 0.129167 0.590625 0.129167 0.589844 0.118056 0.615625 0.116667
0 0.632812 0.122222 0.597656 0.141667 0.595313 0.129167 0.63125 0.109722
2 0.629687 0.123611 0.634375 0.133333 0.621094 0.156944 0.616406 0.147222
3 0.640625 0.147222 0.627344 0.165278 0.622656 0.154167 0.636719 0.1375
2 0.657031 0.130556 0.6625 0.140278 0.648438 0.163889 0.642969 0.154167
0 0.671094 0.126389 0.675781 0.1375 0.644531 0.175 0.640625 0.165278
3 0.625 0.213889 0.632812 0.213889 0.632812 0.238889 0.625 0.238889
1 0.666406 0.325 0.65625 0.326389 0.652344 0.243056 0.663281 0.241667
2 0.65 0.269444 0.657031 0.269444 0.657031 0.298611 0.65 0.298611
2 0.675 0.293056 0.667969 0.297222 0.660937 0.268056 0.667969 0.2625
2 0.653906 0.315278 0.646094 0.319444 0.639844 0.293056 0.647656 0.2875
3 0.642188 0.269444 0.651563 0.269444 0.651563 0.291667 0.642188 0.291667
2 0.641406 0.251389 0.646875 0.261111 0.632812 0.284722 0.628125 0.275
2 0.70625 0.359722 0.703125 0.394444 0.694531 0.393056 0.697656 0.358333
2 0.725781 0.359722 0.733594 0.363889 0.725781 0.397222 0.717969 0.393056
2 0.628125 0.279167 0.621875 0.284722 0.614062 0.258333 0.620313 0.252778
3 0.608594 0.25 0.621094 0.268056 0.615625 0.279167 0.603906 0.259722
2 0.608594 0.265278 0.623437 0.283333 0.619531 0.294444 0.604688 0.276389
1 0.60625 0.223611 0.616406 0.234722 0.591406 0.306944 0.582031 0.295833
0 0.578906 0.295833 0.616406 0.323611 0.614062 0.336111 0.576562 0.306944
3 0.6 0.275 0.614062 0.280556 0.6125 0.295833 0.598437 0.290278
2 0.599219 0.204167 0.607031 0.206944 0.603125 0.238889 0.595313 0.236111
3 0.594531 0.227778 0.603906 0.243056 0.599219 0.252778 0.589844 0.2375
3 0.591406 0.181944 0.603125 0.193056 0.598437 0.208333 0.5875 0.195833
3 0.676562 0.406944 0.669531 0.4125 0.663281 0.386111 0.670312 0.380556
0 0.579688 0.308333 0.585938 0.316667 0.566406 0.366667 0.560156 0.359722
0 0.563281 0.168056 0.571094 0.168056 0.571094 0.238889 0.563281 0.238889
0 0.54375 0.181944 0.551562 0.184722 0.54375 0.252778 0.535937 0.251389
0 0.575 0.295833 0.56875 0.301389 0.551562 0.2375 0.557813 0.231944
2 0.549219 0.251389 0.55625 0.252778 0.555469 0.281944 0.548438 0.281944
3 0.560937 0.277778 0.566406 0.2875 0.557813 0.305556 0.551562 0.297222
3 0.565625 0.313889 0.572656 0.320833 0.566406 0.341667 0.559375 0.336111
2 0.575781 0.316667 0.558594 0.320833 0.557813 0.306944 0.574219 0.302778
2 0.566406 0.291667 0.569531 0.301389 0.554688 0.319444 0.550781 0.311111
2 0.514062 0.275 0.521094 0.277778 0.517188 0.306944 0.510938 0.305556
2 0.505469 0.305556 0.511719 0.313889 0.500781 0.340278 0.494531 0.333333
2 0.532813 0.269444 0.526563 0.275 0.51875 0.247222 0.524219 0.241667
2 0.520312 0.180556 0.527344 0.180556 0.527344 0.209722 0.520312 0.209722
2 0.517188 0.1625 0.529687 0.181944 0.525781 0.190278 0.5125 0.172222
2 0.517188 0.152778 0.532813 0.170833 0.528906 0.181944 0.513281 0.1625
3 0.526563 0.133333 0.535156 0.1375 0.532031 0.168056 0.523438 0.163889
3 0.669531 0.35 0.663281 0.356944 0.655469 0.331944 0.661719 0.325
2 0.65625 0.391667 0.663281 0.4 0.652344 0.427778 0.646094 0.418056
2 0.65625 0.484722 0.65 0.494444 0.639062 0.466667 0.646094 0.458333
2 0.627344 0.456944 0.636719 0.459722 0.632812 0.491667 0.624219 0.488889
2 0.449219 0.2625 0.457031 0.265278 0.453906 0.290278 0.446094 0.2875
2 0.457813 0.313889 0.466406 0.313889 0.466406 0.343056 0.457813 0.343056
1 0.444531 0.220833 0.477344 0.280556 0.467969 0.294444 0.435937 0.234722
2 0.567969 0.372222 0.574219 0.376389 0.566406 0.408333 0.560156 0.402778
2 0.551562 0.3625 0.565625 0.381944 0.560156 0.393056 0.546875 0.372222
3 0.551562 0.375 0.563281 0.393056 0.559375 0.402778 0.546875 0.384722
