0 0.525781 0.0777778 0.539062 0.0944444 0.492188 0.208333 0.478906 0.191667
1 0.564063 0.265278 0.480469 0.327778 0.471875 0.290278 0.555469 0.227778
2 0.560156 0.323611 0.575 0.329167 0.566406 0.386111 0.552344 0.379167
2 0.569531 0.523611 0.553906 0.525 0.552344 0.463889 0.56875 0.4625
3 0.544531 0.486111 0.575781 0.486111 0.575781 0.5125 0.544531 0.5125
0 0.553125 0.327778 0.566406 0.3375 0.5375 0.456944 0.525 0.447222
0 0.582812 0.404167 0.516406 0.459722 0.510938 0.4375 0.577344 0.383333
0 0.539062 0.622222 0.523438 0.630556 0.502344 0.501389 0.51875 0.493056
3 0.541406 0.618056 0.567969 0.618056 0.567969 0.645833 0.541406 0.645833
2 0.495312 0.515278 0.510938 0.520833 0.503906 0.576389 0.489063 0.572222
3 0.520312 0.679167 0.503125 0.680556 0.501563 0.634722 0.51875 0.633333
3 0.536719 0.706944 0.5625 0.706944 0.5625 0.736111 0.536719 0.736111
2 0.498437 0.715278 0.528125 0.726389 0.525 0.752778 0.495312 0.743056
2 0.5375 0.829167 0.525781 0.8375 0.513281 0.784722 0.525781 0.776389
2 0.51875 0.823611 0.507031 0.825 0.504687 0.773611 0.516406 0.770833
2 0.472656 0.744444 0.461719 0.748611 0.454688 0.695833 0.464844 0.690278
2 0.477344 0.854167 0.464844 0.863889 0.452344 0.8125 0.465625 0.802778
2 0.485156 0.605556 0.496094 0.622222 0.475781 0.665278 0.464844 0.648611
2 0.667969 0.895833 0.682031 0.902778 0.671094 0.961111 0.657031 0.954167
0 0.792188 0.797222 0.807031 0.820833 0.757031 0.926389 0.742188 0.902778
0 0.810937 0.808333 0.914844 0.841667 0.911719 0.868056 0.808594 0.834722
2 0.903125 0.791667 0.938281 0.854167 0.924219 0.880556 0.888281 0.816667
2 0.896875 0.827778 0.878906 0.8375 0.865625 0.759722 0.883594 0.75
0 0.930469 0.813889 0.910937 0.822222 0.885156 0.647222 0.904687 0.6375
0 0.789062 0.773611 0.880469 0.806944 0.877344 0.831944 0.785937 0.8
2 0.867969 0.766667 0.827344 0.795833 0.820312 0.765278 0.861719 0.736111
2 0.779687 0.734722 0.824219 0.768056 0.817187 0.794444 0.772656 0.761111
3 0.821875 0.723611 0.792188 0.759722 0.782813 0.736111 0.813281 0.698611
2 0.779687 0.630556 0.825781 0.6375 0.823438 0.670833 0.778125 0.6625
1 0.826562 0.694444 0.738281 0.802778 0.721875 0.759722 0.810156 0.651389
2 0.910937 0.504167 0.928906 0.518056 0.910156 0.595833 0.892188 0.581944
0 0.979688 0.391667 0.999219 0.405556 0.969531 0.529167 0.950781 0.515278
2 0.9625 0.390278 0.941406 0.390278 0.939844 0.306944 0.961719 0.305556
2 0.982031 0.361111 0.960938 0.372222 0.946094 0.2875 0.967187 0.276389
2 0.996875 0.344444 0.98125 0.359722 0.957031 0.280556 0.973437 0.265278
2 0.966406 0.268056 0.948438 0.290278 0.919531 0.215278 0.9375 0.191667
2 0.945312 0.290278 0.926562 0.304167 0.910156 0.233333 0.928906 0.219444
2 0.925 0.305556 0.905469 0.315278 0.891406 0.233333 0.910937 0.222222
3 0.8 0.279167 0.841406 0.294444 0.8375 0.325 0.796094 0.309722
3 0.847656 0.193056 0.827344 0.205556 0.815625 0.134722 0.835938 0.123611
3 0.810156 0.1125 0.792969 0.126389 0.776563 0.0597222 0.794531 0.0458333
0 0.753906 0.354167 0.735938 0.363889 0.711719 0.216667 0.730469 0.206944
2 0.66875 0.226389 0.707812 0.248611 0.702344 0.281944 0.6625 0.259722
2 0.725 0.3375 0.710156 0.348611 0.694531 0.281944 0.709375 0.270833
3 0.708594 0.329167 0.691406 0.344444 0.674219 0.288889 0.691406 0.273611
