0 0.10625 0.0152778 0.146094 0.0430556 0.0867187 0.316667 0.046875 0.288889
2 0.0210938 0.369444 0.110156 0.369444 0.110156 0.438889 0.0210938 0.438889
2 0.359375 0.630556 0.278906 0.651389 0.275 0.605556 0.355469 0.586111
2 0.33125 0.616667 0.400781 0.638889 0.395313 0.693056 0.325781 0.672222
3 0.30625 0.805556 0.373437 0.805556 0.373437 0.872222 0.30625 0.872222
2 0.482812 0.693056 0.509375 0.702778 0.497656 0.804167 0.471875 0.794444
2 0.561719 0.813889 0.592969 0.813889 0.592969 0.933333 0.561719 0.933333
3 0.497656 0.606944 0.442188 0.648611 0.430469 0.597222 0.485156 0.555556
3 0.574219 0.395833 0.500781 0.468056 0.482031 0.406944 0.555469 0.336111
3 0.439844 0.397222 0.374219 0.461111 0.355469 0.398611 0.421094 0.334722
0 0.474219 0.443056 0.4875 0.493056 0.349219 0.608333 0.335938 0.559722
3 0.601562 0.131944 0.535937 0.230556 0.511719 0.180556 0.577344 0.0819444
2 0.679688 0.230556 0.645312 0.281944 0.579688 0.144444 0.614844 0.0916667
2 0.464062 0.00972222 0.507812 0.00972222 0.507812 0.131944 0.464062 0.131944
0 0.552344 0.00277778 0.767969 0.165278 0.752344 0.231944 0.536719 0.0694444
