1 0.186719 0.2 0.170313 0.243056 0.0585938 0.106944 0.075 0.0638889
2 0.0742188 0.025 0.128906 0.0347222 0.126562 0.0722222 0.071875 0.0625
3 0.0984375 0.241667 0.0804688 0.251389 0.0695313 0.184722 0.0875 0.175
2 0.0445313 0.154167 0.0640625 0.169444 0.0453125 0.244444 0.0265625 0.230556
2 0.178125 0.259722 0.164844 0.275 0.1375 0.205556 0.150781 0.188889
0 0.0492187 0.0944444 0.0648438 0.109722 0.021875 0.247222 0.00625 0.230556
3 0.115625 0.315278 0.155469 0.345833 0.147656 0.379167 0.107813 0.348611
1 0.253906 0.355556 0.336719 0.355556 0.336719 0.401389 0.253906 0.401389
0 0.3875 0.388889 0.400781 0.393056 0.389062 0.523611 0.375781 0.519444
0 0.4125 0.361111 0.425 0.373611 0.3875 0.495833 0.375 0.483333
1 0.305469 0.801389 0.197656 0.848611 0.191406 0.804167 0.3 0.756944
2 0.323437 0.772222 0.339062 0.772222 0.339062 0.823611 0.323437 0.823611
0 0.333594 0.681944 0.397656 0.759722 0.389844 0.780556 0.325 0.702778
2 0.490625 0.0152778 0.527344 0.0430556 0.521094 0.0680556 0.484375 0.0416667
2 0.666406 0.273611 0.678125 0.291667 0.65625 0.3375 0.644531 0.319444
3 0.496875 0.345833 0.520312 0.358333 0.516406 0.380556 0.49375 0.366667
3 0.459375 0.226389 0.428125 0.2375 0.425 0.208333 0.45625 0.197222
2 0.528125 0.525 0.50625 0.527778 0.505469 0.504167 0.527344 0.5
2 0.5375 0.483333 0.525 0.491667 0.519531 0.461111 0.532813 0.454167
2 0.550781 0.5375 0.536719 0.538889 0.535937 0.476389 0.55 0.475
2 0.585156 0.4625 0.6 0.470833 0.589844 0.526389 0.575781 0.518056
2 0.566406 0.469444 0.576562 0.484722 0.554688 0.530556 0.545312 0.515278
2 0.564844 0.494444 0.576562 0.502778 0.564063 0.554167 0.553125 0.544444
2 0.529687 0.530556 0.541406 0.538889 0.528906 0.591667 0.517188 0.581944
3 0.425781 0.619444 0.454688 0.634722 0.449219 0.663889 0.421094 0.647222
3 0.500781 0.606944 0.510156 0.613889 0.497656 0.665278 0.488281 0.658333
3 0.448437 0.679167 0.459375 0.6875 0.447656 0.736111 0.436719 0.727778
2 0.461719 0.745833 0.471875 0.763889 0.45 0.801389 0.439844 0.781944
3 0.503125 0.716667 0.519531 0.726389 0.511719 0.772222 0.495312 0.7625
2 0.507031 0.694444 0.535156 0.722222 0.528906 0.743056 0.500781 0.715278
3 0.673438 0.631944 0.696875 0.65 0.692187 0.669444 0.66875 0.651389
3 0.6375 0.788889 0.6125 0.798611 0.609375 0.775 0.635156 0.765278
0 0.453906 0.818056 0.392188 0.859722 0.388281 0.840278 0.45 0.797222
2 0.385156 0.85 0.41875 0.85 0.41875 0.870833 0.385156 0.870833
3 0.435156 0.827778 0.449219 0.827778 0.449219 0.872222 0.435156 0.872222
2 0.478906 0.944444 0.452344 0.963889 0.447656 0.941667 0.474219 0.922222
3 0.383594 0.968056 0.405469 0.968056 0.405469 0.998611 0.383594 0.998611
0 0.774219 0.211111 0.786719 0.231944 0.732812 0.334722 0.721094 0.315278
