1 0.452344 0.519444 0.361719 0.552778 0.354687 0.493056 0.446094 0.461111
2 0.486719 0.165278 0.534375 0.179167 0.53125 0.213889 0.483594 0.2
3 0.584375 0.0638889 0.596094 0.0958333 0.553906 0.144444 0.542188 0.1125
3 0.617969 0.125 0.571094 0.159722 0.561719 0.120833 0.608594 0.0861111
0 0.660937 0.158333 0.646875 0.176389 0.582812 0.0236111 0.596875 0.00416667
2 0.655469 0.0861111 0.639844 0.113889 0.603125 0.05 0.61875 0.0222222
0 0.685937 0.248611 0.670312 0.269444 0.600781 0.111111 0.616406 0.0888889
3 0.625781 0.191667 0.644531 0.194444 0.639844 0.279167 0.621094 0.276389
2 0.69375 0.345833 0.729688 0.4125 0.714063 0.440278 0.678125 0.373611
3 0.754687 0.376389 0.732812 0.393056 0.715625 0.319444 0.7375 0.302778
1 0.782813 0.463889 0.935156 0.491667 0.932031 0.548611 0.779687 0.520833
2 0.783594 0.6 0.7625 0.615278 0.74375 0.536111 0.764844 0.520833
0 0.53125 0.648611 0.511719 0.651389 0.507812 0.475 0.527344 0.473611
0 0.54375 0.429167 0.560156 0.441667 0.522656 0.608333 0.50625 0.595833
2 0.71875 0.506944 0.739062 0.506944 0.739062 0.554167 0.71875 0.554167
0 0.745313 0.569444 0.758594 0.590278 0.689844 0.733333 0.677344 0.713889
2 0.807031 0.518056 0.821875 0.541667 0.789844 0.608333 0.775 0.586111
2 0.825781 0.540278 0.84375 0.540278 0.84375 0.627778 0.825781 0.627778
2 0.863281 0.645833 0.842187 0.647222 0.839844 0.556944 0.860938 0.555556
2 0.814844 0.531944 0.835156 0.543056 0.820312 0.626389 0.8 0.615278
2 0.867188 0.6 0.908594 0.661111 0.892188 0.695833 0.851562 0.633333
2 0.823438 0.688889 0.774219 0.726389 0.766406 0.691667 0.815625 0.654167
2 0.847656 0.693056 0.827344 0.715278 0.801562 0.636111 0.821094 0.613889
2 0.841406 0.776389 0.792969 0.802778 0.786719 0.765278 0.835156 0.738889
3 0.717187 0.730556 0.735938 0.741667 0.724219 0.805556 0.70625 0.794444
0 0.852344 0.744444 0.861719 0.777778 0.759375 0.869444 0.75 0.8375
2 0.903906 0.818056 0.884375 0.836111 0.857812 0.751389 0.878125 0.731944
2 0.921094 0.776389 0.9375 0.8 0.905469 0.869444 0.889062 0.844444
2 0.924219 0.825 0.938281 0.847222 0.905469 0.915278 0.891406 0.894444
3 0.879687 0.8375 0.836719 0.861111 0.828906 0.816667 0.871875 0.794444
2 0.711719 0.819444 0.730469 0.827778 0.717969 0.911111 0.699219 0.901389
3 0.69375 0.859722 0.7125 0.870833 0.698438 0.948611 0.680469 0.9375
2 0.6875 0.943056 0.704688 0.963889 0.692187 0.997222 0.675 0.976389
0 0.636719 0.861111 0.651563 0.861111 0.651563 0.995833 0.636719 0.995833
3 0.599219 0.773611 0.642188 0.773611 0.642188 0.811111 0.599219 0.811111
0 0.5 0.859722 0.589844 0.961111 0.577344 0.995833 0.4875 0.894444
0 0.995313 0.555556 0.920312 0.581944 0.916406 0.548611 0.991406 0.522222
2 0.817969 0.498611 0.86875 0.526389 0.8625 0.561111 0.811719 0.533333
