0 0.83125 0.306944 0.919531 0.323611 0.917188 0.359722 0.828906 0.343056
0 0.778125 0.366667 0.841406 0.443056 0.832031 0.466667 0.76875 0.390278
2 0.848437 0.456944 0.833594 0.458333 0.832812 0.3875 0.847656 0.386111
2 0.864844 0.351389 0.879687 0.359722 0.867969 0.426389 0.853125 0.418056
0 0.938281 0.386111 0.839063 0.440278 0.834375 0.413889 0.934375 0.359722
0 0.848437 0.35 0.864062 0.352778 0.854688 0.513889 0.839063 0.509722
2 0.875781 0.545833 0.835938 0.576389 0.830469 0.555556 0.871094 0.525
3 0.794531 0.529167 0.825781 0.547222 0.821094 0.572222 0.789844 0.555556
2 0.698438 0.573611 0.710938 0.573611 0.710938 0.634722 0.698438 0.634722
2 0.707031 0.626389 0.69375 0.6375 0.678125 0.5875 0.691406 0.575
3 0.696875 0.640278 0.672656 0.6625 0.665625 0.638889 0.689063 0.615278
2 0.804688 0.654167 0.821094 0.6625 0.808594 0.731944 0.792969 0.722222
0 0.790625 0.658333 0.729688 0.695833 0.725 0.670833 0.785937 0.631944
0 0.799219 0.627778 0.80625 0.648611 0.746875 0.715278 0.739844 0.695833
2 0.716406 0.740278 0.748437 0.772222 0.742188 0.793056 0.710156 0.761111
2 0.661719 0.884722 0.640625 0.904167 0.634375 0.883333 0.654687 0.8625
3 0.645312 0.802778 0.657031 0.802778 0.657031 0.859722 0.645312 0.859722
0 0.632812 0.768056 0.645312 0.780556 0.614062 0.880556 0.601562 0.869444
3 0.909375 0.854167 0.95 0.902778 0.939844 0.927778 0.9 0.879167
3 0.922656 0.95 0.9625 0.95 0.9625 0.998611 0.922656 0.998611
3 0.982812 0.604167 0.998437 0.604167 0.998437 0.668056 0.982812 0.668056
2 0.951562 0.791667 0.970313 0.798611 0.960156 0.881944 0.942187 0.876389
