2 0.557813 0.575 0.547656 0.583333 0.5375 0.541667 0.548438 0.534722
0 0.65 0.701389 0.7125 0.705556 0.711719 0.726389 0.649219 0.722222
0 0.717187 0.741667 0.645312 0.75 0.644531 0.727778 0.716406 0.719444
0 0.769531 0.790278 0.707031 0.85 0.700781 0.831944 0.764062 0.770833
2 0.78125 0.804167 0.788281 0.822222 0.7625 0.85 0.75625 0.831944
2 0.798438 0.798611 0.807031 0.819444 0.779687 0.856944 0.771094 0.8375
3 0.800781 0.851389 0.83125 0.855556 0.829688 0.881944 0.8 0.877778
3 0.78125 0.872222 0.79375 0.872222 0.79375 0.922222 0.78125 0.922222
3 0.869531 0.872222 0.840625 0.873611 0.839844 0.845833 0.86875 0.844444
2 0.878906 0.845833 0.846094 0.851389 0.845313 0.829167 0.877344 0.823611
2 0.870313 0.825 0.838281 0.8375 0.835938 0.8125 0.867969 0.801389
3 0.874219 0.758333 0.888281 0.772222 0.873437 0.820833 0.860156 0.806944
3 0.61875 0.919444 0.595313 0.943056 0.589063 0.922222 0.6125 0.9
2 0.620313 0.943056 0.609375 0.955556 0.592969 0.902778 0.604688 0.891667
2 0.592969 0.868056 0.604688 0.879167 0.589844 0.927778 0.578125 0.916667
3 0.565625 0.858333 0.592969 0.879167 0.5875 0.901389 0.560937 0.880556
2 0.590625 0.943056 0.578906 0.954167 0.564844 0.908333 0.577344 0.897222
1 0.510938 0.930556 0.596875 0.938889 0.595313 0.979167 0.510156 0.972222
1 0.564844 0.986111 0.54375 0.993056 0.530469 0.831944 0.551562 0.826389
0 0.558594 0.930556 0.495312 0.943056 0.494531 0.923611 0.557813 0.911111
0 0.5 0.968056 0.442188 0.998611 0.438281 0.977778 0.496094 0.945833
