2 0.738281 0.293056 0.796875 0.293056 0.796875 0.336111 0.738281 0.336111
1 0.696875 0.356944 0.732031 0.363889 0.717187 0.620833 0.682031 0.613889
1 0.659375 0.465278 0.696875 0.469444 0.6875 0.745833 0.65 0.741667
0 0.635156 0.569444 0.659375 0.569444 0.657813 0.786111 0.633594 0.786111
0 0.640625 0.793056 0.614062 0.795833 0.607031 0.586111 0.633594 0.583333
0 0.588281 0.595833 0.609375 0.595833 0.609375 0.838889 0.588281 0.838889
2 0.619531 0.601389 0.563281 0.622222 0.557813 0.575 0.614062 0.555556
0 0.626563 0.376389 0.645312 0.395833 0.5875 0.573611 0.569531 0.555556
3 0.634375 0.422222 0.655469 0.454167 0.628125 0.5125 0.60625 0.480556
3 0.557813 0.613889 0.582812 0.631944 0.564063 0.709722 0.539062 0.690278
1 0.560937 0.6625 0.598437 0.690278 0.529687 0.976389 0.492969 0.948611
2 0.503125 0.820833 0.521875 0.854167 0.475 0.934722 0.457031 0.901389
3 0.532813 0.706944 0.553906 0.731944 0.526563 0.802778 0.505469 0.777778
3 0.50625 0.788889 0.48125 0.806944 0.459375 0.716667 0.484375 0.697222
0 0.474219 0.943056 0.455469 0.969444 0.363281 0.7625 0.382031 0.734722
0 0.361719 0.602778 0.489063 0.661111 0.482812 0.704167 0.355469 0.645833
1 0.302344 0.6 0.261719 0.604167 0.253125 0.355556 0.29375 0.351389
2 0.419531 0.588889 0.472656 0.623611 0.464062 0.663889 0.411719 0.629167
2 0.475 0.554167 0.5125 0.6375 0.49375 0.663889 0.457031 0.580556
0 0.548438 0.618056 0.526563 0.626389 0.502344 0.409722 0.524219 0.402778
0 0.511719 0.598611 0.486719 0.6125 0.454688 0.429167 0.479687 0.415278
0 0.389062 0.443056 0.371094 0.466667 0.302344 0.304167 0.321094 0.279167
0 0.435156 0.519444 0.417187 0.544444 0.346094 0.380556 0.364063 0.355556
0 0.457813 0.508333 0.439844 0.536111 0.3625 0.380556 0.38125 0.351389
3 0.455469 0.458333 0.435156 0.488889 0.403906 0.422222 0.424219 0.391667
0 0.609375 0.223611 0.625 0.243056 0.564063 0.401389 0.548438 0.381944
0 0.592969 0.230556 0.611719 0.255556 0.553906 0.3875 0.535937 0.3625
2 0.610156 0.297222 0.627344 0.320833 0.596875 0.388889 0.580469 0.365278
2 0.515625 0.259722 0.532031 0.286111 0.5 0.352778 0.483594 0.327778
0 0.45625 0.316667 0.438281 0.338889 0.378125 0.183333 0.396094 0.161111
0 0.409375 0.356944 0.389062 0.384722 0.326562 0.240278 0.346875 0.213889
0 0.436719 0.327778 0.421094 0.354167 0.353906 0.227778 0.36875 0.201389
0 0.650781 0.233333 0.554688 0.268056 0.55 0.229167 0.646094 0.194444
3 0.567969 0.168056 0.617188 0.176389 0.615625 0.213889 0.565625 0.205556
