0 0.427344 0.470833 0.439063 0.493056 0.388281 0.579167 0.376563 0.558333
1 0.452344 0.655556 0.367969 0.6875 0.363281 0.651389 0.448437 0.619444
2 0.445312 0.705556 0.459375 0.715278 0.446875 0.768056 0.432812 0.758333
0 0.433594 0.706944 0.447656 0.719444 0.416406 0.836111 0.402344 0.825
0 0.4625 0.791667 0.39375 0.830556 0.389062 0.806944 0.458594 0.768056
2 0.4625 0.797222 0.478125 0.808333 0.466406 0.856944 0.450781 0.845833
2 0.428125 0.843056 0.445312 0.847222 0.441406 0.911111 0.424219 0.908333
3 0.421094 0.863889 0.450781 0.873611 0.447656 0.901389 0.417969 0.890278
2 0.369531 0.884722 0.384375 0.893056 0.373437 0.952778 0.359375 0.944444
3 0.58125 0.747222 0.566406 0.756944 0.553906 0.702778 0.567969 0.691667
2 0.597656 0.758333 0.584375 0.768056 0.567969 0.698611 0.58125 0.688889
2 0.549219 0.644444 0.582812 0.669444 0.575781 0.7 0.542188 0.673611
0 0.619531 0.781944 0.605469 0.7875 0.5875 0.641667 0.601562 0.636111
3 0.703125 0.659722 0.6875 0.666667 0.676562 0.6 0.692187 0.591667
3 0.660937 0.723611 0.696875 0.745833 0.691406 0.775 0.655469 0.752778
3 0.673438 0.579167 0.658594 0.590278 0.642969 0.526389 0.658594 0.515278
0 0.660937 0.490278 0.64375 0.490278 0.642969 0.345833 0.660156 0.344444
1 0.688281 0.126389 0.705469 0.170833 0.611719 0.286111 0.594531 0.240278
3 0.803125 0.319444 0.820312 0.334722 0.800781 0.395833 0.784375 0.380556
2 0.867188 0.4 0.848437 0.405556 0.842187 0.320833 0.860938 0.316667
2 0.770312 0.773611 0.750781 0.784722 0.738281 0.705556 0.758594 0.695833
3 0.7875 0.765278 0.770312 0.777778 0.753906 0.709722 0.771875 0.697222
2 0.804688 0.751389 0.786719 0.769444 0.764062 0.697222 0.782031 0.679167
2 0.803125 0.8625 0.783594 0.863889 0.78125 0.780556 0.800781 0.779167
2 0.815625 0.840278 0.797656 0.847222 0.788281 0.766667 0.807031 0.759722
2 0.835156 0.826389 0.819531 0.841667 0.796094 0.765278 0.8125 0.75
0 0.830469 0.820833 0.850781 0.836111 0.811719 0.998611 0.791406 0.984722
0 0.951562 0.9125 0.844531 0.922222 0.84375 0.883333 0.950781 0.873611
2 0.910937 0.593056 0.95625 0.644444 0.94375 0.677778 0.898438 0.625
2 0.985938 0.670833 0.932813 0.701389 0.927344 0.666667 0.980469 0.6375
