1 0.41875 0.356944 0.374219 0.363889 0.358594 0.025 0.403906 0.0194444
0 0.578906 0.3 0.549219 0.329167 0.475 0.0888889 0.504687 0.0597222
0 0.513281 0.0736111 0.596875 0.304167 0.574219 0.330556 0.490625 0.1
3 0.56875 0.144444 0.602344 0.236111 0.576562 0.265278 0.54375 0.173611
0 0.649219 0.429167 0.622656 0.436111 0.603125 0.191667 0.629687 0.184722
0 0.688281 0.455556 0.6625 0.456944 0.65625 0.1875 0.682031 0.184722
0 0.485156 0.383333 0.63125 0.493056 0.621094 0.536111 0.475 0.426389
2 0.611719 0.3625 0.653125 0.4625 0.632812 0.488889 0.591406 0.390278
2 0.551562 0.379167 0.610156 0.4375 0.596094 0.483333 0.5375 0.426389
0 0.600781 0.777778 0.574219 0.809722 0.485156 0.577778 0.511719 0.545833
2 0.654687 0.711111 0.597656 0.780556 0.580469 0.734722 0.636719 0.666667
3 0.6375 0.6375 0.611719 0.651389 0.592187 0.541667 0.617969 0.526389
3 0.669531 0.559722 0.689063 0.597222 0.651563 0.6625 0.63125 0.625
2 0.684375 0.441667 0.707812 0.4625 0.675781 0.573611 0.653125 0.552778
3 0.707812 0.452778 0.729688 0.479167 0.7 0.556944 0.678125 0.530556
1 0.702344 0.525 0.738281 0.559722 0.653906 0.833333 0.617969 0.798611
0 0.735156 0.431944 0.764062 0.440278 0.739844 0.704167 0.710938 0.695833
0 0.761719 0.429167 0.786719 0.433333 0.773438 0.679167 0.747656 0.675
0 0.789844 0.419444 0.820312 0.427778 0.797656 0.663889 0.767188 0.654167
0 0.746875 0.677778 0.775 0.705556 0.710156 0.916667 0.68125 0.888889
1 0.824219 0.3 0.864844 0.313889 0.829688 0.620833 0.789062 0.605556
1 0.872656 0.186111 0.913281 0.202778 0.876563 0.493056 0.835938 0.476389
2 0.772656 0.448611 0.708594 0.459722 0.705469 0.405556 0.769531 0.394444
0 0.800781 0.181944 0.819531 0.205556 0.739062 0.405556 0.720313 0.381944
3 0.80625 0.247222 0.825781 0.281944 0.789062 0.344444 0.770312 0.309722
2 0.920312 0.108333 0.988281 0.131944 0.982031 0.184722 0.914062 0.161111
2 0.788281 0.0652778 0.811719 0.1 0.76875 0.190278 0.746094 0.155556
2 0.675 0.00138889 0.698438 0.0444444 0.661719 0.108333 0.638281 0.0652778
0 0.754687 0.00277778 0.776563 0.0361111 0.715625 0.165278 0.69375 0.131944
