2 0.710156 0.213889 0.807031 0.266667 0.795312 0.333333 0.698438 0.280556
2 0.640625 0.206944 0.719531 0.283333 0.704688 0.330556 0.625781 0.254167
0 0.759375 0.322222 0.629687 0.398611 0.621094 0.352778 0.751563 0.276389
0 0.692187 0.333333 0.58125 0.377778 0.576562 0.340278 0.6875 0.295833
0 0.677344 0.475 0.657813 0.501389 0.603125 0.373611 0.622656 0.347222
3 0.732031 0.379167 0.684375 0.423611 0.670312 0.376389 0.717969 0.331944
2 0.610938 0.223611 0.639062 0.244444 0.617188 0.3375 0.588281 0.315278
2 0.551562 0.305556 0.604688 0.305556 0.604688 0.347222 0.551562 0.347222
3 0.527344 0.248611 0.563281 0.248611 0.563281 0.3125 0.527344 0.3125
2 0.485156 0.140278 0.504687 0.175 0.470313 0.234722 0.451562 0.198611
1 0.571094 0.4 0.530469 0.425 0.491406 0.2125 0.532031 0.188889
2 0.766406 0.563889 0.725781 0.602778 0.715625 0.568056 0.75625 0.529167
3 0.961719 0.715278 0.998437 0.715278 0.998437 0.766667 0.961719 0.766667
2 0.646875 0.558333 0.63125 0.576389 0.607812 0.513889 0.622656 0.495833
0 0.854688 0.719444 0.8375 0.726389 0.828125 0.654167 0.844531 0.647222
2 0.469531 0.526389 0.5 0.555556 0.492969 0.577778 0.4625 0.548611
2 0.471875 0.486111 0.504687 0.518056 0.497656 0.541667 0.464844 0.508333
2 0.464844 0.495833 0.492188 0.529167 0.485938 0.544444 0.459375 0.511111
2 0.450781 0.479167 0.422656 0.495833 0.41875 0.473611 0.446875 0.456944
3 0.430469 0.430556 0.445312 0.445833 0.4375 0.470833 0.422656 0.455556
3 0.386719 0.384722 0.374219 0.409722 0.359375 0.383333 0.371875 0.359722
2 0.250781 0.223611 0.238281 0.252778 0.204687 0.205556 0.217188 0.176389
0 0.242188 0.273611 0.225 0.291667 0.1875 0.169444 0.204687 0.152778
0 0.180469 0.177778 0.229687 0.268056 0.217188 0.288889 0.167969 0.198611
3 0.367188 0.391667 0.400781 0.416667 0.392969 0.448611 0.359375 0.423611
1 0.135937 0.195833 0.109375 0.222222 0.059375 0.0583333 0.0851563 0.0319444
2 0.619531 0.673611 0.644531 0.683333 0.642188 0.7 0.617969 0.690278
0 0.636719 0.659722 0.664062 0.701389 0.657031 0.716667 0.628906 0.675
