2 0.451562 0.177778 0.403906 0.194444 0.385156 0.0263889 0.432812 0.00972222
3 0.508594 0.161111 0.454688 0.190278 0.427344 0.0347222 0.48125 0.00416667
2 0.553906 0.120833 0.504687 0.158333 0.475781 0.0361111 0.525 0
2 0.482031 0.209722 0.528906 0.209722 0.528906 0.441667 0.482031 0.441667
2 0.567969 0.373611 0.523438 0.384722 0.505469 0.161111 0.55 0.15
2 0.619531 0.340278 0.573438 0.365278 0.535156 0.145833 0.58125 0.120833
3 0.129688 0.00416667 0.236719 0.0847222 0.215625 0.175 0.108594 0.0944444
0 0.599219 0.315278 0.646094 0.356944 0.522656 0.801389 0.475781 0.759722
0 0.884375 0.530556 0.625781 0.568056 0.621875 0.477778 0.880469 0.440278
2 0.396094 0.722222 0.4375 0.7625 0.377344 0.956944 0.335938 0.916667
