2 0.166406 0.00555556 0.205469 0.0444444 0.197656 0.0680556 0.158594 0.0305556
2 0.25 0.169444 0.286719 0.190278 0.282031 0.216667 0.245312 0.195833
0 0.375 0.290278 0.363281 0.309722 0.3125 0.211111 0.324219 0.191667
0 0.264844 0.206944 0.344531 0.25 0.339062 0.277778 0.260156 0.234722
3 0.26875 0.273611 0.253125 0.279167 0.246875 0.223611 0.2625 0.218056
0 0.41875 0.0625 0.407031 0.0777778 0.382031 0.0194444 0.39375 0.00416667
0 0.265625 0.279167 0.350781 0.294444 0.349219 0.320833 0.264844 0.306944
0 0.271094 0.308333 0.353125 0.318056 0.351562 0.347222 0.269531 0.336111
1 0.273438 0.331944 0.179688 0.401389 0.169531 0.358333 0.2625 0.288889
3 0.192188 0.397222 0.221875 0.433333 0.2125 0.456944 0.182812 0.420833
2 0.0242188 0.555556 0.00546875 0.559722 0.0015625 0.486111 0.0203125 0.481944
2 0.104688 0.440278 0.122656 0.454167 0.107031 0.516667 0.0898438 0.504167
2 0.103906 0.390278 0.0671875 0.426389 0.0578125 0.395833 0.0945312 0.359722
2 0.273438 0.425 0.310937 0.444444 0.305469 0.473611 0.26875 0.452778
2 0.35 0.469444 0.365625 0.484722 0.348438 0.540278 0.332813 0.526389
2 0.314844 0.558333 0.33125 0.558333 0.33125 0.623611 0.314844 0.623611
2 0.285938 0.611111 0.3 0.6375 0.272656 0.683333 0.258594 0.658333
3 0.2125 0.670833 0.182812 0.705556 0.174219 0.683333 0.203906 0.647222
2 0.239063 0.716667 0.203125 0.740278 0.198437 0.719444 0.235156 0.694444
2 0.226562 0.788889 0.210938 0.797222 0.200781 0.738889 0.216406 0.730556
2 0.173437 0.7875 0.209375 0.802778 0.205469 0.833333 0.16875 0.816667
2 0.0382813 0.811111 0.0195312 0.830556 0.00078125 0.769444 0.0195312 0.75
0 0.227344 0.802778 0.238281 0.818056 0.194531 0.915278 0.183594 0.9
2 0.160156 0.938889 0.198437 0.938889 0.198437 0.970833 0.160156 0.970833
3 0.333594 0.927778 0.309375 0.956944 0.3 0.933333 0.325 0.904167
3 0.385156 0.918056 0.35625 0.954167 0.348438 0.931944 0.377344 0.897222
2 0.366406 0.825 0.353125 0.838889 0.336719 0.783333 0.35 0.770833
3 0.382031 0.813889 0.391406 0.833333 0.372656 0.861111 0.363281 0.841667
2 0.39375 0.815278 0.416406 0.856944 0.40625 0.875 0.383594 0.833333
0 0.376563 0.7875 0.44375 0.838889 0.438281 0.859722 0.371094 0.809722
2 0.399219 0.7375 0.410938 0.755556 0.3875 0.805556 0.375 0.7875
2 0.411719 0.709722 0.440625 0.744444 0.432812 0.7625 0.404687 0.729167
2 0.453906 0.751389 0.438281 0.765278 0.424219 0.7125 0.440625 0.698611
2 0.430469 0.679167 0.457031 0.711111 0.449219 0.730556 0.422656 0.698611
2 0.476562 0.665278 0.5 0.708333 0.489063 0.726389 0.465625 0.684722
2 0.482031 0.652778 0.507031 0.688889 0.498437 0.706944 0.474219 0.669444
2 0.491406 0.638889 0.514844 0.673611 0.507031 0.690278 0.483594 0.654167
0 0.509375 0.551389 0.541406 0.663889 0.528906 0.675 0.496875 0.5625
1 0.590625 0.927778 0.571875 0.927778 0.56875 0.775 0.5875 0.773611
3 0.585938 0.85 0.599219 0.85 0.599219 0.895833 0.585938 0.895833
3 0.572656 0.706944 0.6 0.706944 0.6 0.730556 0.572656 0.730556
2 0.573438 0.726389 0.603125 0.736111 0.600781 0.758333 0.571094 0.747222
3 0.522656 0.526389 0.502344 0.563889 0.492969 0.547222 0.513281 0.509722
2 0.535156 0.454167 0.546094 0.465278 0.530469 0.513889 0.519531 0.504167
3 0.55 0.429167 0.5625 0.438889 0.550781 0.4875 0.538281 0.477778
0 0.614062 0.352778 0.625 0.365278 0.590625 0.452778 0.580469 0.440278
