2 0.170313 0.161111 0.0773438 0.230556 0.0609375 0.159722 0.153906 0.0902778
2 0 0.119444 0.0515625 0.119444 0.0515625 0.281944 0 0.281944
2 0.00390625 0.345833 0.0585938 0.345833 0.0585938 0.429167 0.00390625 0.429167
2 0.00078125 0.418056 0.123438 0.418056 0.123438 0.493056 0.00078125 0.493056
3 0.0015625 0.483333 0.0960938 0.483333 0.0960938 0.573611 0.0015625 0.573611
3 0.0046875 0.847222 0.0773438 0.847222 0.0773438 0.991667 0.0046875 0.991667
2 0.310156 0.7 0.355469 0.733333 0.304688 0.947222 0.259375 0.913889
2 0.336719 0.431944 0.449219 0.472222 0.440625 0.548611 0.328125 0.508333
0 0.546094 0.854167 0.501563 0.879167 0.435937 0.502778 0.480469 0.479167
2 0.835156 0.301389 0.921094 0.365278 0.90625 0.426389 0.821094 0.3625
2 0.975781 0.784722 0.889062 0.8 0.885156 0.738889 0.972656 0.722222
0 0.950781 0.372222 0.995313 0.372222 0.995313 0.55 0.950781 0.55
