1 0.242969 0.352778 0.3375 0.352778 0.3375 0.398611 0.242969 0.398611
0 0.385937 0.386111 0.402344 0.391667 0.386719 0.529167 0.370312 0.522222
0 0.414062 0.363889 0.427344 0.377778 0.389062 0.490278 0.375781 0.476389
1 0.305469 0.795833 0.197656 0.85 0.191406 0.809722 0.299219 0.754167
2 0.322656 0.772222 0.339844 0.772222 0.339844 0.826389 0.322656 0.826389
0 0.335156 0.676389 0.399219 0.755556 0.389062 0.781944 0.324219 0.704167
2 0.396094 0.134722 0.433594 0.1625 0.426563 0.190278 0.389844 0.1625
3 0.486719 0.134722 0.452344 0.147222 0.449219 0.115278 0.483594 0.102778
3 0.495312 0.1625 0.461719 0.168056 0.460156 0.138889 0.49375 0.131944
0 0.522656 0.198611 0.509375 0.206944 0.484375 0.0736111 0.497656 0.0652778
2 0.525781 0.152778 0.511719 0.1625 0.496875 0.0986111 0.510938 0.0888889
0 0.528906 0.276389 0.516406 0.281944 0.492188 0.140278 0.504687 0.133333
3 0.49375 0.211111 0.509375 0.219444 0.499219 0.276389 0.483594 0.268056
3 0.539844 0.330556 0.555469 0.330556 0.555469 0.390278 0.539844 0.390278
2 0.5375 0.404167 0.525781 0.413889 0.511719 0.358333 0.523438 0.348611
1 0.564844 0.444444 0.64375 0.497222 0.6375 0.527778 0.557813 0.473611
2 0.576562 0.480556 0.607031 0.504167 0.602344 0.522222 0.571875 0.5
0 0.692187 0.534722 0.625781 0.545833 0.625 0.526389 0.690625 0.515278
2 0.550781 0.534722 0.539062 0.538889 0.532813 0.483333 0.544531 0.479167
2 0.614062 0.598611 0.601562 0.608333 0.589844 0.556944 0.601562 0.548611
2 0.570312 0.484722 0.579688 0.501389 0.557031 0.541667 0.547656 0.523611
2 0.583594 0.515278 0.594531 0.516667 0.591406 0.572222 0.580469 0.570833
2 0.582031 0.504167 0.591406 0.508333 0.582031 0.561111 0.573438 0.555556
2 0.575 0.495833 0.585938 0.506944 0.571094 0.555556 0.560156 0.544444
2 0.578125 0.608333 0.564844 0.6125 0.559375 0.559722 0.572656 0.554167
2 0.567969 0.6 0.535156 0.6125 0.532813 0.588889 0.564844 0.576389
3 0.498437 0.609722 0.510156 0.618056 0.499219 0.663889 0.488281 0.654167
2 0.569531 0.654167 0.5375 0.665278 0.535156 0.640278 0.567187 0.629167
2 0.596875 0.6875 0.585938 0.691667 0.579688 0.640278 0.591406 0.636111
2 0.607812 0.661111 0.617188 0.676389 0.59375 0.716667 0.585156 0.7
2 0.603125 0.691667 0.6125 0.705556 0.59375 0.744444 0.584375 0.730556
3 0.535937 0.808333 0.5625 0.808333 0.5625 0.831944 0.535937 0.831944
3 0.51875 0.826389 0.538281 0.85 0.530469 0.869444 0.510938 0.845833
0 0.579688 0.658333 0.5125 0.702778 0.507812 0.679167 0.575 0.633333
2 0.486719 0.666667 0.498437 0.675 0.485938 0.725 0.474219 0.715278
3 0.472656 0.695833 0.482812 0.705556 0.467969 0.752778 0.458594 0.741667
2 0.461719 0.747222 0.471094 0.763889 0.448437 0.801389 0.439844 0.784722
3 0.422656 0.623611 0.454688 0.636111 0.451562 0.661111 0.420312 0.648611
0 0.453906 0.818056 0.39375 0.858333 0.389062 0.8375 0.45 0.797222
3 0.434375 0.823611 0.448437 0.823611 0.448437 0.870833 0.434375 0.870833
2 0.385937 0.848611 0.417187 0.848611 0.417187 0.873611 0.385937 0.873611
2 0.477344 0.945833 0.448437 0.961111 0.444531 0.938889 0.473438 0.922222
3 0.560937 0.675 0.583594 0.675 0.583594 0.701389 0.560937 0.701389
