0 0.294531 0.0930556 0.403906 0.1125 0.402344 0.147222 0.292187 0.127778
0 0.291406 0 0.396875 0.0569444 0.392188 0.0833333 0.286719 0.025
3 0.296094 0.0763889 0.278906 0.0819444 0.271094 0.0111111 0.2875 0.00555556
1 0.302344 0.147222 0.182812 0.2375 0.171094 0.186111 0.290625 0.0958333
3 0.201563 0.241667 0.239844 0.288889 0.227344 0.319444 0.189062 0.273611
2 0.304688 0.276389 0.352344 0.302778 0.346094 0.3375 0.298438 0.311111
2 0.407031 0.343056 0.425 0.361111 0.403125 0.430556 0.385156 0.4125
2 0.360156 0.463889 0.378125 0.463889 0.378125 0.5375 0.360156 0.5375
2 0.328125 0.522222 0.341406 0.547222 0.307031 0.606944 0.29375 0.581944
2 0.0890625 0.293056 0.110937 0.309722 0.0914062 0.393056 0.0695313 0.376389
2 0.0726563 0.180556 0.0851563 0.213889 0.0375 0.268056 0.0257812 0.234722
3 0.23125 0.6 0.195312 0.634722 0.183594 0.597222 0.219531 0.5625
2 0.267969 0.648611 0.217188 0.676389 0.211719 0.647222 0.263281 0.619444
2 0.249219 0.738889 0.228125 0.75 0.215625 0.677778 0.236719 0.665278
2 0.179688 0.733333 0.227344 0.755556 0.221875 0.790278 0.174219 0.768056
0 0.25 0.754167 0.264062 0.773611 0.210156 0.897222 0.196094 0.876389
2 0.169531 0.920833 0.217969 0.920833 0.217969 0.954167 0.169531 0.954167
3 0.382812 0.908333 0.349219 0.948611 0.339062 0.922222 0.372656 0.880556
3 0.442969 0.905556 0.408594 0.940278 0.400781 0.913889 0.435156 0.880556
2 0.419531 0.794444 0.403906 0.805556 0.388281 0.7375 0.403906 0.725
3 0.457031 0.804167 0.432031 0.841667 0.417187 0.811111 0.442188 0.772222
2 0.457031 0.780556 0.484375 0.830556 0.473438 0.848611 0.446094 0.798611
2 0.463281 0.686111 0.477344 0.711111 0.446094 0.763889 0.432812 0.738889
0 0.432812 0.748611 0.515625 0.809722 0.509375 0.836111 0.426563 0.773611
2 0.480469 0.654167 0.511719 0.691667 0.502344 0.716667 0.471094 0.677778
2 0.528125 0.704167 0.514062 0.716667 0.496094 0.656944 0.509375 0.644444
2 0.502344 0.613889 0.534375 0.654167 0.523438 0.681944 0.491406 0.641667
2 0.560156 0.601389 0.589844 0.656944 0.577344 0.679167 0.547656 0.623611
2 0.572656 0.5875 0.600781 0.630556 0.5875 0.656944 0.559375 0.615278
2 0.584375 0.561111 0.613281 0.611111 0.599219 0.636111 0.570312 0.586111
0 0.64375 0.604167 0.624219 0.619444 0.589844 0.473611 0.609375 0.459722
3 0.610938 0.405556 0.622656 0.427778 0.59375 0.476389 0.582031 0.455556
3 0.682813 0.651389 0.717969 0.658333 0.715625 0.695833 0.680469 0.688889
2 0.679688 0.679167 0.71875 0.694444 0.715625 0.722222 0.676562 0.706944
1 0.674219 0.738889 0.699219 0.738889 0.699219 0.929167 0.674219 0.929167
3 0.692187 0.831944 0.710156 0.831944 0.710156 0.893056 0.692187 0.893056
2 0.640625 0.331944 0.655469 0.345833 0.635156 0.4125 0.620313 0.397222
3 0.660937 0.297222 0.678125 0.311111 0.6625 0.376389 0.645312 0.3625
0 0.75 0.195833 0.767969 0.220833 0.71875 0.333333 0.700781 0.308333
0 0.298438 0.125 0.408594 0.144444 0.40625 0.183333 0.296094 0.1625
