2 0.4 0.833333 0.424219 0.877778 0.360156 0.988889 0.335938 0.944444
1 0.428906 0.677778 0.480469 0.693056 0.449219 0.997222 0.397656 0.980556
3 0.778906 0.716667 0.803125 0.716667 0.803125 0.783333 0.778906 0.783333
3 0.730469 0.786111 0.694531 0.831944 0.680469 0.798611 0.716406 0.751389
2 0.634375 0.833333 0.653125 0.847222 0.628125 0.952778 0.609375 0.9375
2 0.680469 0.875 0.6375 0.938889 0.621875 0.904167 0.664062 0.840278
2 0.659375 0.773611 0.684375 0.784722 0.671875 0.865278 0.646875 0.852778
2 0.685156 0.75 0.689844 0.859722 0.66875 0.8625 0.664844 0.751389
2 0.758594 0.902778 0.773438 0.919444 0.744531 0.994444 0.730469 0.976389
0 0.792188 0.776389 0.841406 0.794444 0.8375 0.825 0.788281 0.806944
2 0.792969 0.794444 0.822656 0.816667 0.815625 0.845833 0.785937 0.823611
2 0.792188 0.818056 0.816406 0.854167 0.805469 0.877778 0.78125 0.840278
0 0.842969 0.759722 0.858594 0.768056 0.839844 0.873611 0.825 0.865278
2 0.85 0.8 0.860156 0.808333 0.842969 0.876389 0.833594 0.869444
0 0.880469 0.786111 0.891406 0.802778 0.844531 0.901389 0.833594 0.886111
3 0.81875 0.865278 0.842187 0.873611 0.833594 0.95 0.810156 0.941667
0 0.769531 0.911111 0.811719 0.952778 0.802344 0.983333 0.760156 0.941667
0 0.779687 0.8625 0.799219 0.927778 0.78125 0.943056 0.7625 0.877778
