2 0.192188 0.0430556 0.157812 0.0541667 0.154688 0.025 0.188281 0.0125
0 0.279687 0.0736111 0.294531 0.0763889 0.286719 0.216667 0.271875 0.213889
0 0.292969 0.0861111 0.355469 0.180556 0.346094 0.198611 0.283594 0.105556
0 0.439063 0.159722 0.446094 0.183333 0.385937 0.236111 0.379688 0.2125
0 0.463281 0.186111 0.397656 0.248611 0.390625 0.225 0.45625 0.1625
2 0.428906 0.205556 0.4375 0.229167 0.407813 0.261111 0.4 0.238889
2 0.425 0.247222 0.438281 0.256944 0.426563 0.306944 0.413281 0.295833
2 0.369531 0.263889 0.335156 0.277778 0.332813 0.254167 0.367188 0.241667
3 0.367188 0.290278 0.342969 0.315278 0.334375 0.2875 0.358594 0.2625
3 0.39375 0.309722 0.408594 0.315278 0.402344 0.366667 0.388281 0.3625
2 0.458594 0.391667 0.428906 0.402778 0.425781 0.377778 0.45625 0.366667
2 0.45 0.458333 0.463281 0.463889 0.45625 0.522222 0.442969 0.518056
2 0.514844 0.2875 0.55 0.2875 0.55 0.313889 0.514844 0.313889
2 0.457813 0.243056 0.46875 0.256944 0.451562 0.301389 0.440625 0.2875
2 0.547656 0.243056 0.534375 0.254167 0.521094 0.195833 0.534375 0.186111
3 0.495312 0.169444 0.524219 0.191667 0.51875 0.213889 0.489844 0.193056
3 0.511719 0.144444 0.540625 0.172222 0.532813 0.195833 0.504687 0.169444
3 0.511719 0.111111 0.539844 0.144444 0.530469 0.168056 0.502344 0.134722
2 0.498437 0.0694444 0.530469 0.1 0.522656 0.125 0.490625 0.0944444
0 0.492969 0.122222 0.503906 0.133333 0.471094 0.238889 0.460938 0.227778
1 0.1125 0.788889 0.129688 0.794444 0.120313 0.879167 0.102344 0.872222
3 0.157812 0.8 0.179688 0.816667 0.174219 0.838889 0.152344 0.823611
0 0.114062 0.748611 0.1625 0.784722 0.157812 0.804167 0.109375 0.766667
1 0.248438 0.813889 0.232031 0.830556 0.192969 0.702778 0.209375 0.686111
1 0.253906 0.679167 0.269531 0.705556 0.214062 0.813889 0.197656 0.7875
3 0.255469 0.798611 0.278125 0.820833 0.272656 0.8375 0.25 0.816667
2 0.267188 0.797222 0.275781 0.809722 0.257031 0.847222 0.249219 0.834722
2 0.252344 0.7625 0.28125 0.784722 0.277344 0.802778 0.247656 0.781944
3 0.274219 0.777778 0.2625 0.786111 0.251563 0.740278 0.264062 0.731944
2 0.253125 0.794444 0.244531 0.798611 0.239844 0.769444 0.248438 0.763889
0 0.246094 0.745833 0.235937 0.761111 0.196094 0.677778 0.20625 0.6625
3 0.153906 0.693056 0.166406 0.702778 0.157812 0.7375 0.145313 0.727778
2 0.134375 0.694444 0.144531 0.704167 0.132031 0.744444 0.121875 0.734722
2 0.128125 0.691667 0.1375 0.705556 0.11875 0.744444 0.110156 0.730556
3 0.101562 0.713889 0.114062 0.713889 0.114062 0.758333 0.101562 0.758333
2 0.113281 0.608333 0.124219 0.622222 0.109375 0.661111 0.0984375 0.645833
0 0.115625 0.641667 0.176563 0.6875 0.171875 0.704167 0.111719 0.659722
0 0.142187 0.643056 0.198437 0.697222 0.192969 0.715278 0.136719 0.661111
0 0.192188 0.670833 0.182812 0.6875 0.138281 0.606944 0.147656 0.590278
2 0.141406 0.613889 0.167969 0.640278 0.161719 0.659722 0.135156 0.633333
