0 0.589844 0.716667 0.569531 0.738889 0.484375 0.506944 0.503906 0.483333
0 0.611719 0.588889 0.5875 0.618056 0.5125 0.418056 0.536719 0.388889
0 0.649219 0.554167 0.630469 0.583333 0.538281 0.395833 0.557031 0.366667
0 0.675 0.530556 0.650781 0.558333 0.570312 0.334722 0.594531 0.306944
2 0.758594 0.459722 0.786719 0.501389 0.74375 0.591667 0.716406 0.548611
3 0.678125 0.744444 0.652344 0.781944 0.611719 0.695833 0.6375 0.656944
0 0.65625 0.819444 0.63125 0.85 0.542969 0.622222 0.567969 0.591667
0 0.68125 0.823611 0.657031 0.856944 0.557031 0.623611 0.58125 0.590278
0 0.796094 0.970833 0.764844 0.979167 0.741406 0.681944 0.772656 0.673611
0 0.746094 0.952778 0.720313 0.965278 0.684375 0.701389 0.710156 0.690278
2 0.672656 0.95 0.658594 0.998611 0.624219 0.966667 0.638281 0.919444
2 0.739062 0.966667 0.714063 0.998611 0.680469 0.913889 0.705469 0.881944
1 0.494531 0.915278 0.447656 0.923611 0.428906 0.5875 0.475781 0.579167
2 0.896094 0.944444 0.826562 0.981944 0.817187 0.926389 0.886719 0.8875
1 0.953906 0.780556 0.999219 0.7875 0.9875 0.995833 0.942187 0.988889
3 0.925781 0.711111 0.95 0.747222 0.907813 0.836111 0.884375 0.8
0 0.917188 0.641667 0.94375 0.673611 0.852344 0.915278 0.825781 0.884722
2 0.894531 0.508333 0.917969 0.544444 0.869531 0.645833 0.846094 0.611111
0 0.891406 0.4 0.917188 0.430556 0.83125 0.6625 0.80625 0.631944
0 0.864062 0.401389 0.889844 0.431944 0.811719 0.634722 0.786719 0.602778
0 0.957812 0.394444 0.813281 0.445833 0.807813 0.393056 0.952344 0.341667
3 0.835938 0.294444 0.903125 0.318056 0.896094 0.376389 0.829688 0.352778
