1 0.871875 0.122222 0.908594 0.122222 0.908594 0.404167 0.871875 0.404167
2 0.857812 0.348611 0.878125 0.361111 0.861719 0.45 0.841406 0.4375
0 0.857031 0.238889 0.878125 0.248611 0.842187 0.461111 0.821875 0.45
3 0.825 0.334722 0.845313 0.345833 0.830469 0.426389 0.810937 0.416667
0 0.842187 0.208333 0.863281 0.227778 0.802344 0.425 0.78125 0.405556
2 0.882031 0.188889 0.830469 0.252778 0.817969 0.220833 0.869531 0.156944
0 0.852344 0.131944 0.866406 0.166667 0.759375 0.308333 0.745313 0.275
2 0.652344 0.222222 0.610156 0.268056 0.600781 0.240278 0.642188 0.193056
2 0.891406 0.573611 0.841406 0.620833 0.830469 0.584722 0.879687 0.5375
3 0.95625 0.641667 0.905469 0.655556 0.902344 0.6125 0.953125 0.6
3 0.61875 0.520833 0.653125 0.5625 0.641406 0.591667 0.607031 0.55
2 0.513281 0.713889 0.498437 0.727778 0.479687 0.666667 0.494531 0.652778
2 0.482812 0.731944 0.446094 0.744444 0.442969 0.7125 0.479687 0.7
2 0.578906 0.641667 0.596875 0.6625 0.573438 0.723611 0.55625 0.701389
2 0.603125 0.756944 0.584375 0.7625 0.578906 0.691667 0.596875 0.686111
2 0.617188 0.752778 0.599219 0.758333 0.592969 0.683333 0.610938 0.677778
2 0.720313 0.658333 0.686719 0.688889 0.678906 0.659722 0.7125 0.629167
0 0.760938 0.702778 0.660156 0.758333 0.654687 0.726389 0.75625 0.670833
0 0.763281 0.690278 0.773438 0.725 0.694531 0.8 0.684375 0.765278
3 0.667969 0.791667 0.635938 0.809722 0.628906 0.768056 0.660937 0.75
3 0.809375 0.786111 0.7875 0.797222 0.775 0.726389 0.796875 0.713889
0 0.74375 0.743056 0.758594 0.763889 0.702344 0.883333 0.688281 0.861111
2 0.732031 0.801389 0.746094 0.818056 0.720313 0.883333 0.707031 0.865278
0 0.5875 0.827778 0.688281 0.858333 0.685156 0.884722 0.584375 0.854167
0 0.638281 0.990278 0.619531 0.995833 0.604688 0.861111 0.622656 0.854167
0 0.664062 0.905556 0.680469 0.920833 0.657031 0.998611 0.640625 0.983333
2 0.477344 0.891667 0.451562 0.938889 0.439844 0.916667 0.465625 0.869444
2 0.764062 0.941667 0.810937 0.941667 0.810937 0.977778 0.764062 0.977778
3 0.86875 0.905556 0.889844 0.926389 0.86875 0.993056 0.847656 0.973611
2 0.88125 0.876389 0.935937 0.886111 0.933594 0.922222 0.879687 0.9125
