1 0.0984375 0.4125 0.0375 0.497222 0.0171875 0.451389 0.0773438 0.366667
0 0.176563 0.520833 0.160938 0.529167 0.132812 0.366667 0.148438 0.358333
0 0.158594 0.316667 0.178125 0.325 0.154688 0.484722 0.135937 0.476389
2 0.0851563 0.0875 0.132031 0.0875 0.132031 0.123611 0.0851563 0.123611
3 0.178125 0.0277778 0.160156 0.0597222 0.144531 0.0333333 0.163281 0
3 0.203125 0.0666667 0.228125 0.0666667 0.228125 0.134722 0.203125 0.134722
2 0.283594 0.181944 0.322656 0.240278 0.308594 0.268056 0.269531 0.209722
3 0.333594 0.191667 0.315625 0.213889 0.294531 0.158333 0.3125 0.136111
2 0.353906 0.338889 0.338281 0.366667 0.309375 0.316667 0.325 0.288889
2 0.392969 0.386111 0.378906 0.406944 0.348438 0.341667 0.3625 0.320833
2 0.403125 0.304167 0.421094 0.318056 0.403906 0.391667 0.385156 0.377778
2 0.4125 0.308333 0.43125 0.3125 0.426563 0.394444 0.407813 0.391667
2 0.447656 0.390278 0.428125 0.394444 0.424219 0.316667 0.44375 0.313889
2 0.466406 0.4 0.449219 0.409722 0.435937 0.331944 0.453125 0.322222
2 0.467187 0.354167 0.505469 0.4 0.492969 0.430556 0.455469 0.384722
2 0.405469 0.290278 0.453906 0.290278 0.453906 0.320833 0.405469 0.320833
1 0.503125 0.284722 0.375 0.308333 0.372656 0.254167 0.5 0.231944
0 0.358594 0.377778 0.374219 0.390278 0.338281 0.543056 0.321875 0.530556
2 0.461719 0.448611 0.445312 0.476389 0.413281 0.419444 0.429688 0.390278
2 0.430469 0.430556 0.442188 0.458333 0.407813 0.506944 0.396094 0.479167
3 0.357812 0.536111 0.376563 0.536111 0.376563 0.6 0.357812 0.6
2 0.386719 0.691667 0.367969 0.693056 0.367188 0.620833 0.385937 0.619444
3 0.35625 0.666667 0.375 0.670833 0.371094 0.740278 0.352344 0.736111
2 0.364844 0.740278 0.382031 0.748611 0.369531 0.822222 0.352344 0.8125
2 0.304688 0.75 0.321094 0.75 0.321094 0.823611 0.304688 0.823611
3 0.251563 0.604167 0.292969 0.604167 0.292969 0.640278 0.251563 0.640278
2 0.45625 0.501389 0.465625 0.527778 0.429688 0.569444 0.420312 0.543056
0 0.470313 0.495833 0.483594 0.519444 0.417187 0.640278 0.403906 0.618056
2 0.524219 0.545833 0.508594 0.569444 0.477344 0.504167 0.49375 0.479167
3 0.496875 0.541667 0.507812 0.570833 0.475 0.608333 0.464844 0.577778
2 0.541406 0.548611 0.558594 0.556944 0.544531 0.636111 0.528125 0.626389
2 0.533594 0.498611 0.553906 0.513889 0.535156 0.588889 0.515625 0.575
3 0.538281 0.781944 0.501563 0.808333 0.492969 0.773611 0.529687 0.747222
3 0.474219 0.802778 0.514844 0.825 0.508594 0.859722 0.467969 0.8375
3 0.395313 0.901389 0.375781 0.920833 0.357031 0.859722 0.376563 0.840278
0 0.367969 0.8125 0.378906 0.831944 0.324219 0.927778 0.313281 0.906944
2 0.355469 0.923611 0.317188 0.944444 0.311719 0.915278 0.350781 0.893056
0 0.790625 0.483333 0.76875 0.498611 0.723437 0.306944 0.745313 0.290278
0 0.179688 0.729167 0.275 0.8 0.267969 0.827778 0.172656 0.758333
2 0.2125 0.838889 0.225781 0.859722 0.200781 0.9125 0.1875 0.891667
1 0.190625 0.886111 0.103125 0.997222 0.0851563 0.952778 0.172656 0.841667
0 0.209375 0.00416667 0.260937 0.1 0.248438 0.120833 0.196875 0.0263889
