2 0.102344 0.0833333 0.142187 0.105556 0.136719 0.136111 0.096875 0.115278
2 0.219531 0.1125 0.205469 0.130556 0.1875 0.0819444 0.200781 0.0652778
2 0.347656 0.181944 0.334375 0.198611 0.315625 0.148611 0.328125 0.131944
2 0.480469 0.266667 0.467187 0.277778 0.45625 0.229167 0.469531 0.219444
2 0.495312 0.361111 0.521094 0.368056 0.51875 0.393056 0.49375 0.384722
0 0.535156 0.430556 0.523438 0.431944 0.517969 0.336111 0.530469 0.334722
0 0.608594 0.45 0.675 0.486111 0.671875 0.505556 0.604688 0.468056
0 0.666406 0.468056 0.676562 0.481944 0.642188 0.554167 0.632812 0.538889
3 0.667188 0.563889 0.645312 0.576389 0.641406 0.552778 0.663281 0.540278
3 0.79375 0.6875 0.778125 0.690278 0.775781 0.643056 0.791406 0.640278
0 0.564063 0.588889 0.495312 0.6125 0.492969 0.590278 0.560937 0.565278
2 0.60625 0.769444 0.592187 0.784722 0.573438 0.725 0.588281 0.711111
3 0.428125 0.676389 0.394531 0.694444 0.389844 0.663889 0.423438 0.645833
2 0.3625 0.631944 0.4 0.641667 0.397656 0.670833 0.360938 0.661111
2 0.355469 0.606944 0.371094 0.622222 0.350781 0.6875 0.335938 0.672222
2 0.396094 0.4625 0.369531 0.480556 0.364063 0.455556 0.390625 0.436111
2 0.3375 0.477778 0.370312 0.509722 0.3625 0.5375 0.328906 0.504167
3 0.335156 0.529167 0.308594 0.566667 0.297656 0.543056 0.323437 0.504167
2 0.294531 0.527778 0.258594 0.541667 0.255469 0.515278 0.292187 0.502778
2 0.304688 0.680556 0.271094 0.706944 0.264844 0.680556 0.299219 0.655556
1 0.238281 0.618056 0.265625 0.6375 0.222656 0.825 0.196094 0.805556
0 0.220312 0.536111 0.233594 0.555556 0.173437 0.681944 0.160938 0.661111
2 0.221875 0.626389 0.238281 0.638889 0.225 0.694444 0.208594 0.681944
2 0.213281 0.718056 0.196875 0.720833 0.192969 0.654167 0.209375 0.65
2 0.18125 0.663889 0.201563 0.670833 0.192969 0.743056 0.172656 0.736111
2 0.204687 0.726389 0.217969 0.744444 0.19375 0.806944 0.180469 0.790278
0 0.197656 0.759722 0.09375 0.859722 0.084375 0.829167 0.1875 0.729167
2 0.167969 0.755556 0.148438 0.7625 0.139844 0.688889 0.160156 0.681944
3 0.141406 0.695833 0.103125 0.725 0.0953125 0.691667 0.133594 0.6625
3 0.170313 0.618056 0.178125 0.648611 0.141406 0.681944 0.132812 0.651389
2 0.0507812 0.741667 0.0625 0.773611 0.0140625 0.829167 0.00234375 0.797222
3 0.224219 0.873611 0.207031 0.905556 0.175781 0.85 0.192969 0.819444
2 0.16875 0.938889 0.150781 0.965278 0.121094 0.902778 0.139063 0.875
0 0.164844 0.936111 0.223438 0.968056 0.217188 1.00278 0.158594 0.970833
2 0.205469 0.325 0.16875 0.338889 0.164844 0.308333 0.202344 0.294444
1 0.204687 0.463889 0.180469 0.481944 0.142969 0.322222 0.167187 0.304167
