2 0.752344 0.391667 0.689844 0.413889 0.685156 0.370833 0.747656 0.348611
2 0.553906 0.419444 0.572656 0.436111 0.55 0.515278 0.53125 0.498611
0 0.600781 0.333333 0.501563 0.415278 0.491406 0.376389 0.590625 0.294444
0 0.530469 0.365278 0.55 0.384722 0.502344 0.540278 0.482812 0.520833
0 0.550781 0.35 0.570312 0.366667 0.519531 0.55 0.5 0.533333
2 0.460938 0.422222 0.485156 0.447222 0.461719 0.525 0.436719 0.5
0 0.507031 0.7875 0.483594 0.798611 0.452344 0.584722 0.476562 0.573611
0 0.577344 0.502778 0.596094 0.518056 0.546094 0.723611 0.527344 0.708333
3 0.585938 0.548611 0.607031 0.573611 0.577344 0.651389 0.55625 0.625
1 0.642969 0.458333 0.678906 0.458333 0.677344 0.738889 0.641406 0.738889
1 0.610156 0.580556 0.649219 0.580556 0.649219 0.881944 0.610156 0.881944
0 0.623437 0.938889 0.599219 0.941667 0.590625 0.705556 0.615625 0.702778
0 0.607812 0.955556 0.582031 0.9625 0.564063 0.730556 0.589844 0.725
0 0.576562 0.991667 0.549219 0.994444 0.542188 0.748611 0.569531 0.745833
2 0.580469 0.741667 0.523438 0.773611 0.516406 0.733333 0.573438 0.702778
3 0.514844 0.780556 0.539062 0.793056 0.523438 0.883333 0.499219 0.869444
3 0.517969 0.908333 0.489063 0.986111 0.464062 0.958333 0.492969 0.880556
3 0.450781 0.886111 0.475 0.969444 0.449219 0.993056 0.425 0.909722
0 0.332813 0.818056 0.454688 0.840278 0.452344 0.884722 0.330469 0.8625
2 0.433594 0.740278 0.472656 0.8125 0.457031 0.840278 0.417187 0.768056
2 0.382031 0.784722 0.441406 0.816667 0.435156 0.852778 0.375781 0.819444
0 0.469531 0.779167 0.448437 0.793056 0.410938 0.605556 0.432031 0.591667
3 0.384375 0.593056 0.417187 0.652778 0.4 0.681944 0.367969 0.622222
0 0.353906 0.644444 0.335938 0.669444 0.274219 0.527778 0.292187 0.502778
0 0.398438 0.715278 0.383594 0.736111 0.320312 0.593056 0.334375 0.572222
0 0.342187 0.563889 0.417969 0.701389 0.403906 0.725 0.328906 0.5875
0 0.367188 0.548611 0.35 0.575 0.29375 0.458333 0.310937 0.431944
0 0.396094 0.523611 0.382031 0.551389 0.314063 0.444444 0.328125 0.416667
0 0.413281 0.493056 0.396094 0.519444 0.332031 0.384722 0.35 0.358333
3 0.5125 0.294444 0.55625 0.294444 0.55625 0.338889 0.5125 0.338889
1 0.285938 0.827778 0.252344 0.834722 0.235937 0.595833 0.269531 0.588889
2 0.496094 0.779167 0.519531 0.791667 0.502344 0.890278 0.478906 0.877778
