1 0.0132812 0.2375 0.155469 0.351389 0.14375 0.398611 0.00078125 0.286111
2 0.0578125 0.386111 0.0789062 0.425 0.0390625 0.495833 0.0171875 0.456944
2 0.003125 0.505556 0.0195312 0.505556 0.0195312 0.605556 0.003125 0.605556
2 0.015625 0.543056 0.0484375 0.543056 0.0484375 0.651389 0.015625 0.651389
3 0.0242188 0.648611 0.0507812 0.663889 0.0328125 0.768056 0.00625 0.752778
2 0.142969 0.818056 0.119531 0.836111 0.0953125 0.733333 0.11875 0.715278
2 0.158594 0.768056 0.217969 0.788889 0.2125 0.831944 0.153906 0.809722
2 0.05625 0.934722 0.0945312 0.934722 0.0945312 0.990278 0.05625 0.990278
3 0.121875 0.944444 0.173437 0.944444 0.173437 0.997222 0.121875 0.997222
1 0.233594 0.988889 0.194531 0.995833 0.1875 0.856944 0.225781 0.85
0 0.195312 0.811111 0.317188 0.877778 0.310937 0.915278 0.188281 0.847222
0 0.18125 0.641667 0.292187 0.740278 0.283594 0.772222 0.171875 0.675
3 0.241406 0.730556 0.285156 0.772222 0.273438 0.811111 0.229687 0.768056
3 0.292969 0.908333 0.315625 0.908333 0.315625 0.998611 0.292969 0.998611
2 0.319531 0.795833 0.365625 0.851389 0.352344 0.886111 0.307031 0.829167
2 0.2375 0.65 0.217969 0.686111 0.179688 0.619444 0.199219 0.584722
2 0.326562 0.647222 0.280469 0.681944 0.271875 0.647222 0.31875 0.6125
2 0.332813 0.601389 0.314844 0.619444 0.291406 0.541667 0.309375 0.523611
3 0.314844 0.613889 0.270313 0.620833 0.267969 0.583333 0.3125 0.576389
2 0.34375 0.748611 0.323437 0.755556 0.314063 0.675 0.335156 0.666667
0 0.384375 0.830556 0.366406 0.834722 0.350781 0.658333 0.36875 0.652778
3 0.36875 0.788889 0.347656 0.801389 0.336719 0.738889 0.357812 0.726389
3 0.38125 0.816667 0.403906 0.816667 0.403906 0.895833 0.38125 0.895833
2 0.432812 0.825 0.413281 0.836111 0.4 0.759722 0.419531 0.748611
2 0.464844 0.7375 0.483594 0.740278 0.478906 0.823611 0.460156 0.819444
2 0.436719 0.75 0.419531 0.770833 0.392969 0.7 0.410156 0.679167
2 0.358594 0.633333 0.40625 0.659722 0.4 0.694444 0.352344 0.669444
2 0.435937 0.618056 0.41875 0.638889 0.39375 0.573611 0.410938 0.552778
2 0.464062 0.556944 0.482031 0.561111 0.477344 0.631944 0.460156 0.627778
2 0.486719 0.536111 0.455469 0.570833 0.446875 0.544444 0.478125 0.511111
3 0.525781 0.602778 0.495312 0.633333 0.4875 0.606944 0.517188 0.577778
3 0.528906 0.584722 0.55625 0.618056 0.548438 0.6375 0.521094 0.604167
2 0.538281 0.581944 0.552344 0.593056 0.5375 0.654167 0.523438 0.644444
1 0.424219 0.945833 0.546875 0.945833 0.546875 0.997222 0.424219 0.997222
2 0.611719 0.644444 0.625781 0.647222 0.622656 0.704167 0.607812 0.701389
3 0.582031 0.611111 0.610156 0.638889 0.602344 0.665278 0.574219 0.636111
2 0.413281 0.419444 0.39375 0.423611 0.389844 0.35 0.409375 0.345833
0 0.585156 0.520833 0.528125 0.563889 0.522656 0.538889 0.578906 0.495833
2 0.325781 0.243056 0.354687 0.306944 0.339844 0.327778 0.311719 0.2625
2 0.340625 0.155556 0.311719 0.191667 0.299219 0.158333 0.328125 0.123611
3 0.323437 0.145833 0.2875 0.159722 0.283594 0.126389 0.320312 0.113889
0 0.607812 0.569444 0.672656 0.668056 0.661719 0.691667 0.596094 0.593056
2 0.620313 0.208333 0.635938 0.208333 0.635938 0.265278 0.620313 0.265278
3 0.788281 0.672222 0.763281 0.681944 0.760156 0.654167 0.785156 0.645833
0 0.742969 0.520833 0.80625 0.597222 0.796875 0.619444 0.734375 0.543056
0 0.8 0.573611 0.80625 0.591667 0.760938 0.644444 0.754687 0.625
2 0.704688 0.844444 0.688281 0.856944 0.671875 0.788889 0.688281 0.776389
0 0.723437 0.7875 0.735156 0.805556 0.685937 0.908333 0.674219 0.891667
0 0.705469 0.966667 0.661719 0.991667 0.657813 0.965278 0.700781 0.940278
3 0.88125 0.822222 0.9 0.822222 0.9 0.875 0.88125 0.875
