2 0.0882813 0.152778 0.113281 0.156944 0.108594 0.229167 0.0835937 0.223611
3 0.228125 0.195833 0.248438 0.2 0.24375 0.277778 0.223438 0.275
2 0.217969 0.25 0.233594 0.277778 0.199219 0.336111 0.183594 0.308333
2 0.205469 0.363889 0.189062 0.380556 0.167187 0.308333 0.183594 0.293056
2 0.111719 0.241667 0.126562 0.263889 0.0984375 0.323611 0.0835937 0.301389
3 0.117969 0.395833 0.096875 0.402778 0.090625 0.333333 0.111719 0.327778
2 0.071875 0.384722 0.090625 0.394444 0.0757812 0.480556 0.0570312 0.469444
2 0.157031 0.444444 0.179688 0.448611 0.174219 0.534722 0.152344 0.531944
1 0.207031 0.680556 0.182031 0.716667 0.0992187 0.538889 0.125 0.501389
2 0.135156 0.615278 0.117969 0.630556 0.0976562 0.563889 0.114844 0.547222
0 0.110937 0.691667 0.0859375 0.709722 0.0453125 0.543056 0.0703125 0.523611
2 0.103906 0.615278 0.145313 0.6375 0.138281 0.679167 0.096875 0.655556
2 0.183594 0.723611 0.160938 0.740278 0.142969 0.665278 0.165625 0.648611
2 0.109375 0.647222 0.145313 0.691667 0.132031 0.726389 0.0960938 0.681944
3 0.239063 0.744444 0.19375 0.769444 0.185156 0.723611 0.23125 0.698611
0 0.132031 0.694444 0.157031 0.694444 0.157031 0.876389 0.132031 0.876389
2 0.0953125 0.720833 0.139844 0.7375 0.134375 0.786111 0.0890625 0.769444
3 0.0664062 0.761111 0.096875 0.761111 0.096875 0.843056 0.0664062 0.843056
3 0.09375 0.752778 0.071875 0.761111 0.0625 0.680556 0.084375 0.672222
0 0.339844 0.704167 0.245312 0.854167 0.229687 0.823611 0.324219 0.673611
2 0.242188 0.870833 0.184375 0.881944 0.182031 0.840278 0.239844 0.830556
3 0.320312 0.701389 0.370312 0.729167 0.3625 0.769444 0.313281 0.743056
2 0.355469 0.747222 0.403906 0.805556 0.388281 0.847222 0.339844 0.7875
0 0.430469 0.836111 0.410156 0.861111 0.34375 0.6875 0.364063 0.6625
1 0.34375 0.579167 0.460938 0.643056 0.448437 0.711111 0.332031 0.647222
3 0.502344 0.609722 0.482031 0.641667 0.449219 0.570833 0.469531 0.540278
2 0.561719 0.790278 0.503906 0.823611 0.496094 0.777778 0.553906 0.745833
3 0.548438 0.825 0.528125 0.836111 0.511719 0.743056 0.532813 0.730556
3 0.572656 0.429167 0.626563 0.458333 0.61875 0.502778 0.564844 0.472222
2 0.5625 0.376389 0.619531 0.406944 0.611719 0.451389 0.555469 0.419444
0 0.540625 0.304167 0.663281 0.372222 0.65625 0.413889 0.532813 0.345833
0 0.707031 0.529167 0.732812 0.533333 0.717187 0.801389 0.691406 0.797222
3 0.71875 0.677778 0.746094 0.677778 0.746094 0.793056 0.71875 0.793056
1 0.26875 0.85 0.430469 0.863889 0.428125 0.927778 0.266406 0.9125
2 0.417969 0.954167 0.401562 0.993056 0.364844 0.941667 0.38125 0.902778
2 0.903125 0.965278 0.88125 0.997222 0.825781 0.880556 0.847656 0.847222
0 0.889844 0.647222 0.911719 0.6875 0.810156 0.863889 0.788281 0.823611
3 0.814844 0.465278 0.858594 0.551389 0.836719 0.586111 0.792969 0.5
