3 0.28125 0.677778 0.296094 0.7 0.275781 0.740278 0.261719 0.719444
2 0.384375 0.631944 0.344531 0.6375 0.34375 0.605556 0.383594 0.601389
2 0.402344 0.531944 0.364063 0.545833 0.360156 0.515278 0.399219 0.501389
1 0.347656 0.6375 0.441406 0.729167 0.429688 0.768056 0.335156 0.677778
2 0.40625 0.727778 0.438281 0.776389 0.427344 0.797222 0.396094 0.75
2 0.474219 0.740278 0.492188 0.740278 0.492188 0.819444 0.474219 0.819444
2 0.579688 0.698611 0.596875 0.7125 0.578125 0.788889 0.561719 0.775
2 0.574219 0.629167 0.5375 0.675 0.526563 0.647222 0.564063 0.601389
2 0.43125 0.794444 0.446094 0.818056 0.41875 0.875 0.403906 0.852778
3 0.395313 0.844444 0.428125 0.876389 0.41875 0.906944 0.385937 0.875
0 0.409375 0.841667 0.394531 0.855556 0.35 0.711111 0.365625 0.697222
3 0.375781 0.791667 0.357031 0.802778 0.347656 0.748611 0.366406 0.7375
2 0.328906 0.731944 0.345313 0.7375 0.336719 0.808333 0.321094 0.801389
0 0.304688 0.744444 0.321875 0.751389 0.303125 0.915278 0.285938 0.909722
0 0.329688 0.673611 0.346875 0.683333 0.322656 0.818056 0.30625 0.809722
3 0.678125 0.648611 0.715625 0.694444 0.703125 0.726389 0.665625 0.680556
2 0.7875 0.679167 0.841406 0.709722 0.834375 0.75 0.780469 0.719444
2 0.853125 0.8875 0.877344 0.8875 0.877344 0.977778 0.853125 0.977778
2 0.90625 0.751389 0.928906 0.773611 0.902344 0.859722 0.879687 0.8375
1 0.78125 0.545833 0.663281 0.641667 0.650781 0.591667 0.767969 0.495833
0 0.784375 0.522222 0.902344 0.531944 0.901563 0.570833 0.783594 0.561111
0 0.775 0.490278 0.895312 0.490278 0.895312 0.533333 0.775 0.533333
0 0.853906 0.35 0.939063 0.476389 0.923438 0.509722 0.838281 0.383333
0 0.772656 0.384722 0.8875 0.448611 0.880469 0.484722 0.766406 0.422222
3 0.748437 0.4125 0.769531 0.4125 0.769531 0.483333 0.748437 0.483333
2 0.753125 0.3375 0.803906 0.366667 0.796875 0.406944 0.746094 0.377778
2 0.649219 0.170833 0.690625 0.202778 0.682031 0.238889 0.639844 0.206944
