1 0.333594 0.313889 0.294531 0.326389 0.264062 0.0152778 0.303906 0.00416667
0 0.478125 0.598611 0.4625 0.622222 0.392969 0.472222 0.408594 0.448611
2 0.520312 0.569444 0.471875 0.605556 0.4625 0.566667 0.510938 0.529167
1 0.574219 0.429167 0.599219 0.466667 0.5125 0.645833 0.4875 0.608333
0 0.596875 0.523611 0.613281 0.548611 0.547656 0.683333 0.53125 0.658333
0 0.607031 0.365278 0.626563 0.376389 0.589844 0.563889 0.570312 0.551389
3 0.511719 0.513889 0.492188 0.523611 0.479687 0.45 0.499219 0.438889
3 0.540625 0.451389 0.555469 0.484722 0.522656 0.531944 0.507812 0.497222
3 0.578125 0.376389 0.596094 0.398611 0.56875 0.468056 0.551562 0.447222
2 0.560156 0.366667 0.578125 0.390278 0.547656 0.469444 0.529687 0.447222
2 0.640625 0.363889 0.589063 0.377778 0.585938 0.344444 0.6375 0.329167
0 0.628125 0.356944 0.646875 0.366667 0.620313 0.527778 0.601562 0.519444
0 0.655469 0.348611 0.674219 0.365278 0.630469 0.523611 0.611719 0.506944
1 0.704688 0.251389 0.736719 0.281944 0.667969 0.511111 0.635938 0.480556
1 0.764844 0.148611 0.794531 0.177778 0.717187 0.416667 0.688281 0.386111
0 0.691406 0.145833 0.707031 0.175 0.610938 0.340278 0.595313 0.3125
3 0.701562 0.231944 0.6625 0.291667 0.647656 0.2625 0.6875 0.202778
0 0.554688 0.152778 0.577344 0.156944 0.56875 0.376389 0.546094 0.373611
0 0.535937 0.361111 0.5125 0.363889 0.504687 0.1625 0.528125 0.159722
2 0.530469 0.388889 0.510938 0.406944 0.486719 0.326389 0.50625 0.308333
2 0.447656 0.327778 0.501563 0.368056 0.492188 0.406944 0.438281 0.366667
0 0.394531 0.331944 0.5125 0.408333 0.503906 0.448611 0.385937 0.372222
0 0.472656 0.263889 0.45 0.283333 0.395313 0.0944444 0.417969 0.0736111
0 0.492188 0.2625 0.472656 0.280556 0.413281 0.0902778 0.432031 0.0722222
3 0.497656 0.205556 0.478906 0.229167 0.447656 0.148611 0.466406 0.125
