2 0.501563 0.640278 0.521094 0.684722 0.511719 0.697222 0.492188 0.652778
2 0.560937 0.736111 0.590625 0.763889 0.584375 0.783333 0.555469 0.755556
3 0.646875 0.647222 0.621875 0.672222 0.614844 0.647222 0.639062 0.623611
1 0.653125 0.513889 0.6875 0.540278 0.679688 0.569444 0.646094 0.544444
2 0.830469 0.738889 0.842187 0.754167 0.822656 0.805556 0.810937 0.791667
2 0.829688 0.575 0.839844 0.5875 0.821875 0.634722 0.811719 0.622222
2 0.723437 0.490278 0.704688 0.5 0.700781 0.477778 0.719531 0.466667
2 0.771875 0.509722 0.742969 0.531944 0.738281 0.509722 0.767188 0.4875
2 0.946094 0.645833 0.978906 0.670833 0.973437 0.693056 0.940625 0.669444
2 0.964063 0.565278 0.978906 0.565278 0.978906 0.622222 0.964063 0.622222
3 0.973437 0.5625 0.957031 0.570833 0.948438 0.522222 0.964844 0.5125
3 0.996875 0.569444 0.978906 0.577778 0.970313 0.527778 0.988281 0.518056
3 0.979688 0.476389 0.996094 0.476389 0.996094 0.527778 0.979688 0.527778
2 0.985938 0.425 0.999219 0.425 0.999219 0.480556 0.985938 0.480556
2 0.907031 0.541667 0.86875 0.5625 0.865625 0.545833 0.903906 0.525
0 0.971094 0.4625 0.976562 0.4875 0.909375 0.533333 0.903906 0.509722
3 0.857812 0.325 0.883594 0.355556 0.874219 0.379167 0.848437 0.348611
2 0.871875 0.323611 0.882812 0.343056 0.854688 0.390278 0.844531 0.372222
3 0.883594 0.251389 0.897656 0.256944 0.890625 0.316667 0.876563 0.3125
2 0.863281 0.3 0.899219 0.319444 0.894531 0.343056 0.859375 0.323611
2 0.876563 0.295833 0.846094 0.325 0.839844 0.304167 0.870313 0.275
1 0.916406 0.206944 0.821094 0.3 0.810156 0.265278 0.905469 0.172222
1 0.85 0.340278 0.825781 0.345833 0.811719 0.176389 0.835938 0.170833
0 0.857812 0.225 0.84375 0.236111 0.819531 0.1375 0.834375 0.126389
2 0.748437 0.288889 0.719531 0.331944 0.709375 0.309722 0.738281 0.266667
3 0.728906 0.286111 0.7 0.295833 0.696875 0.268056 0.725781 0.258333
2 0.721875 0.269444 0.684375 0.270833 0.684375 0.248611 0.721875 0.245833
0 0.6875 0.184722 0.753125 0.263889 0.744531 0.284722 0.679688 0.205556
3 0.694531 0.183333 0.664062 0.219444 0.654687 0.195833 0.685156 0.159722
2 0.74375 0.183333 0.708594 0.201389 0.704688 0.177778 0.739844 0.158333
2 0.758594 0.183333 0.723437 0.216667 0.717187 0.195833 0.751563 0.161111
3 0.769531 0.197222 0.739844 0.226389 0.732031 0.201389 0.7625 0.172222
0 0.774219 0.0236111 0.821875 0.129167 0.808594 0.148611 0.761719 0.0416667
0 0.749219 0.0930556 0.813281 0.190278 0.803906 0.209722 0.739844 0.1125
0 0.716406 0.0763889 0.782813 0.170833 0.773438 0.191667 0.707031 0.0986111
2 0.765625 0.0486111 0.788281 0.1 0.775 0.118056 0.752344 0.0666667
2 0.725781 0.0652778 0.689063 0.0861111 0.684375 0.0583333 0.721094 0.0375
