0 0.566406 0.241667 0.576562 0.245833 0.566406 0.334722 0.55625 0.330556
2 0.5625 0.318056 0.553125 0.318056 0.552344 0.279167 0.560937 0.277778
0 0.546875 0.247222 0.555469 0.248611 0.552344 0.340278 0.54375 0.340278
2 0.515625 0.286111 0.535156 0.309722 0.529687 0.323611 0.510156 0.3
0 0.497656 0.277778 0.527344 0.313889 0.521875 0.330556 0.491406 0.293056
3 0.522656 0.322222 0.540625 0.340278 0.535156 0.356944 0.517188 0.338889
2 0.558594 0.373611 0.552344 0.383333 0.536719 0.352778 0.542188 0.343056
0 0.575781 0.390278 0.56875 0.401389 0.5375 0.334722 0.544531 0.323611
3 0.43125 0.315278 0.450781 0.330556 0.446094 0.35 0.426563 0.334722
0 0.492969 0.302778 0.496875 0.318056 0.452344 0.351389 0.449219 0.336111
2 0.483594 0.341667 0.464062 0.352778 0.460938 0.336111 0.48125 0.325
2 0.464844 0.343056 0.486719 0.343056 0.486719 0.359722 0.464844 0.359722
0 0.466406 0.373611 0.503125 0.373611 0.503125 0.3875 0.466406 0.3875
0 0.522656 0.3875 0.476562 0.404167 0.475 0.3875 0.521094 0.370833
2 0.482031 0.425 0.471094 0.431944 0.464844 0.393056 0.475781 0.3875
2 0.519531 0.390278 0.525 0.402778 0.50625 0.429167 0.500781 0.416667
3 0.53125 0.423611 0.513281 0.440278 0.508594 0.425 0.526563 0.406944
2 0.551562 0.4 0.557031 0.411111 0.541406 0.4375 0.535937 0.427778
0 0.569531 0.4 0.575 0.413889 0.5375 0.458333 0.532813 0.445833
3 0.507812 0.501389 0.517969 0.501389 0.517969 0.534722 0.507812 0.534722
3 0.469531 0.456944 0.483594 0.477778 0.475 0.494444 0.460938 0.473611
2 0.475781 0.486111 0.485938 0.490278 0.48125 0.530556 0.471094 0.527778
3 0.479687 0.540278 0.472656 0.547222 0.4625 0.519444 0.46875 0.5125
1 0.4875 0.515278 0.497656 0.529167 0.459375 0.620833 0.449219 0.605556
1 0.552344 0.658333 0.536719 0.661111 0.530469 0.545833 0.546094 0.543056
2 0.521875 0.547222 0.527344 0.559722 0.5125 0.586111 0.50625 0.575
3 0.519531 0.5625 0.528906 0.568056 0.522656 0.601389 0.514062 0.595833
2 0.527344 0.584722 0.5375 0.584722 0.5375 0.623611 0.527344 0.623611
2 0.532813 0.638889 0.523438 0.641667 0.519531 0.602778 0.528125 0.6
2 0.510938 0.588889 0.503125 0.595833 0.49375 0.556944 0.502344 0.551389
2 0.485156 0.570833 0.504687 0.594444 0.498437 0.608333 0.479687 0.586111
3 0.486719 0.55 0.502344 0.573611 0.495312 0.586111 0.480469 0.563889
0 0.532813 0.626389 0.542188 0.636111 0.514844 0.705556 0.50625 0.695833
2 0.563281 0.615278 0.572656 0.622222 0.563281 0.659722 0.554688 0.652778
3 0.559375 0.690278 0.539062 0.697222 0.536719 0.676389 0.557813 0.669444
3 0.533594 0.669444 0.541406 0.679167 0.530469 0.706944 0.522656 0.698611
3 0.555469 0.738889 0.567187 0.747222 0.557813 0.786111 0.546875 0.776389
2 0.596094 0.701389 0.607812 0.708333 0.6 0.751389 0.589063 0.744444
2 0.635938 0.715278 0.644531 0.722222 0.635156 0.761111 0.626563 0.754167
2 0.545312 0.747222 0.553906 0.755556 0.542188 0.793056 0.533594 0.786111
2 0.507812 0.844444 0.51875 0.845833 0.515625 0.893056 0.505469 0.890278
2 0.495312 0.818056 0.471875 0.830556 0.46875 0.811111 0.492188 0.797222
0 0.446875 0.604167 0.496094 0.640278 0.491406 0.659722 0.442969 0.622222
0 0.446094 0.623611 0.453125 0.631944 0.425781 0.7 0.41875 0.691667
2 0.427344 0.704167 0.436719 0.7125 0.424219 0.754167 0.414844 0.744444
2 0.407031 0.688889 0.421875 0.716667 0.414844 0.729167 0.4 0.701389
3 0.405469 0.706944 0.420312 0.733333 0.4125 0.745833 0.398438 0.718056
2 0.34375 0.605556 0.353125 0.616667 0.339844 0.648611 0.330469 0.6375
2 0.360156 0.5625 0.370312 0.568056 0.3625 0.6125 0.353125 0.606944
3 0.429688 0.625 0.436719 0.636111 0.423438 0.663889 0.416406 0.652778
2 0.417187 0.613889 0.439063 0.613889 0.439063 0.633333 0.417187 0.633333
2 0.433594 0.611111 0.411719 0.630556 0.407813 0.615278 0.429688 0.595833
3 0.420312 0.573611 0.428906 0.584722 0.417969 0.6125 0.409375 0.602778
2 0.409375 0.540278 0.41875 0.543056 0.413281 0.584722 0.404687 0.581944
2 0.3875 0.556944 0.378906 0.566667 0.367969 0.529167 0.376563 0.520833
0 0.439844 0.604167 0.43125 0.609722 0.4125 0.522222 0.421875 0.515278
0 0.43125 0.429167 0.441406 0.430556 0.439063 0.522222 0.428906 0.520833
0 0.402344 0.447222 0.411719 0.45 0.402344 0.5375 0.392188 0.533333
2 0.373437 0.484722 0.363281 0.486111 0.3625 0.444444 0.371875 0.443056
2 0.371094 0.438889 0.380469 0.438889 0.380469 0.477778 0.371094 0.477778
2 0.369531 0.415278 0.388281 0.438889 0.382031 0.455556 0.363281 0.431944
2 0.389844 0.426389 0.382812 0.440278 0.365625 0.416667 0.372656 0.401389
3 0.385156 0.381944 0.396875 0.3875 0.389844 0.425 0.378906 0.418056
2 0.264844 0.591667 0.274219 0.605556 0.257812 0.638889 0.248438 0.625
2 0.271094 0.531944 0.283594 0.538889 0.276562 0.577778 0.264062 0.570833
1 0.309375 0.568056 0.297656 0.586111 0.253906 0.497222 0.265625 0.480556
