3 0.194531 0.00972222 0.230469 0.0222222 0.225781 0.0611111 0.189844 0.0486111
2 0.251563 0.0111111 0.267969 0.0361111 0.242188 0.0902778 0.225781 0.0652778
2 0.261719 0.205556 0.24375 0.215278 0.230469 0.141667 0.249219 0.130556
2 0.235937 0.172222 0.220312 0.180556 0.207813 0.106944 0.223438 0.0986111
2 0.204687 0.113889 0.217969 0.138889 0.188281 0.188889 0.175 0.165278
0 0.213281 0.0541667 0.225781 0.0763889 0.164844 0.180556 0.153125 0.158333
3 0.235937 0.219444 0.254688 0.230556 0.24375 0.294444 0.225 0.283333
2 0.420312 0.254167 0.385937 0.288889 0.375781 0.256944 0.410938 0.222222
2 0.296875 0.479167 0.28125 0.491667 0.264844 0.423611 0.280469 0.411111
2 0.335156 0.461111 0.371875 0.497222 0.364063 0.523611 0.327344 0.4875
2 0.346875 0.529167 0.333594 0.547222 0.309375 0.490278 0.322656 0.472222
2 0.347656 0.583333 0.304688 0.6 0.300781 0.565278 0.34375 0.55
2 0.357812 0.630556 0.315625 0.633333 0.314844 0.606944 0.357031 0.602778
0 0.339844 0.601389 0.257031 0.6625 0.250781 0.634722 0.332813 0.572222
3 0.417969 0.643056 0.439063 0.690278 0.425 0.711111 0.403906 0.6625
2 0.377344 0.893056 0.420312 0.893056 0.420312 0.927778 0.377344 0.927778
3 0.532813 0.955556 0.514062 0.998611 0.500781 0.979167 0.51875 0.936111
1 0.511719 0.588889 0.536719 0.588889 0.536719 0.773611 0.511719 0.773611
2 0.607812 0.763889 0.58125 0.779167 0.576562 0.751389 0.603125 0.736111
2 0.611719 0.629167 0.624219 0.641667 0.608594 0.691667 0.596094 0.679167
2 0.749219 0.675 0.717969 0.686111 0.714844 0.655556 0.746094 0.644444
2 0.591406 0.536111 0.604688 0.548611 0.586719 0.604167 0.574219 0.593056
2 0.573438 0.561111 0.583594 0.579167 0.559375 0.620833 0.549219 0.602778
0 0.607031 0.533333 0.54375 0.615278 0.536719 0.595833 0.599219 0.513889
2 0.583594 0.506944 0.592969 0.526389 0.565625 0.565278 0.557031 0.544444
3 0.557031 0.556944 0.535156 0.588889 0.525781 0.569444 0.548438 0.536111
0 0.65625 0.4125 0.666406 0.431944 0.607031 0.519444 0.597656 0.5
1 0.614062 0.434722 0.521094 0.479167 0.514844 0.436111 0.607031 0.391667
1 0.482812 0.394444 0.549219 0.5375 0.530469 0.565278 0.464844 0.422222
3 0.535156 0.470833 0.557813 0.505556 0.546875 0.529167 0.524219 0.494444
2 0.53125 0.498611 0.521094 0.509722 0.504687 0.455556 0.514844 0.444444
0 0.44375 0.429167 0.501563 0.515278 0.492188 0.534722 0.434375 0.448611
2 0.392969 0.383333 0.421875 0.434722 0.410156 0.452778 0.382031 0.401389
0 0.50625 0.398611 0.430469 0.405556 0.429688 0.375 0.505469 0.368056
3 0.445312 0.329167 0.477344 0.334722 0.475781 0.361111 0.44375 0.355556
2 0.666406 0.368056 0.675781 0.386111 0.65 0.429167 0.640625 0.409722
2 0.679688 0.352778 0.708594 0.388889 0.699219 0.413889 0.670312 0.377778
2 0.691406 0.293056 0.703125 0.311111 0.68125 0.356944 0.669531 0.338889
3 0.653125 0.256944 0.675 0.295833 0.664062 0.313889 0.642969 0.275
3 0.811719 0.388889 0.797656 0.398611 0.785937 0.35 0.8 0.338889
2 0.778125 0.322222 0.764062 0.334722 0.748437 0.283333 0.7625 0.269444
2 0.777344 0.205556 0.788281 0.226389 0.767969 0.261111 0.757812 0.240278
3 0.686719 0.227778 0.707031 0.265278 0.696875 0.283333 0.676562 0.244444
2 0.680469 0.247222 0.703125 0.288889 0.690625 0.311111 0.667969 0.268056
3 0.663281 0.216667 0.677344 0.219444 0.674219 0.275 0.659375 0.272222
3 0.723437 0.234722 0.711719 0.247222 0.698438 0.201389 0.710156 0.190278
2 0.648438 0.169444 0.6625 0.180556 0.649219 0.236111 0.635156 0.225
3 0.851562 0.3 0.877344 0.3 0.877344 0.329167 0.851562 0.329167
0 0.907031 0.255556 0.849219 0.295833 0.84375 0.272222 0.902344 0.231944
0 0.85 0.168056 0.907813 0.254167 0.898438 0.273611 0.841406 0.1875
0 0.696875 0.0666667 0.7125 0.0680556 0.708594 0.180556 0.69375 0.180556
0 0.742969 0.00555556 0.754687 0.0180556 0.720313 0.129167 0.708594 0.116667
2 0.666406 0.0833333 0.639062 0.111111 0.63125 0.0847222 0.658594 0.0583333
3 0.942187 0.480556 0.96875 0.480556 0.96875 0.531944 0.942187 0.531944
0 0.804688 0.794444 0.786719 0.798611 0.776563 0.654167 0.79375 0.651389
