1 0.353906 0.7875 0.367969 0.808333 0.334375 0.879167 0.321094 0.858333
2 0.415625 0.744444 0.3875 0.7625 0.382812 0.741667 0.411719 0.723611
2 0.41875 0.727778 0.425781 0.745833 0.401562 0.773611 0.395313 0.754167
3 0.378906 0.720833 0.390625 0.731944 0.377344 0.773611 0.366406 0.7625
3 0.455469 0.761111 0.436719 0.7875 0.426563 0.766667 0.445312 0.738889
0 0.378125 0.763889 0.428125 0.8375 0.419531 0.854167 0.370312 0.780556
3 0.407031 0.845833 0.430469 0.845833 0.430469 0.883333 0.407031 0.883333
0 0.415625 0.666667 0.46875 0.745833 0.460156 0.763889 0.407031 0.684722
0 0.442188 0.683333 0.494531 0.777778 0.485156 0.794444 0.433594 0.698611
2 0.425781 0.655556 0.399219 0.680556 0.391406 0.655556 0.417969 0.630556
2 0.453125 0.658333 0.476562 0.7 0.467187 0.715278 0.44375 0.673611
0 0.494531 0.751389 0.482812 0.759722 0.45625 0.648611 0.46875 0.638889
1 0.525781 0.915278 0.504687 0.920833 0.490625 0.775 0.511719 0.768056
1 0.573438 0.830556 0.49375 0.898611 0.484375 0.863889 0.564063 0.795833
2 0.564844 0.915278 0.555469 0.930556 0.534375 0.884722 0.54375 0.870833
3 0.548438 0.854167 0.560937 0.854167 0.560937 0.906944 0.548438 0.906944
3 0.552344 0.940278 0.541406 0.956944 0.525781 0.922222 0.535937 0.906944
2 0.546875 0.906944 0.553125 0.929167 0.523438 0.954167 0.517969 0.933333
2 0.825781 0.701389 0.8375 0.715278 0.817187 0.766667 0.80625 0.752778
2 0.824219 0.609722 0.864062 0.623611 0.860156 0.656944 0.821094 0.641667
3 0.813281 0.523611 0.825 0.541667 0.803125 0.588889 0.791406 0.570833
3 0.786719 0.490278 0.753125 0.501389 0.75 0.473611 0.783594 0.461111
2 0.759375 0.434722 0.795312 0.441667 0.792969 0.472222 0.757812 0.465278
2 0.619531 0.356944 0.604688 0.369444 0.590625 0.309722 0.605469 0.298611
2 0.559375 0.143056 0.523438 0.177778 0.514062 0.147222 0.550781 0.1125
0 0.805469 0.380556 0.789844 0.394444 0.750781 0.265278 0.765625 0.25
0 0.754687 0.225 0.767188 0.240278 0.715625 0.375 0.703125 0.359722
0 0.903906 0.445833 0.819531 0.456944 0.81875 0.427778 0.903125 0.416667
0 0.925781 0.4625 0.832812 0.479167 0.83125 0.45 0.924219 0.433333
2 0.882031 0.477778 0.84375 0.491667 0.841406 0.470833 0.879687 0.456944
2 0.864844 0.4875 0.874219 0.509722 0.844531 0.551389 0.835156 0.529167
2 0.908594 0.530556 0.875 0.556944 0.869531 0.533333 0.903906 0.508333
2 0.949219 0.5875 0.986719 0.615278 0.979688 0.641667 0.942969 0.615278
2 0.979688 0.509722 0.996094 0.509722 0.996094 0.575 0.979688 0.575
3 0.9875 0.509722 0.975 0.529167 0.954688 0.484722 0.966406 0.466667
3 0.9875 0.468056 0.999219 0.468056 0.999219 0.518056 0.9875 0.518056
0 0.980469 0.427778 0.986719 0.448611 0.911719 0.519444 0.905469 0.498611
2 0.975781 0.154167 0.960938 0.169444 0.941406 0.105556 0.95625 0.0902778
