2 0.0242188 0.075 0.075 0.075 0.075 0.111111 0.0242188 0.111111
3 0.141406 0.0402778 0.16875 0.0402778 0.16875 0.111111 0.141406 0.111111
0 0.159375 0.00555556 0.2 0.0666667 0.1875 0.0930556 0.146875 0.0319444
3 0.275781 0.165278 0.257812 0.1875 0.232813 0.122222 0.251563 0.1
2 0.222656 0.156944 0.266406 0.209722 0.255469 0.236111 0.2125 0.184722
2 0.296094 0.319444 0.282031 0.340278 0.252344 0.276389 0.266406 0.255556
2 0.339062 0.365278 0.324219 0.383333 0.294531 0.306944 0.310156 0.2875
2 0.346094 0.268056 0.363281 0.277778 0.348438 0.3625 0.33125 0.352778
2 0.357031 0.277778 0.376563 0.281944 0.372656 0.3625 0.353125 0.358333
2 0.394531 0.358333 0.375781 0.366667 0.365625 0.283333 0.385156 0.275
2 0.413281 0.363889 0.39375 0.373611 0.380469 0.294444 0.4 0.283333
2 0.454688 0.370833 0.445312 0.395833 0.403906 0.348611 0.413281 0.323611
2 0.351562 0.252778 0.399219 0.252778 0.399219 0.284722 0.351562 0.284722
1 0.448437 0.252778 0.317969 0.275 0.314844 0.216667 0.444531 0.193056
0 0.546094 0.1875 0.45 0.281944 0.439844 0.248611 0.535937 0.155556
2 0.376563 0.401389 0.389062 0.429167 0.35625 0.477778 0.34375 0.451389
2 0.377344 0.365278 0.407813 0.420833 0.392969 0.445833 0.3625 0.390278
2 0.4875 0.468056 0.503125 0.480556 0.484375 0.558333 0.46875 0.547222
2 0.492188 0.518056 0.510156 0.525 0.499219 0.606944 0.48125 0.598611
2 0.475781 0.513889 0.460938 0.536111 0.430469 0.470833 0.444531 0.45
3 0.458594 0.538889 0.43125 0.581944 0.41875 0.554167 0.445312 0.5125
0 0.419531 0.468056 0.432031 0.4875 0.367188 0.618056 0.353906 0.597222
2 0.41875 0.5 0.380469 0.547222 0.367969 0.513889 0.40625 0.468056
3 0.304688 0.509722 0.328125 0.509722 0.328125 0.580556 0.304688 0.580556
2 0.340625 0.675 0.320312 0.677778 0.317188 0.598611 0.3375 0.595833
3 0.429688 0.780556 0.471094 0.802778 0.464844 0.834722 0.424219 0.8125
3 0.494531 0.754167 0.455469 0.783333 0.446875 0.747222 0.485938 0.718056
3 0.307031 0.647222 0.326562 0.65 0.323437 0.716667 0.303906 0.713889
2 0.319531 0.719444 0.336719 0.729167 0.322656 0.806944 0.305469 0.797222
2 0.259375 0.734722 0.275781 0.736111 0.273438 0.805556 0.257031 0.804167
0 0.324219 0.793056 0.333594 0.808333 0.278125 0.909722 0.26875 0.894444
3 0.349219 0.886111 0.335938 0.902778 0.313281 0.843056 0.326562 0.826389
2 0.314063 0.911111 0.278125 0.936111 0.271094 0.902778 0.307031 0.877778
0 0.307812 0.347222 0.324219 0.361111 0.285156 0.525 0.26875 0.511111
3 0.240625 0.620833 0.2 0.623611 0.199219 0.584722 0.239844 0.580556
0 0.132812 0.719444 0.224219 0.783333 0.216406 0.818056 0.125 0.755556
2 0.167969 0.830556 0.18125 0.858333 0.15 0.901389 0.1375 0.873611
1 0.144531 0.872222 0.0578125 0.991667 0.040625 0.952778 0.128125 0.831944
1 0 0.370833 0.0359375 0.370833 0.0359375 0.443056 0 0.443056
0 0.1 0.3 0.119531 0.306944 0.100781 0.468056 0.0820312 0.461111
0 0.126562 0.504167 0.10625 0.515278 0.0757812 0.352778 0.0960938 0.340278
2 0.4125 0.943056 0.425 0.966667 0.40625 0.998611 0.392969 0.975
