1 0.025 0.126389 0.148438 0.234722 0.134375 0.2875 0.0101563 0.179167
2 0.205469 0.169444 0.221875 0.175 0.215625 0.225 0.199219 0.219444
2 0.23125 0.133333 0.20625 0.151389 0.200781 0.126389 0.225781 0.108333
3 0.219531 0.123611 0.185938 0.130556 0.184375 0.104167 0.21875 0.0986111
2 0.289844 0.236111 0.319531 0.236111 0.319531 0.268056 0.289844 0.268056
2 0.219531 0.379167 0.260937 0.411111 0.252344 0.445833 0.210938 0.415278
2 0.214062 0.429167 0.196094 0.456944 0.166406 0.391667 0.184375 0.365278
2 0.0171875 0.495833 0.0757812 0.516667 0.0710937 0.555556 0.0125 0.534722
3 0.0320312 0.530556 0.059375 0.536111 0.0554687 0.604167 0.028125 0.598611
2 0.08125 0.598611 0.136719 0.640278 0.127344 0.676389 0.0726563 0.636111
2 0.210938 0.648611 0.261719 0.648611 0.261719 0.691667 0.210938 0.691667
0 0.260156 0.652778 0.352344 0.652778 0.352344 0.686111 0.260156 0.686111
2 0.314844 0.630556 0.348438 0.630556 0.348438 0.659722 0.314844 0.659722
0 0.327344 0.513889 0.341406 0.541667 0.282813 0.634722 0.26875 0.606944
3 0.292969 0.511111 0.325781 0.511111 0.325781 0.548611 0.292969 0.548611
2 0.321094 0.506944 0.307812 0.526389 0.282031 0.470833 0.295312 0.451389
2 0.153125 0.801389 0.132812 0.826389 0.101562 0.745833 0.121875 0.719444
2 0.203125 0.761111 0.252344 0.7875 0.245312 0.825 0.196875 0.797222
2 0.189844 0.776389 0.228906 0.836111 0.214844 0.865278 0.175781 0.805556
2 0.239063 0.902778 0.185938 0.941667 0.177344 0.905556 0.230469 0.866667
2 0.267969 0.956944 0.213281 0.986111 0.20625 0.944444 0.260937 0.913889
3 0.332031 0.943056 0.371094 0.943056 0.371094 0.990278 0.332031 0.990278
1 0.385156 0.716667 0.46875 0.870833 0.449219 0.904167 0.364844 0.75
3 0.414062 0.695833 0.432812 0.709722 0.419531 0.763889 0.401562 0.75
1 0.296875 0.551389 0.399219 0.65 0.386719 0.691667 0.285156 0.591667
3 0.395313 0.645833 0.410938 0.654167 0.401562 0.705556 0.385937 0.695833
3 0.375781 0.611111 0.408594 0.622222 0.404687 0.652778 0.372656 0.640278
0 0.409375 0.573611 0.425 0.576389 0.417187 0.709722 0.402344 0.708333
2 0.41875 0.627778 0.432031 0.627778 0.432031 0.694444 0.41875 0.694444
2 0.5125 0.658333 0.496094 0.663889 0.489063 0.604167 0.505469 0.598611
2 0.519531 0.609722 0.535156 0.611111 0.532031 0.670833 0.516406 0.669444
2 0.535937 0.616667 0.547656 0.619444 0.544531 0.670833 0.532813 0.669444
2 0.63125 0.775 0.642188 0.801389 0.622656 0.829167 0.611719 0.802778
1 0.711719 0.879167 0.697656 0.897222 0.658594 0.795833 0.672656 0.777778
2 0.589844 0.595833 0.620313 0.6125 0.614844 0.640278 0.585156 0.623611
3 0.717187 0.586111 0.734375 0.586111 0.734375 0.620833 0.717187 0.620833
3 0.621875 0.551389 0.642188 0.580556 0.629687 0.605556 0.610156 0.576389
3 0.590625 0.5125 0.6125 0.525 0.607031 0.555556 0.585156 0.543056
3 0.617188 0.468056 0.635156 0.468056 0.635156 0.498611 0.617188 0.498611
0 0.363281 0.501389 0.423438 0.523611 0.420312 0.55 0.360156 0.529167
2 0.434375 0.520833 0.446094 0.526389 0.436719 0.577778 0.425 0.570833
2 0.448437 0.523611 0.459375 0.534722 0.446094 0.579167 0.435156 0.566667
0 0.449219 0.552778 0.517969 0.575 0.514844 0.601389 0.446875 0.579167
2 0.492969 0.548611 0.526563 0.561111 0.523438 0.584722 0.489844 0.572222
0 0.403906 0.491667 0.476562 0.495833 0.475781 0.522222 0.403125 0.518056
2 0.414844 0.505556 0.444531 0.505556 0.444531 0.527778 0.414844 0.527778
1 0.410938 0.470833 0.492188 0.472222 0.491406 0.508333 0.410156 0.505556
2 0.514062 0.497222 0.540625 0.529167 0.535156 0.541667 0.508594 0.509722
2 0.476562 0.454167 0.465625 0.468056 0.446875 0.416667 0.457031 0.404167
3 0.478906 0.436111 0.502344 0.470833 0.49375 0.4875 0.470313 0.452778
3 0.499219 0.447222 0.517969 0.470833 0.510156 0.491667 0.491406 0.468056
2 0.553906 0.465278 0.575781 0.498611 0.567969 0.515278 0.546094 0.481944
0 0.498437 0.408333 0.484375 0.418056 0.464062 0.330556 0.478125 0.320833
0 0.485156 0.2875 0.496094 0.288889 0.491406 0.365278 0.48125 0.3625
3 0.501563 0.4125 0.521094 0.434722 0.514062 0.452778 0.495312 0.429167
2 0.434375 0.322222 0.445312 0.338889 0.43125 0.366667 0.420312 0.351389
2 0.416406 0.261111 0.427344 0.273611 0.414844 0.305556 0.404687 0.291667
2 0.484375 0.205556 0.475 0.213889 0.461719 0.170833 0.471094 0.1625
0 0.589063 0.384722 0.641406 0.431944 0.635156 0.452778 0.583594 0.405556
0 0.633594 0.418056 0.640625 0.430556 0.611719 0.476389 0.605469 0.4625
