0 0.153125 0.4125 0.214844 0.429167 0.2125 0.454167 0.150781 0.4375
3 0.20625 0.445833 0.236719 0.445833 0.236719 0.472222 0.20625 0.472222
1 0.270313 0.280556 0.334375 0.358333 0.323437 0.3875 0.259375 0.308333
2 0.252344 0.548611 0.286719 0.555556 0.285938 0.579167 0.250781 0.572222
3 0.267188 0.566667 0.278125 0.581944 0.260937 0.619444 0.250781 0.602778
3 0.26875 0.594444 0.299219 0.594444 0.299219 0.623611 0.26875 0.623611
2 0.305469 0.484722 0.333594 0.490278 0.332031 0.516667 0.303906 0.5125
2 0.334375 0.479167 0.346875 0.483333 0.341406 0.527778 0.329688 0.523611
2 0.345313 0.451389 0.367969 0.484722 0.360938 0.498611 0.339062 0.465278
2 0.385156 0.6 0.36875 0.611111 0.363281 0.586111 0.378906 0.573611
3 0.397656 0.595833 0.385156 0.605556 0.375 0.563889 0.3875 0.554167
0 0.320312 0.608333 0.375781 0.652778 0.370312 0.673611 0.314844 0.627778
2 0.376563 0.648611 0.386719 0.659722 0.371875 0.706944 0.361719 0.695833
2 0.345313 0.645833 0.374219 0.6625 0.369531 0.688889 0.340625 0.672222
2 0.304688 0.629167 0.3375 0.636111 0.335938 0.663889 0.303125 0.656944
0 0.317188 0.681944 0.327344 0.695833 0.286719 0.788889 0.276562 0.773611
2 0.303906 0.733333 0.314844 0.745833 0.296875 0.790278 0.286719 0.777778
2 0.316406 0.745833 0.326562 0.761111 0.303906 0.808333 0.29375 0.793056
2 0.321094 0.763889 0.345313 0.781944 0.338281 0.808333 0.314063 0.790278
2 0.334375 0.747222 0.360156 0.783333 0.350781 0.802778 0.325781 0.766667
2 0.354687 0.779167 0.367969 0.784722 0.361719 0.840278 0.348438 0.834722
0 0.371875 0.784722 0.307812 0.826389 0.303125 0.802778 0.367188 0.761111
3 0.388281 0.734722 0.413281 0.734722 0.413281 0.765278 0.388281 0.765278
0 0.373437 0.813889 0.388281 0.820833 0.373437 0.934722 0.357812 0.927778
2 0.350781 0.916667 0.382031 0.933333 0.377344 0.959722 0.346094 0.941667
3 0.539844 0.977778 0.566406 0.977778 0.566406 0.998611 0.539844 0.998611
0 0.551562 0.759722 0.539062 0.770833 0.511719 0.675 0.524219 0.663889
0 0.725781 0.754167 0.713281 0.765278 0.683594 0.669444 0.696875 0.656944
3 0.773438 0.4875 0.785937 0.494444 0.779687 0.529167 0.767188 0.522222
2 0.649219 0.695833 0.657813 0.704167 0.645312 0.745833 0.636719 0.736111
2 0.671875 0.695833 0.652344 0.704167 0.65 0.683333 0.669531 0.676389
1 0.544531 0.630556 0.529687 0.634722 0.520312 0.513889 0.535156 0.511111
3 0.552344 0.602778 0.542188 0.606944 0.5375 0.569444 0.548438 0.565278
3 0.567969 0.6 0.557813 0.606944 0.55 0.573611 0.559375 0.566667
2 0.56875 0.608333 0.589063 0.633333 0.583594 0.647222 0.563281 0.622222
2 0.572656 0.591667 0.564844 0.598611 0.553125 0.561111 0.561719 0.552778
1 0.570312 0.625 0.626563 0.695833 0.617969 0.716667 0.561719 0.647222
2 0.621875 0.7 0.646094 0.705556 0.645312 0.725 0.621094 0.719444
3 0.624219 0.684722 0.64375 0.684722 0.64375 0.708333 0.624219 0.708333
3 0.60625 0.654167 0.624219 0.680556 0.617188 0.693056 0.599219 0.666667
2 0.647656 0.65 0.640625 0.655556 0.63125 0.616667 0.639062 0.611111
0 0.574219 0.536111 0.608594 0.604167 0.601562 0.615278 0.567969 0.545833
2 0.591406 0.531944 0.603125 0.536111 0.598437 0.579167 0.586719 0.575
2 0.652344 0.551389 0.673438 0.551389 0.673438 0.570833 0.652344 0.570833
2 0.640625 0.536111 0.663281 0.536111 0.663281 0.554167 0.640625 0.554167
0 0.596875 0.5375 0.550781 0.552778 0.548438 0.533333 0.595313 0.516667
3 0.66875 0.486111 0.686719 0.506944 0.677344 0.529167 0.660156 0.508333
3 0.644531 0.4625 0.664062 0.4625 0.664062 0.481944 0.644531 0.481944
1 0.566406 0.434722 0.580469 0.445833 0.557031 0.534722 0.54375 0.523611
2 0.564063 0.486111 0.572656 0.486111 0.572656 0.530556 0.564063 0.530556
2 0.642188 0.383333 0.659375 0.4125 0.650781 0.427778 0.634375 0.4
3 0.677344 0.408333 0.69375 0.408333 0.69375 0.431944 0.677344 0.431944
0 0.657813 0.331944 0.703125 0.365278 0.698438 0.383333 0.653125 0.35
0 0.697656 0.352778 0.704688 0.368056 0.672656 0.4125 0.666406 0.397222
2 0.588281 0.440278 0.582812 0.45 0.567187 0.416667 0.573438 0.408333
2 0.575 0.368056 0.59375 0.395833 0.586719 0.409722 0.56875 0.381944
0 0.564844 0.270833 0.575781 0.275 0.567187 0.348611 0.55625 0.344444
3 0.526563 0.306944 0.546094 0.313889 0.54375 0.333333 0.524219 0.325
0 0.523438 0.301389 0.489844 0.333333 0.484375 0.316667 0.51875 0.283333
2 0.503125 0.444444 0.494531 0.451389 0.485938 0.413889 0.494531 0.408333
2 0.483594 0.281944 0.505469 0.281944 0.505469 0.302778 0.483594 0.302778
2 0.476562 0.25 0.499219 0.25 0.499219 0.269444 0.476562 0.269444
2 0.434375 0.298611 0.414062 0.319444 0.408594 0.302778 0.428906 0.281944
2 0.370312 0.215278 0.354687 0.244444 0.346094 0.227778 0.360938 0.2
3 0.350781 0.2 0.357031 0.2125 0.339844 0.2375 0.333594 0.223611
2 0.567969 0.186111 0.558594 0.194444 0.55 0.156944 0.559375 0.148611
