0 0.871875 0.2875 0.992969 0.2875 0.992969 0.333333 0.871875 0.333333
0 0.995313 0.361111 0.861719 0.384722 0.859375 0.343056 0.992969 0.319444
2 0.926562 0.630556 0.955469 0.630556 0.955469 0.686111 0.926562 0.686111
2 0.75625 0.616667 0.776563 0.636111 0.750781 0.720833 0.730469 0.7
2 0.810937 0.754167 0.790625 0.784722 0.748437 0.695833 0.76875 0.665278
2 0.748437 0.744444 0.728125 0.772222 0.696094 0.7 0.716406 0.672222
3 0.80625 0.709722 0.760938 0.754167 0.749219 0.715278 0.794531 0.672222
3 0.699219 0.597222 0.755469 0.638889 0.744531 0.684722 0.688281 0.641667
1 0.700781 0.825 0.661719 0.838889 0.629687 0.559722 0.66875 0.545833
1 0.6 0.727778 0.761719 0.755556 0.757812 0.818056 0.596094 0.788889
0 0.688281 0.719444 0.570312 0.738889 0.56875 0.708333 0.686719 0.690278
0 0.582031 0.790278 0.479687 0.845833 0.473438 0.808333 0.575 0.751389
2 0.546875 0.831944 0.49375 0.872222 0.485938 0.838889 0.538281 0.8
0 0.61875 0.801389 0.524219 0.916667 0.514844 0.891667 0.609375 0.776389
0 0.596875 0.865278 0.499219 0.997222 0.486719 0.968056 0.584375 0.834722
3 0.583594 0.893056 0.609375 0.893056 0.609375 0.976389 0.583594 0.976389
2 0.569531 0.9 0.592187 0.9 0.592187 0.998611 0.569531 0.998611
2 0.467969 0.918056 0.489844 0.934722 0.475 0.997222 0.453125 0.980556
