1 0.461719 0.473611 0.432031 0.488889 0.396094 0.256944 0.425781 0.243056
2 0.246094 0.359722 0.260937 0.386111 0.229687 0.440278 0.214844 0.4125
0 0.388281 0.273611 0.405469 0.297222 0.342969 0.440278 0.325781 0.418056
2 0.403906 0.294444 0.41875 0.320833 0.385937 0.379167 0.371094 0.351389
0 0.390625 0.345833 0.409375 0.351389 0.389062 0.530556 0.370312 0.525
3 0.392188 0.45 0.4125 0.454167 0.407813 0.526389 0.388281 0.522222
0 0.426563 0.548611 0.409375 0.551389 0.403125 0.363889 0.420312 0.3625
2 0.41875 0.456944 0.435156 0.456944 0.435156 0.540278 0.41875 0.540278
2 0.461719 0.620833 0.476562 0.643056 0.448437 0.702778 0.434375 0.680556
3 0.532031 0.686111 0.499219 0.718056 0.490625 0.6875 0.523438 0.655556
3 0.264062 0.669444 0.3 0.695833 0.291406 0.729167 0.25625 0.702778
2 0.208594 0.886111 0.19375 0.905556 0.169531 0.85 0.184375 0.829167
2 0.180469 0.9125 0.15 0.936111 0.142969 0.908333 0.173437 0.883333
2 0.25 0.8 0.265625 0.808333 0.253125 0.876389 0.2375 0.868056
2 0.282813 0.902778 0.26875 0.913889 0.252344 0.848611 0.267188 0.8375
2 0.292969 0.893056 0.276562 0.902778 0.261719 0.827778 0.278125 0.818056
2 0.349219 0.747222 0.363281 0.766667 0.341406 0.811111 0.328125 0.791667
3 0.335938 0.911111 0.311719 0.941667 0.303125 0.919444 0.327344 0.890278
0 0.395313 0.791667 0.409375 0.811111 0.359375 0.916667 0.346094 0.895833
0 0.396094 0.802778 0.324219 0.888889 0.314063 0.8625 0.385937 0.776389
3 0.444531 0.866667 0.428125 0.883333 0.408594 0.820833 0.425781 0.804167
2 0.511719 0.941667 0.557813 0.941667 0.557813 0.976389 0.511719 0.976389
2 0.3875 0.9125 0.402344 0.919444 0.389844 0.993056 0.375 0.986111
0 0.3875 0.848611 0.403125 0.859722 0.374219 0.997222 0.357812 0.986111
0 0.776563 0.459722 0.79375 0.498611 0.704688 0.623611 0.6875 0.586111
3 0.907813 0.815278 0.885938 0.836111 0.861719 0.756944 0.883594 0.734722
3 0.9625 0.866667 0.938281 0.869444 0.935937 0.781944 0.959375 0.779167
3 0.842969 0.870833 0.866406 0.898611 0.841406 0.963889 0.817969 0.934722
2 0.984375 0.893056 0.926562 0.926389 0.91875 0.880556 0.976562 0.847222
