3 0.749219 0.704167 0.766406 0.736111 0.736719 0.7875 0.719531 0.755556
1 0.991406 0.577778 0.803906 0.634722 0.797656 0.565278 0.984375 0.508333
2 0.824219 0.366667 0.864062 0.395833 0.854688 0.433333 0.815625 0.404167
2 0.432031 0.375 0.400781 0.402778 0.39375 0.379167 0.425781 0.351389
2 0.428125 0.479167 0.396875 0.502778 0.389844 0.472222 0.421094 0.448611
1 0.400781 0.505556 0.486719 0.545833 0.480469 0.586111 0.394531 0.545833
2 0.453906 0.5625 0.4875 0.595833 0.480469 0.618056 0.446875 0.584722
2 0.485938 0.619444 0.496094 0.630556 0.478125 0.690278 0.467187 0.680556
3 0.459375 0.679167 0.478906 0.679167 0.478906 0.711111 0.459375 0.711111
3 0.355469 0.556944 0.371875 0.569444 0.360156 0.619444 0.34375 0.606944
0 0.389844 0.541667 0.403125 0.543056 0.400781 0.670833 0.3875 0.670833
2 0.397656 0.6 0.410938 0.6 0.410938 0.663889 0.397656 0.663889
3 0.438281 0.634722 0.423438 0.648611 0.408594 0.598611 0.423438 0.584722
0 0.471875 0.668056 0.457813 0.684722 0.408594 0.5625 0.422656 0.544444
