2 0.411719 0.283333 0.423438 0.302778 0.396094 0.35 0.385156 0.329167
0 0.528125 0.218056 0.542188 0.240278 0.4875 0.354167 0.473438 0.330556
2 0.538281 0.229167 0.550781 0.252778 0.523438 0.298611 0.510938 0.276389
0 0.527344 0.277778 0.54375 0.284722 0.525 0.418056 0.508594 0.409722
0 0.536719 0.288889 0.555469 0.288889 0.555469 0.431944 0.536719 0.431944
2 0.55 0.358333 0.566406 0.361111 0.5625 0.427778 0.546094 0.423611
3 0.527344 0.352778 0.545312 0.355556 0.542188 0.413889 0.524219 0.409722
1 0.586719 0.375 0.559375 0.386111 0.535156 0.206944 0.5625 0.194444
2 0.58125 0.480556 0.596875 0.502778 0.571094 0.556944 0.55625 0.534722
3 0.639844 0.5375 0.607031 0.563889 0.6 0.534722 0.632812 0.508333
0 0.828906 0.361111 0.841406 0.388889 0.775 0.486111 0.7625 0.459722
3 0.875781 0.658333 0.895312 0.686111 0.872656 0.7375 0.853125 0.709722
3 0.925 0.620833 0.90625 0.640278 0.885938 0.575 0.905469 0.556944
3 0.940625 0.588889 0.964063 0.588889 0.964063 0.661111 0.940625 0.661111
2 0.980469 0.670833 0.936719 0.704167 0.929688 0.672222 0.973437 0.640278
1 0.732812 0.791667 0.748437 0.829167 0.672656 0.936111 0.65625 0.9
1 0.709375 0.780556 0.725 0.820833 0.647656 0.913889 0.632031 0.873611
2 0.742188 0.902778 0.782813 0.933333 0.776563 0.955556 0.736719 0.926389
0 0.749219 0.8125 0.763281 0.8125 0.763281 0.954167 0.749219 0.954167
3 0.696094 0.897222 0.715625 0.897222 0.715625 0.959722 0.696094 0.959722
2 0.7 0.977778 0.685156 0.979167 0.682031 0.908333 0.696875 0.906944
2 0.657813 0.727778 0.657813 0.758333 0.617969 0.759722 0.617188 0.729167
2 0.625781 0.815278 0.641406 0.822222 0.633594 0.873611 0.617969 0.865278
0 0.655469 0.875 0.670312 0.8875 0.642188 0.998611 0.626563 0.986111
3 0.595313 0.858333 0.621875 0.858333 0.621875 0.888889 0.595313 0.888889
2 0.603906 0.865278 0.589063 0.870833 0.582031 0.805556 0.596094 0.8
2 0.576562 0.85 0.607812 0.8875 0.599219 0.911111 0.567969 0.872222
2 0.55 0.808333 0.582031 0.808333 0.582031 0.838889 0.55 0.838889
2 0.559375 0.901389 0.546094 0.915278 0.535156 0.880556 0.549219 0.868056
3 0.542969 0.905556 0.572656 0.905556 0.572656 0.930556 0.542969 0.930556
2 0.514844 0.916667 0.482031 0.927778 0.478906 0.9 0.511719 0.8875
3 0.457031 0.915278 0.471875 0.922222 0.463281 0.969444 0.449219 0.961111
0 0.479687 0.895833 0.466406 0.906944 0.438281 0.791667 0.452344 0.780556
0 0.467187 0.904167 0.41875 0.972222 0.410156 0.952778 0.459375 0.884722
2 0.341406 0.844444 0.354687 0.856944 0.339844 0.902778 0.327344 0.891667
2 0.349219 0.726389 0.31875 0.741667 0.314063 0.715278 0.344531 0.698611
2 0.36875 0.705556 0.355469 0.718056 0.339062 0.665278 0.352344 0.652778
2 0.407813 0.626389 0.420312 0.636111 0.407031 0.690278 0.394531 0.680556
2 0.432812 0.7125 0.421094 0.722222 0.407813 0.665278 0.419531 0.655556
2 0.441406 0.705556 0.428906 0.7125 0.417969 0.648611 0.430469 0.641667
3 0.476562 0.718056 0.455469 0.738889 0.447656 0.7125 0.46875 0.691667
0 0.533594 0.676389 0.504687 0.781944 0.491406 0.770833 0.519531 0.665278
2 0.519531 0.7125 0.532031 0.722222 0.51875 0.776389 0.50625 0.766667
3 0.565625 0.675 0.55 0.691667 0.535156 0.641667 0.550781 0.626389
0 0.524219 0.618056 0.535937 0.6375 0.494531 0.713889 0.483594 0.695833
0 0.526563 0.629167 0.466406 0.7 0.457813 0.676389 0.517969 0.605556
2 0.489844 0.580556 0.502344 0.602778 0.48125 0.641667 0.46875 0.619444
3 0.420312 0.523611 0.451562 0.547222 0.444531 0.575 0.413281 0.552778
