2 0.678125 0.326389 0.627344 0.369444 0.615625 0.327778 0.666406 0.283333
1 0.628125 0.713889 0.59375 0.719444 0.578125 0.441667 0.6125 0.436111
1 0.607031 0.868056 0.573438 0.873611 0.557031 0.581944 0.590625 0.576389
0 0.585938 0.927778 0.565625 0.933333 0.546094 0.702778 0.566406 0.697222
0 0.575781 0.941667 0.555469 0.95 0.525781 0.734722 0.546094 0.725
0 0.553125 0.980556 0.53125 0.9875 0.508594 0.752778 0.530469 0.745833
2 0.540625 0.734722 0.496094 0.784722 0.485156 0.752778 0.529687 0.702778
3 0.53125 0.556944 0.554688 0.572222 0.538281 0.651389 0.514844 0.636111
0 0.524219 0.513889 0.54375 0.525 0.509375 0.733333 0.489844 0.723611
2 0.499219 0.434722 0.521875 0.444444 0.509375 0.536111 0.4875 0.526389
0 0.485156 0.801389 0.464062 0.8125 0.428906 0.616667 0.45 0.605556
2 0.477344 0.795833 0.495312 0.802778 0.483594 0.901389 0.465625 0.895833
3 0.489063 0.793056 0.511719 0.802778 0.5 0.8875 0.477344 0.879167
3 0.477344 0.894444 0.499219 0.911111 0.479687 0.990278 0.457813 0.973611
3 0.464844 0.981944 0.44375 0.998611 0.425 0.919444 0.446094 0.904167
2 0.389844 0.823611 0.435937 0.840278 0.43125 0.877778 0.385156 0.861111
2 0.424219 0.772222 0.463281 0.831944 0.45 0.858333 0.410938 0.8
0 0.451562 0.801389 0.436719 0.811111 0.4 0.655556 0.414062 0.644444
0 0.355469 0.866667 0.449219 0.866667 0.449219 0.905556 0.355469 0.905556
1 0.321875 0.883333 0.292187 0.893056 0.269531 0.693056 0.299219 0.681944
0 0.3625 0.705556 0.346875 0.730556 0.292969 0.618056 0.308594 0.594444
0 0.397656 0.756944 0.38125 0.781944 0.325781 0.663889 0.342187 0.638889
0 0.415625 0.747222 0.400781 0.773611 0.336719 0.658333 0.350781 0.631944
3 0.378906 0.655556 0.407813 0.698611 0.392969 0.727778 0.364844 0.686111
0 0.340625 0.447222 0.4 0.555556 0.386719 0.576389 0.328125 0.469444
2 0.424219 0.470833 0.442969 0.480556 0.428906 0.5625 0.410156 0.551389
0 0.494531 0.363889 0.511719 0.372222 0.48125 0.572222 0.463281 0.5625
0 0.502344 0.397222 0.467187 0.558333 0.448437 0.544444 0.483594 0.383333
0 0.535156 0.323611 0.460156 0.436111 0.447656 0.409722 0.523438 0.297222
3 0.502344 0.348611 0.461719 0.363889 0.457813 0.326389 0.497656 0.3125
0 0.315625 0.529167 0.366406 0.622222 0.354687 0.643056 0.303906 0.548611
0 0.326562 0.498611 0.385937 0.570833 0.374219 0.601389 0.314844 0.527778
