0 0.384375 0.251389 0.36875 0.254167 0.364063 0.115278 0.379688 0.113889
2 0.378125 0.229167 0.366406 0.234722 0.357812 0.183333 0.369531 0.176389
0 0.378125 0.279167 0.364063 0.284722 0.347656 0.161111 0.360938 0.155556
0 0.360156 0.273611 0.409375 0.322222 0.403125 0.341667 0.353906 0.293056
2 0.3625 0.301389 0.390625 0.316667 0.385937 0.341667 0.357812 0.325
3 0.344531 0.313889 0.363281 0.313889 0.363281 0.336111 0.344531 0.336111
2 0.33125 0.277778 0.35625 0.277778 0.35625 0.302778 0.33125 0.302778
0 0.361719 0.319444 0.317969 0.323611 0.317188 0.3 0.360938 0.294444
3 0.289062 0.447222 0.304688 0.447222 0.304688 0.473611 0.289062 0.473611
2 0.317188 0.390278 0.325781 0.395833 0.316406 0.445833 0.308594 0.441667
0 0.31875 0.340278 0.332031 0.348611 0.311719 0.461111 0.299219 0.454167
0 0.340625 0.445833 0.321094 0.488889 0.3125 0.476389 0.332031 0.431944
0 0.348438 0.391667 0.359375 0.4 0.332813 0.502778 0.321875 0.494444
2 0.342187 0.527778 0.33125 0.541667 0.315625 0.5 0.326562 0.4875
3 0.360156 0.431944 0.376563 0.436111 0.369531 0.495833 0.353906 0.490278
2 0.352344 0.419444 0.363281 0.422222 0.358594 0.491667 0.347656 0.488889
2 0.382031 0.375 0.394531 0.377778 0.389062 0.447222 0.376563 0.443056
0 0.39375 0.341667 0.407031 0.347222 0.392969 0.468056 0.379688 0.463889
3 0.375 0.509722 0.390625 0.511111 0.389844 0.572222 0.374219 0.570833
2 0.357812 0.520833 0.376563 0.520833 0.376563 0.55 0.357812 0.55
3 0.388281 0.643056 0.370312 0.652778 0.360156 0.595833 0.378906 0.586111
3 0.3875 0.690278 0.40625 0.690278 0.40625 0.752778 0.3875 0.752778
3 0.330469 0.594444 0.349219 0.608333 0.342969 0.634722 0.324219 0.619444
1 0.45 0.826389 0.420312 0.836111 0.397656 0.631944 0.426563 0.622222
2 0.446094 0.720833 0.464844 0.720833 0.464844 0.802778 0.446094 0.802778
2 0.519531 0.858333 0.540625 0.858333 0.540625 0.966667 0.519531 0.966667
2 0.604688 0.947222 0.579688 0.948611 0.575781 0.827778 0.600781 0.825
3 0.471094 0.868056 0.448437 0.927778 0.427344 0.904167 0.449219 0.843056
3 0.422656 0.879167 0.442969 0.879167 0.442969 0.959722 0.422656 0.959722
0 0.336719 0.855556 0.392188 0.875 0.389062 0.898611 0.333594 0.879167
2 0.380469 0.809722 0.360938 0.823611 0.353906 0.793056 0.373437 0.777778
2 0.372656 0.751389 0.390625 0.777778 0.380469 0.797222 0.363281 0.772222
3 0.35625 0.716667 0.375 0.716667 0.375 0.756944 0.35625 0.756944
2 0.394531 0.752778 0.382812 0.766667 0.364063 0.716667 0.375781 0.702778
2 0.392188 0.656944 0.403906 0.665278 0.386719 0.736111 0.375781 0.726389
1 0.340625 0.658333 0.365625 0.659722 0.360938 0.861111 0.335938 0.858333
3 0.325781 0.918056 0.341406 0.918056 0.341406 0.976389 0.325781 0.976389
2 0.278906 0.873611 0.295312 0.876389 0.291406 0.941667 0.275781 0.938889
1 0.265625 0.9375 0.25 0.955556 0.214062 0.861111 0.229687 0.843056
2 0.232031 0.920833 0.244531 0.920833 0.244531 0.958333 0.232031 0.958333
2 0.303906 0.841667 0.292187 0.854167 0.275 0.808333 0.285938 0.795833
0 0.3375 0.868056 0.325781 0.873611 0.304688 0.755556 0.317188 0.748611
2 0.323437 0.866667 0.335938 0.875 0.325 0.923611 0.3125 0.915278
2 0.335938 0.883333 0.344531 0.895833 0.328906 0.929167 0.320312 0.915278
1 0.332031 0.6875 0.352344 0.711111 0.301563 0.848611 0.282031 0.825
0 0.321094 0.680556 0.307812 0.686111 0.298438 0.602778 0.311719 0.597222
2 0.284375 0.731944 0.274219 0.7375 0.264844 0.681944 0.275 0.676389
2 0.264062 0.734722 0.278125 0.7375 0.277344 0.759722 0.263281 0.758333
3 0.269531 0.6 0.28125 0.6 0.28125 0.648611 0.269531 0.648611
