3 0.175781 0.163889 0.0960938 0.208333 0.0835937 0.138889 0.164062 0.0944444
2 0.171875 0.2375 0.135156 0.265278 0.0929688 0.0888889 0.129688 0.0611111
2 0.115625 0 0.138281 0.05 0.0625 0.156944 0.0398437 0.106944
2 0.0539063 0.194444 0.0117188 0.201389 0.00390625 0.0569444 0.0460938 0.05
3 0.189844 0.723611 0.125781 0.759722 0.117188 0.708333 0.18125 0.672222
1 0.535937 0.4875 0.403125 0.511111 0.4 0.454167 0.532813 0.430556
2 0.453906 0.493056 0.471094 0.495833 0.467187 0.566667 0.45 0.563889
3 0.454688 0.630556 0.434375 0.633333 0.43125 0.563889 0.452344 0.561111
0 0.427344 0.559722 0.4375 0.593056 0.391406 0.634722 0.38125 0.6
3 0.417969 0.697222 0.396875 0.708333 0.385937 0.647222 0.407031 0.634722
2 0.403906 0.6875 0.419531 0.690278 0.414062 0.786111 0.398438 0.783333
2 0.366406 0.811111 0.402344 0.829167 0.396094 0.869444 0.360156 0.852778
3 0.495312 0.169444 0.519531 0.193056 0.490625 0.2875 0.466406 0.263889
3 0.526563 0.165278 0.558594 0.188889 0.547656 0.236111 0.514844 0.211111
3 0.566406 0.180556 0.602344 0.2 0.594531 0.243056 0.558594 0.223611
2 0.573438 0.152778 0.621094 0.170833 0.616406 0.213889 0.567969 0.195833
3 0.641406 0.0708333 0.654687 0.0902778 0.624219 0.154167 0.610938 0.134722
2 0.571094 0.133333 0.61875 0.133333 0.61875 0.163889 0.571094 0.163889
2 0.54375 0.0666667 0.55625 0.109722 0.50625 0.154167 0.494531 0.1125
2 0.535937 0.102778 0.475 0.140278 0.464062 0.0819444 0.525 0.0444444
