1 0.0015625 0.711111 0.040625 0.711111 0.040625 0.997222 0.0015625 0.997222
0 0.505469 0.701389 0.514062 0.709722 0.479687 0.820833 0.471094 0.8125
2 0.489844 0.734722 0.496875 0.741667 0.478125 0.797222 0.471875 0.790278
0 0.496875 0.686111 0.50625 0.695833 0.474219 0.8 0.464844 0.790278
2 0.460938 0.709722 0.471875 0.709722 0.471875 0.763889 0.460938 0.763889
0 0.453906 0.679167 0.465625 0.679167 0.465625 0.768056 0.453906 0.768056
3 0.461719 0.819444 0.448437 0.820833 0.447656 0.763889 0.460938 0.7625
0 0.399219 0.704167 0.453125 0.704167 0.453125 0.725 0.399219 0.725
2 0.407813 0.715278 0.439063 0.726389 0.435937 0.748611 0.404687 0.736111
2 0.432812 0.754167 0.425781 0.777778 0.401562 0.756944 0.408594 0.731944
3 0.402344 0.647222 0.413281 0.697222 0.394531 0.711111 0.383594 0.659722
0 0.460938 0.788889 0.471094 0.791667 0.457813 0.920833 0.447656 0.916667
0 0.398438 0.776389 0.434375 0.820833 0.425 0.843056 0.389844 0.8
0 0.396875 0.813889 0.440625 0.838889 0.435937 0.863889 0.392188 0.840278
2 0.383594 0.811111 0.396875 0.820833 0.380469 0.8875 0.367188 0.877778
2 0.428906 0.876389 0.396875 0.9 0.392188 0.880556 0.424219 0.855556
3 0.396875 0.904167 0.41875 0.904167 0.41875 0.930556 0.396875 0.930556
2 0.438281 0.904167 0.442969 0.922222 0.415625 0.945833 0.410938 0.927778
3 0.345313 0.933333 0.357031 0.933333 0.357031 0.988889 0.345313 0.988889
0 0.334375 0.840278 0.346094 0.852778 0.294531 0.998611 0.283594 0.984722
2 0.271875 0.783333 0.285156 0.804167 0.25 0.877778 0.236719 0.858333
2 0.239063 0.786111 0.257031 0.795833 0.239844 0.893056 0.222656 0.884722
2 0.298438 0.795833 0.280469 0.8 0.274219 0.715278 0.292187 0.711111
2 0.282031 0.798611 0.2625 0.802778 0.259375 0.736111 0.278125 0.733333
3 0.316406 0.691667 0.329688 0.711111 0.299219 0.773611 0.286719 0.755556
2 0.383594 0.965278 0.399219 0.965278 0.399219 1 0.383594 1
