2 0.410938 0.025 0.455469 0.025 0.455469 0.0611111 0.410938 0.0611111
0 0.545312 0.122222 0.561719 0.131944 0.530469 0.279167 0.514062 0.268056
0 0.614062 0.263889 0.600781 0.283333 0.545312 0.166667 0.558594 0.147222
1 0.839063 0.106944 0.853125 0.145833 0.760156 0.256944 0.745313 0.218056
2 0.790625 0.205556 0.819531 0.248611 0.807031 0.275 0.778125 0.231944
0 0.709375 0.301389 0.632812 0.329167 0.629687 0.301389 0.707031 0.273611
0 0.729688 0.311111 0.646094 0.344444 0.642969 0.320833 0.726562 0.2875
2 0.696094 0.338889 0.654687 0.3625 0.65 0.3375 0.692187 0.315278
2 0.676562 0.351389 0.688281 0.369444 0.667188 0.413889 0.655469 0.395833
2 0.575 0.327778 0.607812 0.327778 0.607812 0.355556 0.575 0.355556
3 0.60625 0.370833 0.574219 0.388889 0.569531 0.363889 0.602344 0.345833
3 0.633594 0.402778 0.645312 0.413889 0.628906 0.466667 0.617188 0.455556
2 0.653906 0.4875 0.690625 0.4875 0.690625 0.513889 0.653906 0.513889
2 0.66875 0.570833 0.679688 0.581944 0.663281 0.634722 0.652344 0.623611
2 0.76875 0.425 0.80625 0.445833 0.801562 0.469444 0.764062 0.45
2 0.811719 0.406944 0.794531 0.408333 0.792188 0.340278 0.809375 0.338889
2 0.725 0.375 0.696094 0.418056 0.686719 0.397222 0.715625 0.354167
3 0.769531 0.302778 0.796094 0.341667 0.784375 0.365278 0.758594 0.326389
3 0.790625 0.284722 0.817969 0.325 0.80625 0.348611 0.779687 0.308333
3 0.796094 0.255556 0.819531 0.297222 0.807813 0.316667 0.785156 0.275
0 0.775 0.258333 0.783594 0.276389 0.725781 0.365278 0.717187 0.347222
2 0.428125 0.295833 0.415625 0.304167 0.40625 0.252778 0.419531 0.245833
1 0.24375 0.768056 0.261719 0.786111 0.2375 0.863889 0.219531 0.847222
3 0.320312 0.830556 0.310937 0.85 0.292969 0.825 0.302344 0.805556
0 0.310937 0.806944 0.303125 0.823611 0.252344 0.752778 0.260156 0.734722
2 0.292969 0.691667 0.302344 0.709722 0.282813 0.743056 0.274219 0.725
2 0.284375 0.691667 0.290625 0.708333 0.267188 0.736111 0.260937 0.719444
3 0.317969 0.7 0.328906 0.715278 0.3125 0.75 0.302344 0.733333
3 0.254688 0.697222 0.267969 0.704167 0.260156 0.747222 0.246875 0.740278
1 0.441406 0.751389 0.369531 0.838889 0.358594 0.809722 0.430469 0.722222
1 0.403125 0.851389 0.384375 0.8625 0.360156 0.725 0.379688 0.715278
3 0.421875 0.784722 0.4375 0.784722 0.4375 0.827778 0.421875 0.827778
2 0.41875 0.806944 0.44375 0.8375 0.435937 0.855556 0.411719 0.826389
2 0.398438 0.802778 0.4125 0.802778 0.4125 0.834722 0.398438 0.834722
2 0.432812 0.8625 0.408594 0.891667 0.4 0.870833 0.425 0.840278
3 0.414062 0.844444 0.433594 0.868056 0.425781 0.8875 0.407031 0.863889
0 0.414062 0.790278 0.403125 0.8 0.371094 0.697222 0.382812 0.686111
0 0.364844 0.691667 0.355469 0.702778 0.316406 0.609722 0.325781 0.597222
2 0.317188 0.618056 0.341406 0.654167 0.333594 0.669444 0.310156 0.633333
2 0.292969 0.613889 0.269531 0.648611 0.260156 0.629167 0.283594 0.594444
0 0.309375 0.645833 0.36875 0.719444 0.360938 0.738889 0.301563 0.665278
0 0.282031 0.633333 0.342187 0.706944 0.335156 0.723611 0.275 0.651389
