2 0.290625 0.4875 0.339062 0.533333 0.327344 0.569444 0.279687 0.523611
1 0.409375 0.433333 0.4375 0.444444 0.409375 0.688889 0.38125 0.677778
0 0.45 0.604167 0.429688 0.605556 0.422656 0.402778 0.44375 0.401389
0 0.539844 0.663889 0.421094 0.719444 0.415625 0.679167 0.533594 0.623611
0 0.520312 0.679167 0.5375 0.688889 0.514844 0.822222 0.496875 0.8125
2 0.592187 0.855556 0.571094 0.872222 0.548438 0.781944 0.569531 0.765278
2 0.589844 0.8625 0.642969 0.9125 0.632812 0.945833 0.579688 0.894444
0 0.625781 0.765278 0.642969 0.776389 0.6125 0.936111 0.594531 0.925
0 0.644531 0.715278 0.664062 0.723611 0.638281 0.902778 0.61875 0.893056
3 0.660156 0.716667 0.680469 0.727778 0.666406 0.808333 0.646875 0.797222
3 0.679688 0.733333 0.698438 0.744444 0.682813 0.833333 0.664062 0.822222
2 0.720313 0.841667 0.671875 0.877778 0.663281 0.841667 0.711719 0.805556
3 0.734375 0.716667 0.697656 0.751389 0.685156 0.711111 0.721875 0.676389
0 0.78125 0.620833 0.682031 0.730556 0.671094 0.7 0.770312 0.588889
0 0.747656 0.458333 0.767969 0.470833 0.734375 0.643056 0.714063 0.630556
3 0.720313 0.5125 0.700781 0.527778 0.684375 0.456944 0.703906 0.443056
3 0.710156 0.431944 0.753906 0.465278 0.746094 0.497222 0.702344 0.465278
3 0.678125 0.420833 0.697656 0.431944 0.685937 0.498611 0.666406 0.4875
1 0.635938 0.404167 0.732812 0.593056 0.707812 0.634722 0.610156 0.445833
2 0.636719 0.384722 0.677344 0.445833 0.6625 0.475 0.622656 0.415278
0 0.644531 0.372222 0.7625 0.415278 0.758594 0.454167 0.639844 0.411111
0 0.570312 0.313889 0.671094 0.35 0.666406 0.388889 0.565625 0.352778
0 0.510156 0.259722 0.605469 0.308333 0.6 0.341667 0.504687 0.293056
0 0.505469 0.291667 0.608594 0.384722 0.599219 0.416667 0.496094 0.323611
0 0.505469 0.323611 0.600781 0.395833 0.592969 0.427778 0.497656 0.355556
1 0.48125 0.334722 0.610156 0.431944 0.597656 0.483333 0.46875 0.3875
1 0.479687 0.231944 0.509375 0.251389 0.4625 0.475 0.432031 0.455556
2 0.5 0.204167 0.545312 0.248611 0.533594 0.283333 0.489063 0.240278
0 0.625 0.647222 0.642188 0.666667 0.583594 0.818056 0.567187 0.798611
0 0.614062 0.622222 0.632031 0.644444 0.578906 0.781944 0.560937 0.759722
0 0.609375 0.594444 0.621875 0.609722 0.557031 0.780556 0.54375 0.763889
3 0.559375 0.654167 0.578906 0.677778 0.552344 0.745833 0.533594 0.722222
3 0.617969 0.555556 0.652344 0.588889 0.640625 0.627778 0.60625 0.593056
3 0.645312 0.5625 0.622656 0.570833 0.614844 0.502778 0.6375 0.494444
3 0.604688 0.509722 0.622656 0.523611 0.60625 0.588889 0.589063 0.576389
2 0.48125 0.508333 0.532031 0.508333 0.532031 0.540278 0.48125 0.540278
0 0.4625 0.359722 0.446094 0.370833 0.403906 0.183333 0.421094 0.172222
2 0.457031 0.2625 0.439844 0.279167 0.416406 0.202778 0.433594 0.186111
3 0.440625 0.181944 0.477344 0.218056 0.467187 0.25 0.430469 0.213889
