2 0.232031 0.138889 0.292187 0.138889 0.292187 0.184722 0.232031 0.184722
0 0.380469 0.147222 0.272656 0.241667 0.260937 0.198611 0.36875 0.104167
0 0.45625 0.0708333 0.469531 0.118056 0.35 0.225 0.336719 0.179167
0 0.424219 0.248611 0.2875 0.279167 0.284375 0.230556 0.421094 0.201389
0 0.425 0.283333 0.305469 0.304167 0.303125 0.2625 0.422656 0.240278
1 0.361719 0.434722 0.332813 0.480556 0.2125 0.243056 0.242188 0.195833
1 0.451562 0.366667 0.291406 0.395833 0.286719 0.316667 0.447656 0.2875
0 0.617969 0.0652778 0.45625 0.188889 0.441406 0.126389 0.602344 0.00138889
3 0.632812 0.170833 0.546094 0.180556 0.542969 0.0958333 0.629687 0.0847222
3 0.551562 0.151389 0.6125 0.225 0.592187 0.277778 0.53125 0.205556
3 0.558594 0.259722 0.525781 0.284722 0.496094 0.156944 0.528125 0.133333
2 0.446094 0.165278 0.520312 0.205556 0.5125 0.25 0.438281 0.209722
0 0.7 0.379167 0.667188 0.394444 0.617969 0.0777778 0.650781 0.0625
0 0.727344 0.25 0.757812 0.280556 0.680469 0.526389 0.65 0.495833
1 0.459375 0.183333 0.666406 0.313889 0.647656 0.408333 0.439844 0.279167
3 0.504687 0.301389 0.559375 0.368056 0.538281 0.422222 0.483594 0.355556
2 0.46875 0.3625 0.5125 0.443056 0.495312 0.472222 0.451562 0.391667
0 0.558594 0.704167 0.535156 0.720833 0.5 0.573611 0.524219 0.555556
0 0.464844 0.583333 0.485156 0.6125 0.429688 0.729167 0.410156 0.698611
0 0.574219 0.644444 0.553125 0.651389 0.532031 0.4625 0.553125 0.455556
0 0.592969 0.640278 0.566406 0.644444 0.557031 0.466667 0.583594 0.4625
3 0.553125 0.613889 0.525781 0.623611 0.517188 0.55 0.544531 0.540278
0 0.689063 0.7625 0.660937 0.777778 0.622656 0.554167 0.65 0.538889
0 0.707031 0.706944 0.68125 0.726389 0.635156 0.543056 0.660937 0.522222
3 0.701562 0.418056 0.734375 0.448611 0.705469 0.541667 0.673438 0.509722
3 0.689063 0.608333 0.664844 0.620833 0.648438 0.526389 0.672656 0.5125
3 0.726562 0.611111 0.689063 0.630556 0.673438 0.538889 0.710938 0.518056
2 0.760156 0.566667 0.780469 0.604167 0.733594 0.684722 0.713281 0.647222
2 0.653906 0.690278 0.721094 0.713889 0.714844 0.7625 0.648438 0.738889
