2 0.5875 0.325 0.572656 0.347222 0.540625 0.276389 0.55625 0.254167
0 0.694531 0.248611 0.713281 0.256944 0.686719 0.448611 0.667969 0.441667
1 0.679688 0.263889 0.70625 0.288889 0.642188 0.5125 0.615625 0.4875
0 0.739844 0.233333 0.721875 0.236111 0.708594 0.0402778 0.726562 0.0361111
2 0.748437 0.130556 0.730469 0.136111 0.720313 0.0527778 0.739062 0.0458333
3 0.747656 0.0527778 0.776563 0.106944 0.7625 0.131944 0.733594 0.0777778
3 0.744531 0.122222 0.779687 0.122222 0.779687 0.154167 0.744531 0.154167
1 0.784375 0.111111 0.809375 0.147222 0.719531 0.344444 0.694531 0.308333
1 0.771094 0.211111 0.875 0.381944 0.85 0.429167 0.746875 0.256944
0 0.799219 0.163889 0.874219 0.266667 0.860938 0.295833 0.786719 0.193056
0 0.789844 0.194444 0.865625 0.338889 0.85 0.365278 0.774219 0.220833
0 0.841406 0.254167 0.922656 0.341667 0.910937 0.375 0.830469 0.286111
0 0.89375 0.356944 0.984375 0.451389 0.974219 0.484722 0.882812 0.390278
3 0.917969 0.409722 0.935156 0.426389 0.915625 0.4875 0.899219 0.472222
2 0.9125 0.436111 0.895312 0.454167 0.871875 0.377778 0.889062 0.361111
3 0.939063 0.511111 0.921875 0.5125 0.921094 0.451389 0.938281 0.45
3 0.94375 0.438889 0.973437 0.494444 0.958594 0.519444 0.928125 0.463889
1 0.941406 0.597222 0.9125 0.618056 0.861719 0.397222 0.890625 0.376389
0 0.9625 0.486111 0.979688 0.502778 0.93125 0.647222 0.914844 0.629167
0 0.972656 0.645833 0.875 0.695833 0.86875 0.656944 0.966406 0.606944
3 0.922656 0.7 0.884375 0.720833 0.878125 0.6875 0.917188 0.665278
3 0.853125 0.455556 0.872656 0.455556 0.872656 0.526389 0.853125 0.526389
3 0.863281 0.672222 0.880469 0.693056 0.857031 0.751389 0.839844 0.730556
3 0.875781 0.695833 0.892188 0.715278 0.865625 0.781944 0.85 0.7625
2 0.895312 0.811111 0.845313 0.830556 0.840625 0.795833 0.890625 0.775
0 0.839063 0.691667 0.853906 0.706944 0.815625 0.830556 0.800781 0.815278
2 0.780469 0.780556 0.819531 0.844444 0.804688 0.872222 0.766406 0.808333
2 0.783594 0.769444 0.763281 0.777778 0.752344 0.683333 0.773438 0.675
0 0.839844 0.586111 0.854688 0.615278 0.780469 0.731944 0.766406 0.704167
0 0.838281 0.554167 0.853906 0.586111 0.782031 0.694444 0.767188 0.6625
3 0.796094 0.602778 0.757812 0.65 0.746875 0.619444 0.784375 0.573611
3 0.849219 0.506944 0.876563 0.556944 0.864062 0.576389 0.8375 0.527778
0 0.6625 0.515278 0.784375 0.516667 0.783594 0.554167 0.661719 0.552778
0 0.738281 0.569444 0.757031 0.591667 0.716406 0.697222 0.698438 0.673611
2 0.800781 0.331944 0.835156 0.384722 0.823438 0.408333 0.789062 0.355556
2 0.728906 0.380556 0.782031 0.409722 0.777344 0.436111 0.725 0.405556
