1 0.542188 0.204167 0.565625 0.208333 0.557031 0.4 0.532813 0.395833
0 0.617969 0.325 0.603125 0.331944 0.580469 0.176389 0.595313 0.169444
0 0.641406 0.394444 0.626563 0.401389 0.601562 0.252778 0.616406 0.244444
0 0.653125 0.397222 0.638281 0.406944 0.610938 0.261111 0.625 0.252778
3 0.657813 0.365278 0.64375 0.372222 0.633594 0.3125 0.647656 0.304167
0 0.639844 0.265278 0.624219 0.270833 0.604688 0.129167 0.620313 0.122222
0 0.663281 0.255556 0.647656 0.265278 0.619531 0.130556 0.635156 0.120833
0 0.675 0.247222 0.657813 0.252778 0.64375 0.101389 0.661719 0.0958333
2 0.719531 0.226389 0.730469 0.247222 0.704688 0.291667 0.69375 0.270833
3 0.771875 0.166667 0.800781 0.195833 0.791406 0.226389 0.7625 0.197222
0 0.749219 0.216667 0.816406 0.222222 0.815625 0.248611 0.748437 0.241667
0 0.772656 0.231944 0.782031 0.251389 0.728125 0.3375 0.717969 0.318056
0 0.785937 0.234722 0.796094 0.255556 0.733594 0.355556 0.723437 0.334722
2 0.776563 0.293056 0.785156 0.318056 0.752344 0.355556 0.742969 0.330556
2 0.847656 0.334722 0.883594 0.359722 0.878125 0.3875 0.842187 0.361111
0 0.771875 0.365278 0.782031 0.386111 0.720313 0.481944 0.710156 0.461111
3 0.777344 0.422222 0.750781 0.448611 0.744531 0.426389 0.771094 0.401389
1 0.813281 0.376389 0.833594 0.395833 0.786719 0.551389 0.766406 0.531944
1 0.775781 0.436111 0.797656 0.454167 0.753125 0.618056 0.73125 0.6
2 0.700781 0.479167 0.736719 0.479167 0.736719 0.502778 0.700781 0.502778
0 0.746875 0.497222 0.761719 0.508333 0.732812 0.627778 0.71875 0.616667
0 0.730469 0.495833 0.744531 0.505556 0.719531 0.629167 0.705469 0.620833
0 0.717187 0.495833 0.730469 0.505556 0.699219 0.638889 0.686719 0.630556
3 0.711719 0.519444 0.689844 0.558333 0.677344 0.5375 0.699219 0.497222
1 0.694531 0.529167 0.711719 0.555556 0.646094 0.694444 0.628125 0.668056
3 0.683594 0.577778 0.654687 0.602778 0.647656 0.572222 0.675781 0.548611
2 0.688281 0.488889 0.7 0.506944 0.675781 0.556944 0.664062 0.540278
0 0.714063 0.644444 0.665625 0.7375 0.655469 0.720833 0.703906 0.626389
2 0.653125 0.627778 0.61875 0.652778 0.613281 0.629167 0.647656 0.602778
0 0.621094 0.659722 0.605469 0.670833 0.574219 0.530556 0.589844 0.520833
3 0.632812 0.529167 0.65 0.529167 0.65 0.590278 0.632812 0.590278
0 0.5875 0.423611 0.657031 0.509722 0.648438 0.531944 0.578125 0.447222
2 0.671875 0.498611 0.655469 0.509722 0.642188 0.444444 0.657813 0.433333
2 0.624219 0.436111 0.65 0.483333 0.639062 0.502778 0.614062 0.455556
0 0.664844 0.3375 0.679688 0.340278 0.671875 0.475 0.657031 0.473611
0 0.692969 0.345833 0.70625 0.35 0.689063 0.497222 0.675781 0.493056
