0 0.665625 0.00833333 0.727344 0.0305556 0.724219 0.0555556 0.6625 0.0333333
3 0.65625 0.0694444 0.678906 0.1 0.66875 0.125 0.646094 0.0930556
3 0.638281 0.0486111 0.649219 0.0597222 0.635938 0.0986111 0.625 0.0875
0 0.525 0.0402778 0.5375 0.0638889 0.483594 0.152778 0.471875 0.129167
0 0.589844 0.0902778 0.600781 0.104167 0.555469 0.2125 0.545312 0.198611
0 0.611719 0.101389 0.625781 0.115278 0.5875 0.240278 0.574219 0.227778
3 0.591406 0.198611 0.563281 0.218056 0.557813 0.193056 0.585938 0.173611
0 0.630469 0.175 0.636719 0.193056 0.571094 0.261111 0.565625 0.241667
0 0.655469 0.2125 0.590625 0.283333 0.583594 0.2625 0.648438 0.191667
3 0.60625 0.248611 0.578906 0.273611 0.573438 0.254167 0.6 0.227778
3 0.660156 0.211111 0.676562 0.211111 0.676562 0.266667 0.660156 0.266667
3 0.694531 0.266667 0.710938 0.266667 0.710938 0.320833 0.694531 0.320833
2 0.708594 0.265278 0.719531 0.265278 0.719531 0.323611 0.708594 0.323611
3 0.709375 0.198611 0.685937 0.233333 0.677344 0.213889 0.700781 0.180556
0 0.650781 0.240278 0.6625 0.25 0.634375 0.354167 0.622656 0.343056
2 0.639062 0.316667 0.670312 0.327778 0.667188 0.351389 0.636719 0.338889
2 0.664844 0.368056 0.636719 0.388889 0.63125 0.366667 0.660156 0.345833
0 0.599219 0.344444 0.613281 0.345833 0.60625 0.477778 0.591406 0.476389
1 0.384375 0.0652778 0.470313 0.179167 0.45625 0.2125 0.370312 0.0986111
0 0.500781 0.123611 0.511719 0.131944 0.480469 0.252778 0.470313 0.244444
2 0.49375 0.194444 0.508594 0.194444 0.508594 0.256944 0.49375 0.256944
0 0.503906 0.1375 0.51875 0.1375 0.51875 0.265278 0.503906 0.265278
0 0.53125 0.344444 0.516406 0.345833 0.515625 0.205556 0.530469 0.204167
0 0.584375 0.219444 0.528906 0.258333 0.524219 0.236111 0.579688 0.197222
2 0.570312 0.251389 0.539062 0.276389 0.533594 0.252778 0.564844 0.229167
2 0.564844 0.244444 0.589844 0.281944 0.580469 0.3 0.55625 0.263889
2 0.611719 0.320833 0.600781 0.336111 0.582031 0.295833 0.592187 0.280556
3 0.585938 0.341667 0.573438 0.35 0.564063 0.297222 0.577344 0.290278
2 0.571094 0.343056 0.558594 0.344444 0.55625 0.284722 0.569531 0.283333
2 0.569531 0.334722 0.598437 0.355556 0.59375 0.379167 0.564063 0.359722
2 0.569531 0.359722 0.582031 0.359722 0.582031 0.425 0.569531 0.425
2 0.528906 0.340278 0.560937 0.340278 0.560937 0.363889 0.528906 0.363889
3 0.561719 0.322222 0.548438 0.329167 0.539062 0.275 0.552344 0.266667
3 0.540625 0.384722 0.557813 0.384722 0.557813 0.427778 0.540625 0.427778
3 0.502344 0.363889 0.529687 0.379167 0.525781 0.401389 0.498437 0.386111
3 0.507031 0.308333 0.475781 0.318056 0.472656 0.291667 0.503906 0.280556
3 0.507031 0.256944 0.525 0.297222 0.514062 0.3125 0.496094 0.272222
3 0.485938 0.234722 0.5 0.234722 0.5 0.2875 0.485938 0.2875
2 0.528906 0.402778 0.542188 0.402778 0.542188 0.447222 0.528906 0.447222
3 0.503125 0.3875 0.532031 0.402778 0.528125 0.423611 0.499219 0.406944
0 0.536719 0.480556 0.598437 0.484722 0.597656 0.506944 0.535937 0.504167
0 0.591406 0.613889 0.579688 0.618056 0.567187 0.505556 0.579688 0.501389
3 0.595313 0.502778 0.609375 0.509722 0.601562 0.558333 0.588281 0.551389
1 0.53125 0.497222 0.599219 0.516667 0.595313 0.55 0.528125 0.530556
0 0.469531 0.516667 0.389844 0.538889 0.3875 0.511111 0.467187 0.490278
0 0.471875 0.534722 0.39375 0.569444 0.389844 0.543056 0.46875 0.508333
1 0.471875 0.511111 0.486719 0.544444 0.453125 0.591667 0.439063 0.558333
1 0.549219 0.577778 0.597656 0.668056 0.582812 0.693056 0.534375 0.604167
