2 0.399219 0.309722 0.384375 0.323611 0.366406 0.265278 0.38125 0.251389
1 0.4375 0.313889 0.415625 0.326389 0.379688 0.141667 0.402344 0.127778
0 0.427344 0.236111 0.413281 0.238889 0.401562 0.0888889 0.415625 0.0847222
0 0.494531 0.265278 0.504687 0.291667 0.428906 0.388889 0.41875 0.363889
0 0.492188 0.308333 0.5 0.330556 0.428906 0.413889 0.420312 0.391667
0 0.478906 0.348611 0.489063 0.372222 0.424219 0.463889 0.414062 0.440278
0 0.571094 0.379167 0.582812 0.398611 0.517188 0.519444 0.505469 0.5
0 0.589844 0.356944 0.603125 0.377778 0.540625 0.509722 0.527344 0.488889
2 0.621094 0.436111 0.578125 0.445833 0.575781 0.413889 0.61875 0.402778
2 0.602344 0.526389 0.586719 0.533333 0.578125 0.458333 0.59375 0.451389
3 0.640625 0.302778 0.672656 0.326389 0.664844 0.359722 0.632812 0.334722
3 0.603906 0.272222 0.622656 0.279167 0.614844 0.343056 0.596875 0.336111
3 0.732031 0.3125 0.692969 0.340278 0.685937 0.309722 0.725 0.280556
0 0.771094 0.219444 0.778125 0.248611 0.685937 0.316667 0.679688 0.286111
1 0.683594 0.297222 0.65625 0.315278 0.616406 0.130556 0.642969 0.111111
0 0.738281 0.105556 0.754687 0.111111 0.738281 0.261111 0.722656 0.255556
3 0.728125 0.122222 0.739844 0.143056 0.711719 0.191667 0.7 0.169444
3 0.754687 0.1 0.721094 0.125 0.714844 0.0972222 0.748437 0.0722222
3 0.782031 0.0291667 0.795312 0.0486111 0.770312 0.101389 0.757812 0.0805556
2 0.764844 0 0.779687 0.00833333 0.767969 0.0736111 0.753125 0.0652778
2 0.510938 0.372222 0.545312 0.405556 0.535937 0.433333 0.502344 0.401389
3 0.509375 0.297222 0.524219 0.319444 0.499219 0.372222 0.484375 0.348611
0 0.539844 0.265278 0.551562 0.280556 0.496094 0.415278 0.485156 0.4
0 0.577344 0.230556 0.589844 0.243056 0.55 0.370833 0.538281 0.359722
0 0.561719 0.252778 0.573438 0.266667 0.527344 0.3875 0.514844 0.373611
2 0.548438 0.263889 0.534375 0.266667 0.53125 0.194444 0.545312 0.191667
2 0.517969 0.2375 0.479687 0.251389 0.476562 0.222222 0.514844 0.208333
3 0.5375 0.263889 0.519531 0.269444 0.5125 0.208333 0.530469 0.201389
0 0.520312 0.266667 0.440625 0.295833 0.4375 0.268056 0.517188 0.238889
1 0.457031 0.0138889 0.480469 0.0208333 0.461719 0.215278 0.438281 0.208333
1 0.486719 0.0513889 0.598437 0.0513889 0.598437 0.0972222 0.486719 0.0972222
3 0.614062 0.0486111 0.625781 0.0666667 0.603125 0.113889 0.591406 0.0958333
3 0.589063 0.118056 0.605469 0.118056 0.605469 0.175 0.589063 0.175
3 0.585156 0.0972222 0.597656 0.1125 0.580469 0.156944 0.567969 0.141667
2 0.541406 0.0972222 0.572656 0.136111 0.563281 0.159722 0.532031 0.122222
3 0.51875 0.0333333 0.55 0.0333333 0.55 0.0625 0.51875 0.0625
3 0.554688 0.0319444 0.590625 0.0319444 0.590625 0.0611111 0.554688 0.0611111
0 0.530469 0.00277778 0.6125 0.0166667 0.610156 0.0472222 0.528125 0.0333333
0 0.449219 0.00416667 0.464844 0.0125 0.438281 0.1625 0.422656 0.154167
