3 0.419531 0.134722 0.403125 0.147222 0.389062 0.0888889 0.40625 0.0763889
2 0.432812 0.133333 0.417969 0.144444 0.402344 0.0763889 0.417187 0.0652778
3 0.357031 0.00138889 0.372656 0.0138889 0.363281 0.0527778 0.348438 0.0402778
3 0.355469 0.101389 0.340625 0.113889 0.325 0.05 0.340625 0.0375
0 0.321094 0.0972222 0.339844 0.0986111 0.334375 0.241667 0.316406 0.240278
2 0.371094 0.209722 0.332031 0.218056 0.329688 0.188889 0.369531 0.179167
0 0.3 0.0458333 0.3125 0.0611111 0.261719 0.191667 0.249219 0.177778
0 0.275 0.0375 0.288281 0.0569444 0.232031 0.180556 0.21875 0.161111
3 0.252344 0.123611 0.266406 0.144444 0.24375 0.190278 0.230469 0.170833
2 0.260156 0.184722 0.298438 0.213889 0.291406 0.243056 0.253125 0.213889
2 0.219531 0.163889 0.259375 0.194444 0.251563 0.225 0.2125 0.194444
3 0.221094 0.0722222 0.235937 0.0986111 0.209375 0.144444 0.195312 0.118056
0 0.238281 0.0930556 0.248438 0.116667 0.175781 0.219444 0.165625 0.195833
2 0.213281 0.152778 0.225 0.173611 0.194531 0.226389 0.183594 0.204167
2 0.290625 0.265278 0.291406 0.291667 0.249219 0.295833 0.248438 0.270833
2 0.292969 0.355556 0.279687 0.368056 0.257812 0.298611 0.271875 0.284722
0 0.335938 0.391667 0.31875 0.4 0.292969 0.251389 0.310156 0.241667
3 0.271875 0.2625 0.260156 0.281944 0.232031 0.230556 0.24375 0.209722
2 0.254688 0.272222 0.240625 0.288889 0.216406 0.225 0.230469 0.209722
3 0.208594 0.202778 0.232813 0.255556 0.21875 0.275 0.195312 0.222222
2 0.246875 0.297222 0.211719 0.330556 0.204687 0.306944 0.239063 0.273611
3 0.260156 0.373611 0.242969 0.391667 0.230469 0.35 0.247656 0.333333
3 0.18125 0.344444 0.213281 0.344444 0.213281 0.373611 0.18125 0.373611
3 0.185938 0.370833 0.224219 0.370833 0.224219 0.401389 0.185938 0.401389
2 0.257031 0.413889 0.241406 0.430556 0.221875 0.375 0.2375 0.358333
0 0.334375 0.430556 0.249219 0.476389 0.244531 0.45 0.328906 0.402778
1 0.338281 0.479167 0.242188 0.511111 0.238281 0.469444 0.334375 0.438889
0 0.207813 0.304167 0.192969 0.318056 0.146875 0.172222 0.161719 0.158333
0 0.167187 0.236111 0.151562 0.247222 0.117188 0.101389 0.132812 0.0902778
3 0.15 0.230556 0.185938 0.256944 0.178125 0.286111 0.142969 0.259722
3 0.164062 0.286111 0.134375 0.323611 0.124219 0.298611 0.153906 0.261111
3 0.151562 0.268056 0.134375 0.286111 0.115625 0.222222 0.132812 0.205556
2 0.154688 0.226389 0.138281 0.243056 0.117188 0.173611 0.133594 0.158333
0 0.108594 0.0888889 0.125781 0.0916667 0.121094 0.247222 0.104688 0.245833
1 0.0835937 0.175 0.0765625 0.223611 0.00078125 0.190278 0.0078125 0.141667
1 0.184375 0.5375 0.20625 0.561111 0.185938 0.620833 0.164062 0.598611
0 0.18125 0.565278 0.119531 0.634722 0.110156 0.608333 0.171875 0.5375
