2 0.389844 0.241667 0.414844 0.247222 0.408594 0.347222 0.384375 0.341667
1 0.432031 0.130556 0.465625 0.136111 0.450781 0.398611 0.417187 0.391667
0 0.509375 0.461111 0.407031 0.465278 0.40625 0.429167 0.509375 0.423611
0 0.452344 0.355556 0.536719 0.423611 0.528125 0.454167 0.444531 0.386111
2 0.501563 0.359722 0.541406 0.388889 0.533594 0.422222 0.49375 0.391667
3 0.539844 0.394444 0.554688 0.405556 0.538281 0.472222 0.524219 0.4625
2 0.553125 0.395833 0.566406 0.405556 0.547656 0.483333 0.535156 0.472222
0 0.489844 0.494444 0.403906 0.509722 0.401562 0.472222 0.488281 0.456944
0 0.473438 0.529167 0.375781 0.558333 0.372656 0.522222 0.470313 0.493056
3 0.516406 0.516667 0.480469 0.5375 0.474219 0.501389 0.510156 0.480556
0 0.479687 0.106944 0.501563 0.123611 0.461719 0.2875 0.439844 0.272222
0 0.536719 0.00416667 0.554688 0.0208333 0.507812 0.173611 0.489844 0.155556
0 0.557031 0.123611 0.485156 0.225 0.473438 0.197222 0.545312 0.0972222
2 0.539062 0.025 0.55625 0.0305556 0.547656 0.106944 0.530469 0.1
1 0.548438 0.123611 0.569531 0.156944 0.491406 0.322222 0.469531 0.288889
3 0.5625 0.0875 0.596094 0.1 0.591406 0.141667 0.557813 0.129167
3 0.595313 0.101389 0.611719 0.113889 0.596094 0.177778 0.579688 0.166667
2 0.589844 0.386111 0.56875 0.388889 0.566406 0.322222 0.588281 0.320833
3 0.619531 0.4 0.595313 0.418056 0.588281 0.3875 0.611719 0.369444
3 0.608594 0.398611 0.623437 0.409722 0.610938 0.459722 0.596094 0.448611
3 0.645312 0.388889 0.621094 0.401389 0.616406 0.376389 0.641406 0.3625
0 0.55 0.502778 0.463281 0.579167 0.45625 0.551389 0.542188 0.475
0 0.560937 0.519444 0.496875 0.595833 0.485938 0.566667 0.55 0.490278
0 0.572656 0.480556 0.583594 0.505556 0.51875 0.594444 0.507812 0.569444
2 0.50625 0.633333 0.488281 0.647222 0.46875 0.565278 0.486719 0.551389
0 0.5375 0.654167 0.449219 0.726389 0.439844 0.688889 0.528125 0.616667
0 0.542969 0.619444 0.553125 0.648611 0.471875 0.740278 0.461719 0.7125
2 0.525781 0.663889 0.564844 0.693056 0.55625 0.729167 0.517188 0.698611
2 0.507031 0.715278 0.525781 0.722222 0.516406 0.808333 0.496875 0.801389
0 0.617188 0.638889 0.686719 0.651389 0.684375 0.684722 0.615625 0.672222
3 0.617969 0.669444 0.648438 0.669444 0.648438 0.7 0.617969 0.7
3 0.613281 0.672222 0.594531 0.688889 0.578125 0.634722 0.596094 0.616667
3 0.58125 0.556944 0.596094 0.579167 0.572656 0.629167 0.557813 0.605556
1 0.6125 0.45 0.639062 0.454167 0.628125 0.647222 0.601562 0.641667
3 0.685156 0.561111 0.657813 0.576389 0.653906 0.551389 0.68125 0.536111
3 0.678125 0.501389 0.703125 0.509722 0.699219 0.541667 0.674219 0.533333
3 0.70625 0.516667 0.729688 0.516667 0.729688 0.544444 0.70625 0.544444
2 0.719531 0.463889 0.732031 0.481944 0.709375 0.529167 0.697656 0.511111
0 0.688281 0.529167 0.701562 0.544444 0.661719 0.65 0.647656 0.633333
0 0.66875 0.341667 0.73125 0.388889 0.723437 0.419444 0.661719 0.372222
0 0.646875 0.251389 0.685937 0.340278 0.672656 0.359722 0.632812 0.270833
0 0.614062 0.183333 0.667969 0.265278 0.658594 0.284722 0.604688 0.202778
2 0.607031 0.136111 0.635156 0.1875 0.624219 0.205556 0.596875 0.154167
0 0.647656 0.327778 0.635156 0.338889 0.594531 0.205556 0.607031 0.193056
0 0.642969 0.3375 0.632031 0.35 0.590625 0.231944 0.601562 0.219444
3 0.584375 0.230556 0.610156 0.269444 0.598437 0.291667 0.573438 0.254167
3 0.609375 0.275 0.632031 0.318056 0.620313 0.3375 0.597656 0.295833
1 0.558594 0.209722 0.639062 0.356944 0.621094 0.3875 0.540625 0.241667
