2 0.603906 0.479167 0.582031 0.481944 0.576562 0.377778 0.598437 0.373611
1 0.655469 0.5 0.621875 0.502778 0.614844 0.247222 0.648438 0.244444
0 0.657031 0.191667 0.675781 0.197222 0.65625 0.408333 0.6375 0.404167
0 0.709375 0.0486111 0.727344 0.0583333 0.694531 0.245833 0.676562 0.234722
0 0.727344 0.140278 0.747656 0.168056 0.679688 0.319444 0.660156 0.291667
1 0.735938 0.165278 0.764844 0.195833 0.696094 0.408333 0.667188 0.379167
2 0.716406 0.0625 0.7375 0.0666667 0.732031 0.152778 0.711719 0.148611
3 0.751563 0.111111 0.791406 0.111111 0.791406 0.154167 0.751563 0.154167
3 0.792188 0.102778 0.811719 0.109722 0.802344 0.190278 0.782813 0.183333
1 0.757031 0.243056 0.875781 0.359722 0.8625 0.402778 0.742969 0.2875
3 0.832812 0.283333 0.867188 0.316667 0.857031 0.347222 0.823438 0.315278
3 0.790625 0.247222 0.827344 0.275 0.81875 0.308333 0.782031 0.281944
0 0.813281 0.220833 0.886719 0.318056 0.872656 0.351389 0.799219 0.254167
0 0.813281 0.186111 0.890625 0.301389 0.875781 0.333333 0.798438 0.216667
2 0.8125 0.127778 0.85 0.165278 0.840625 0.195833 0.803125 0.158333
0 0.824219 0.175 0.900781 0.226389 0.894531 0.254167 0.817969 0.202778
0 0.871094 0.231944 0.944531 0.302778 0.935156 0.331944 0.8625 0.261111
3 0.894531 0.394444 0.864844 0.416667 0.857812 0.384722 0.8875 0.3625
2 0.823438 0.420833 0.807031 0.431944 0.789844 0.358333 0.80625 0.345833
3 0.860938 0.415278 0.83125 0.451389 0.81875 0.416667 0.848437 0.381944
3 0.848437 0.419444 0.865625 0.427778 0.853906 0.494444 0.8375 0.484722
3 0.975 0.563889 0.940625 0.595833 0.930469 0.5625 0.964063 0.529167
3 0.957031 0.494444 0.991406 0.494444 0.991406 0.530556 0.957031 0.530556
1 0.903906 0.6875 0.873437 0.693056 0.863281 0.468056 0.89375 0.463889
0 0.971875 0.520833 0.991406 0.538889 0.951562 0.684722 0.932031 0.668056
0 0.988281 0.705556 0.89375 0.719444 0.892188 0.679167 0.986719 0.666667
3 0.935156 0.7375 0.9 0.744444 0.897656 0.711111 0.933594 0.704167
3 0.860156 0.668056 0.889844 0.720833 0.874219 0.748611 0.844531 0.694444
3 0.829688 0.606944 0.848437 0.622222 0.83125 0.693056 0.8125 0.679167
2 0.775 0.75 0.826562 0.769444 0.822656 0.802778 0.771094 0.784722
2 0.760156 0.808333 0.785937 0.808333 0.785937 0.904167 0.760156 0.904167
0 0.807813 0.723611 0.725 0.848611 0.710938 0.819444 0.79375 0.694444
0 0.790625 0.733333 0.696094 0.841667 0.682813 0.805556 0.778125 0.697222
2 0.749219 0.722222 0.730469 0.744444 0.7 0.665278 0.71875 0.643056
0 0.814063 0.534722 0.827344 0.558333 0.757031 0.680556 0.74375 0.655556
0 0.788281 0.544444 0.803125 0.573611 0.735156 0.683333 0.721094 0.655556
0 0.694531 0.619444 0.598437 0.691667 0.589844 0.655556 0.686719 0.583333
0 0.715625 0.584722 0.621875 0.636111 0.614844 0.595833 0.708594 0.544444
3 0.746094 0.597222 0.704688 0.6375 0.692969 0.601389 0.735156 0.561111
0 0.771875 0.5375 0.784375 0.569444 0.694531 0.684722 0.68125 0.651389
0 0.732031 0.536111 0.624219 0.595833 0.617969 0.561111 0.725781 0.502778
0 0.654687 0.458333 0.757812 0.483333 0.754687 0.523611 0.651563 0.497222
3 0.757031 0.455556 0.775 0.458333 0.770312 0.540278 0.752344 0.536111
2 0.775 0.45 0.790625 0.455556 0.780469 0.540278 0.765625 0.533333
2 0.707031 0.440278 0.759375 0.45 0.757031 0.4875 0.704688 0.477778
