2 0.5375 0.4125 0.558594 0.416667 0.551562 0.530556 0.53125 0.526389
1 0.583594 0.2875 0.614844 0.295833 0.592969 0.568056 0.561719 0.559722
0 0.620313 0.254167 0.64375 0.268056 0.613281 0.440278 0.589844 0.427778
0 0.675 0.131944 0.69375 0.147222 0.653125 0.315278 0.635156 0.301389
0 0.683594 0.233333 0.699219 0.2625 0.627344 0.386111 0.611719 0.358333
1 0.6875 0.259722 0.714063 0.294444 0.635156 0.486111 0.608594 0.452778
2 0.682813 0.156944 0.7 0.1625 0.690625 0.245833 0.673438 0.238889
3 0.700781 0.220833 0.732812 0.220833 0.732812 0.270833 0.700781 0.270833
3 0.732812 0.226389 0.751563 0.240278 0.734375 0.3125 0.715625 0.297222
2 0.749219 0.265278 0.771875 0.316667 0.757812 0.336111 0.735156 0.284722
0 0.748437 0.311111 0.798438 0.384722 0.786719 0.408333 0.736719 0.334722
0 0.816406 0.472222 0.801562 0.490278 0.763281 0.397222 0.778125 0.379167
0 0.794531 0.469444 0.855469 0.516667 0.848437 0.547222 0.786719 0.501389
0 0.785156 0.459722 0.767969 0.475 0.728125 0.336111 0.745313 0.320833
0 0.777344 0.475 0.764062 0.488889 0.725 0.3625 0.738281 0.35
3 0.74375 0.419444 0.767969 0.455556 0.757812 0.476389 0.733594 0.440278
3 0.720313 0.369444 0.744531 0.405556 0.733594 0.427778 0.709375 0.391667
1 0.694531 0.351389 0.774219 0.497222 0.753906 0.530556 0.675 0.386111
3 0.777344 0.519444 0.75625 0.544444 0.749219 0.526389 0.771094 0.5
3 0.746094 0.5125 0.755469 0.538889 0.727344 0.570833 0.717969 0.544444
3 0.742188 0.543056 0.75625 0.552778 0.741406 0.616667 0.727344 0.605556
2 0.703906 0.465278 0.723437 0.465278 0.723437 0.531944 0.703906 0.531944
2 0.642188 0.519444 0.679688 0.555556 0.669531 0.5875 0.632031 0.55
3 0.675781 0.556944 0.691406 0.569444 0.675781 0.634722 0.660156 0.622222
2 0.842187 0.594444 0.853906 0.615278 0.830469 0.654167 0.819531 0.633333
3 0.825781 0.648611 0.85 0.648611 0.85 0.679167 0.825781 0.679167
3 0.800781 0.638889 0.829688 0.65 0.825781 0.681944 0.797656 0.670833
3 0.807813 0.7125 0.78125 0.726389 0.775781 0.693056 0.802344 0.679167
0 0.808594 0.668056 0.825 0.686111 0.784375 0.805556 0.767969 0.788889
0 0.740625 0.8 0.807813 0.8 0.807813 0.830556 0.740625 0.830556
1 0.742188 0.6 0.76875 0.606944 0.755469 0.809722 0.728125 0.802778
3 0.711719 0.718056 0.728125 0.740278 0.704688 0.791667 0.689063 0.770833
3 0.742969 0.836111 0.721875 0.855556 0.703125 0.794444 0.724219 0.773611
3 0.74375 0.822222 0.771875 0.826389 0.769531 0.858333 0.741406 0.852778
3 0.651563 0.681944 0.61875 0.7125 0.607812 0.676389 0.641406 0.645833
0 0.599219 0.525 0.673438 0.584722 0.664062 0.618056 0.590625 0.559722
0 0.65 0.623611 0.551562 0.645833 0.549219 0.608333 0.647656 0.586111
0 0.628906 0.668056 0.544531 0.698611 0.539844 0.661111 0.625 0.630556
0 0.611719 0.694444 0.520312 0.754167 0.5125 0.718056 0.603906 0.658333
0 0.703906 0.641667 0.716406 0.668056 0.653125 0.763889 0.640625 0.7375
0 0.685937 0.663889 0.596094 0.758333 0.586719 0.729167 0.675781 0.634722
0 0.682031 0.645833 0.696094 0.675 0.635156 0.772222 0.620313 0.743056
2 0.641406 0.816667 0.620313 0.827778 0.604688 0.736111 0.625 0.725
0 0.65625 0.786111 0.670312 0.820833 0.589063 0.922222 0.575 0.8875
0 0.670312 0.791667 0.683594 0.820833 0.607812 0.929167 0.594531 0.898611
2 0.653125 0.841667 0.692187 0.8625 0.685156 0.9 0.646875 0.877778
2 0.63125 0.890278 0.654687 0.894444 0.649219 0.991667 0.625781 0.988889
