2 0.660937 0.411111 0.683594 0.423611 0.664062 0.533333 0.642188 0.522222
1 0.7125 0.295833 0.744531 0.313889 0.696875 0.5875 0.664844 0.569444
1 0.797656 0.304167 0.817969 0.336111 0.735938 0.508333 0.715625 0.477778
1 0.825 0.568056 0.799219 0.581944 0.76875 0.408333 0.795312 0.393056
0 0.752344 0.281944 0.769531 0.298611 0.729688 0.429167 0.7125 0.411111
0 0.803906 0.172222 0.817187 0.186111 0.76875 0.345833 0.754687 0.331944
0 0.796094 0.273611 0.810937 0.305556 0.739844 0.413889 0.725 0.381944
2 0.803906 0.193056 0.819531 0.202778 0.805469 0.281944 0.789844 0.273611
3 0.832812 0.280556 0.845313 0.293056 0.824219 0.359722 0.811719 0.348611
3 0.810156 0.263889 0.835938 0.277778 0.828906 0.318056 0.803125 0.304167
0 0.853906 0.543056 0.835156 0.548611 0.824219 0.45 0.842969 0.443056
0 0.817187 0.466667 0.805469 0.475 0.792969 0.423611 0.805469 0.413889
0 0.834375 0.536111 0.871875 0.593056 0.860938 0.616667 0.823438 0.559722
3 0.8125 0.479167 0.822656 0.523611 0.813281 0.529167 0.803906 0.484722
2 0.776563 0.501389 0.79375 0.508333 0.785156 0.579167 0.76875 0.572222
3 0.807031 0.590278 0.785937 0.611111 0.777344 0.583333 0.798438 0.563889
3 0.794531 0.593056 0.805469 0.602778 0.788281 0.659722 0.777344 0.648611
2 0.727344 0.548611 0.754687 0.588889 0.742188 0.616667 0.714063 0.576389
3 0.750781 0.597222 0.760938 0.611111 0.739062 0.666667 0.728906 0.654167
0 0.703906 0.556944 0.746094 0.620833 0.73125 0.65 0.689844 0.5875
0 0.647656 0.620833 0.724219 0.620833 0.724219 0.656944 0.647656 0.656944
0 0.698438 0.6875 0.628125 0.708333 0.625 0.673611 0.695312 0.654167
0 0.685937 0.713889 0.60625 0.756944 0.6 0.722222 0.680469 0.679167
3 0.719531 0.711111 0.685156 0.736111 0.675781 0.697222 0.710156 0.670833
3 0.830469 0.704167 0.848437 0.704167 0.848437 0.734722 0.830469 0.734722
3 0.815625 0.693056 0.836719 0.705556 0.83125 0.733333 0.810937 0.720833
3 0.821094 0.754167 0.795312 0.773611 0.789062 0.747222 0.814844 0.727778
2 0.846094 0.654167 0.858594 0.672222 0.8375 0.715278 0.825781 0.697222
0 0.820312 0.723611 0.83125 0.738889 0.786719 0.845833 0.775781 0.831944
1 0.777344 0.672222 0.802344 0.686111 0.774219 0.847222 0.749219 0.834722
0 0.753906 0.834722 0.802344 0.838889 0.801562 0.869444 0.753125 0.863889
3 0.754687 0.854167 0.774219 0.861111 0.770312 0.893056 0.750781 0.884722
3 0.755469 0.873611 0.732812 0.877778 0.728906 0.819444 0.752344 0.815278
3 0.750781 0.758333 0.761719 0.775 0.736719 0.825 0.726562 0.809722
0 0.753906 0.680556 0.764062 0.702778 0.714063 0.773611 0.703906 0.75
0 0.728906 0.701389 0.741406 0.727778 0.69375 0.794444 0.682031 0.768056
2 0.671094 0.766667 0.692187 0.766667 0.692187 0.845833 0.671094 0.845833
0 0.711719 0.840278 0.639844 0.936111 0.625781 0.902778 0.697656 0.806944
0 0.708594 0.816667 0.720313 0.838889 0.65625 0.95 0.644531 0.927778
2 0.694531 0.868056 0.720313 0.894444 0.710938 0.925 0.685156 0.898611
2 0.66875 0.906944 0.688281 0.918056 0.674219 0.998611 0.654687 0.9875
