2 0.580469 0.740278 0.557031 0.752778 0.540625 0.659722 0.564844 0.645833
1 0.632812 0.7625 0.595313 0.776389 0.564063 0.501389 0.600781 0.488889
0 0.609375 0.433333 0.632031 0.433333 0.632031 0.656944 0.609375 0.656944
0 0.657031 0.247222 0.675781 0.254167 0.651563 0.468056 0.632812 0.461111
0 0.683594 0.343056 0.703906 0.3625 0.644531 0.556944 0.624219 0.5375
2 0.664844 0.2625 0.688281 0.2625 0.688281 0.358333 0.664844 0.358333
1 0.697656 0.372222 0.728906 0.393056 0.675781 0.641667 0.644531 0.620833
1 0.730469 0.436111 0.882031 0.509722 0.872656 0.568056 0.721875 0.493056
3 0.759375 0.326389 0.7125 0.345833 0.707031 0.304167 0.753906 0.284722
3 0.758594 0.265278 0.782031 0.273611 0.771875 0.358333 0.749219 0.351389
2 0.779687 0.283333 0.832812 0.3125 0.826562 0.344444 0.774219 0.316667
0 0.801562 0.336111 0.904687 0.354167 0.902344 0.388889 0.8 0.369444
0 0.866406 0.372222 0.967187 0.408333 0.9625 0.447222 0.861719 0.411111
0 0.795312 0.359722 0.9 0.443056 0.890625 0.476389 0.786719 0.394444
0 0.790625 0.3875 0.894531 0.465278 0.885938 0.497222 0.782813 0.420833
3 0.771875 0.420833 0.816406 0.445833 0.808594 0.491667 0.764062 0.466667
3 0.81875 0.456944 0.861719 0.456944 0.861719 0.502778 0.81875 0.502778
2 0.825 0.597222 0.804688 0.620833 0.778125 0.551389 0.798438 0.526389
3 0.851562 0.55 0.86875 0.576389 0.840625 0.636111 0.823438 0.609722
3 0.892969 0.502778 0.908594 0.531944 0.876563 0.586111 0.860938 0.558333
3 0.857031 0.590278 0.878906 0.597222 0.869531 0.675 0.848437 0.668056
2 0.771094 0.655556 0.790625 0.659722 0.784375 0.763889 0.765625 0.761111
2 0.695312 0.668056 0.749219 0.668056 0.749219 0.705556 0.695312 0.705556
0 0.635156 0.708333 0.749219 0.708333 0.749219 0.747222 0.635156 0.747222
3 0.747656 0.6625 0.772656 0.6625 0.772656 0.751389 0.747656 0.751389
1 0.954688 0.876389 0.917188 0.890278 0.8875 0.630556 0.925 0.616667
0 0.726562 0.773611 0.607031 0.876389 0.596094 0.836111 0.715625 0.733333
0 0.710156 0.826389 0.607812 0.918056 0.598437 0.883333 0.700781 0.791667
0 0.69375 0.872222 0.594531 0.990278 0.582031 0.955556 0.68125 0.8375
3 0.728125 0.794444 0.746875 0.827778 0.710156 0.890278 0.692187 0.856944
0 0.775781 0.758333 0.791406 0.786111 0.698438 0.948611 0.683594 0.922222
0 0.8 0.752778 0.816406 0.779167 0.744531 0.930556 0.728125 0.905556
0 0.824219 0.733333 0.842187 0.759722 0.769531 0.913889 0.752344 0.886111
3 0.850781 0.804167 0.877344 0.819444 0.863281 0.898611 0.836719 0.884722
3 0.896875 0.863889 0.939063 0.915278 0.923438 0.956944 0.88125 0.904167
3 0.995313 0.931944 0.954688 0.945833 0.949219 0.895833 0.989844 0.880556
2 0.764062 0.969444 0.748437 0.998611 0.703906 0.920833 0.719531 0.891667
