3 0.661719 0.390278 0.691406 0.4125 0.664844 0.523611 0.635938 0.501389
2 0.653906 0.468056 0.619531 0.480556 0.60625 0.361111 0.640625 0.35
0 0.535937 0.270833 0.559375 0.309722 0.457031 0.5 0.434375 0.461111
0 0.4625 0.448611 0.35625 0.552778 0.342187 0.508333 0.449219 0.404167
3 0.619531 0.498611 0.646094 0.538889 0.607031 0.620833 0.580469 0.580556
3 0.614844 0.605556 0.642188 0.626389 0.61875 0.726389 0.591406 0.705556
0 0.692187 0.798611 0.6625 0.815278 0.61875 0.576389 0.649219 0.559722
0 0.728906 0.719444 0.750781 0.7625 0.646875 0.925 0.625 0.880556
3 0.678906 0.847222 0.700781 0.8875 0.6625 0.954167 0.640625 0.913889
1 0.488281 0.676389 0.625781 0.891667 0.599219 0.945833 0.461719 0.730556
3 0.573438 0.926389 0.628906 0.926389 0.628906 0.983333 0.573438 0.983333
3 0.557813 0.980556 0.525781 0.998611 0.510156 0.908333 0.542188 0.891667
0 0.463281 0.8875 0.4875 0.8875 0.4875 0.9875 0.463281 0.9875
2 0.45625 0.923611 0.4375 0.954167 0.390625 0.866667 0.409375 0.834722
2 0.399219 0.918056 0.367969 0.961111 0.352344 0.925 0.383594 0.883333
3 0.466406 0.794444 0.445312 0.809722 0.426563 0.730556 0.447656 0.715278
3 0.407031 0.704167 0.432031 0.704167 0.432031 0.784722 0.407031 0.784722
3 0.428906 0.6 0.45625 0.615278 0.439063 0.7125 0.411719 0.697222
1 0.424219 0.698611 0.294531 0.769444 0.282813 0.702778 0.4125 0.631944
2 0.360938 0.729167 0.416406 0.748611 0.411719 0.788889 0.35625 0.769444
3 0.400781 0.648611 0.353125 0.6875 0.341406 0.640278 0.389062 0.601389
3 0.357812 0.683333 0.317969 0.7125 0.305469 0.661111 0.345313 0.631944
0 0.420312 0.6 0.310156 0.656944 0.303125 0.611111 0.413281 0.555556
0 0.41875 0.568056 0.294531 0.623611 0.289062 0.584722 0.413281 0.527778
0 0.363281 0.422222 0.38125 0.458333 0.299219 0.591667 0.28125 0.556944
2 0.307812 0.538889 0.253125 0.558333 0.248438 0.515278 0.303125 0.495833
3 0.235156 0.568056 0.253906 0.590278 0.230469 0.651389 0.211719 0.627778
3 0.277344 0.605556 0.259375 0.627778 0.224219 0.5375 0.242188 0.515278
0 0.255469 0.801389 0.239063 0.819444 0.171875 0.625 0.188281 0.606944
2 0.234375 0.683333 0.216406 0.705556 0.182031 0.615278 0.2 0.593056
0 0.2875 0.866667 0.264844 0.883333 0.21875 0.688889 0.241406 0.672222
1 0.335156 0.908333 0.302344 0.940278 0.232031 0.713889 0.265625 0.681944
0 0.316406 0.95 0.297656 0.977778 0.220312 0.818056 0.239063 0.790278
