0 0.347656 0.025 0.3 0.0805556 0.291406 0.0555556 0.339062 0
3 0.342969 0.147222 0.308594 0.152778 0.30625 0.122222 0.341406 0.115278
3 0.305469 0.173611 0.288281 0.183333 0.277344 0.123611 0.295312 0.113889
0 0.203125 0.176389 0.271875 0.243056 0.264844 0.265278 0.196094 0.198611
0 0.286719 0.361111 0.271875 0.3625 0.264062 0.234722 0.279687 0.231944
0 0.317188 0.351389 0.301563 0.356944 0.285156 0.211111 0.300781 0.204167
3 0.291406 0.295833 0.30625 0.306944 0.29375 0.358333 0.278906 0.347222
0 0.328125 0.243056 0.341406 0.251389 0.317969 0.380556 0.304688 0.373611
3 0.322656 0.323611 0.338281 0.331944 0.328906 0.384722 0.313281 0.376389
0 0.351562 0.238889 0.366406 0.247222 0.342969 0.379167 0.328125 0.370833
3 0.380469 0.206944 0.40625 0.255556 0.39375 0.276389 0.367188 0.227778
3 0.390625 0.15 0.407031 0.154167 0.403125 0.211111 0.3875 0.206944
3 0.460938 0.25 0.45 0.266667 0.428906 0.220833 0.439844 0.205556
2 0.472656 0.244444 0.4625 0.261111 0.438281 0.209722 0.449219 0.194444
2 0.433594 0.340278 0.403906 0.369444 0.396094 0.345833 0.426563 0.315278
0 0.407031 0.3875 0.391406 0.391667 0.377344 0.263889 0.392188 0.259722
2 0.339844 0.370833 0.374219 0.383333 0.371094 0.406944 0.3375 0.394444
2 0.30625 0.373611 0.338281 0.377778 0.3375 0.405556 0.305469 0.401389
3 0.332813 0.4 0.359375 0.425 0.352344 0.448611 0.325781 0.422222
2 0.298438 0.366667 0.311719 0.376389 0.297656 0.434722 0.284375 0.423611
0 0.307812 0.301389 0.320312 0.313889 0.284375 0.430556 0.271875 0.419444
2 0.379688 0.447222 0.35 0.463889 0.346094 0.443056 0.376563 0.426389
0 0.427344 0.515278 0.415625 0.527778 0.374219 0.406944 0.385156 0.394444
2 0.388281 0.493056 0.376563 0.511111 0.355469 0.465278 0.367188 0.448611
3 0.35 0.498611 0.366406 0.525 0.357812 0.543056 0.340625 0.516667
3 0.305469 0.409722 0.328906 0.431944 0.321094 0.456944 0.297656 0.434722
0 0.320312 0.486111 0.308594 0.505556 0.251563 0.406944 0.2625 0.3875
0 0.279687 0.451389 0.267969 0.465278 0.227344 0.358333 0.238281 0.344444
2 0.245312 0.402778 0.267969 0.444444 0.257031 0.461111 0.235156 0.420833
3 0.271094 0.479167 0.260156 0.5 0.238281 0.461111 0.248438 0.440278
3 0.264844 0.451389 0.295312 0.456944 0.292969 0.484722 0.263281 0.480556
3 0.272656 0.472222 0.285156 0.491667 0.267969 0.527778 0.25625 0.508333
0 0.246875 0.477778 0.235937 0.481944 0.221875 0.356944 0.232813 0.352778
0 0.202344 0.275 0.216406 0.276389 0.213281 0.398611 0.199219 0.397222
1 0.127344 0.433333 0.216406 0.433333 0.216406 0.476389 0.127344 0.476389
3 0.332031 0.543056 0.305469 0.556944 0.301563 0.534722 0.328125 0.519444
3 0.342187 0.563889 0.315625 0.573611 0.3125 0.55 0.339844 0.540278
2 0.346094 0.523611 0.366406 0.555556 0.357031 0.575 0.336719 0.543056
0 0.423438 0.526389 0.43125 0.548611 0.375 0.616667 0.367188 0.594444
1 0.439844 0.594444 0.367188 0.648611 0.359375 0.615278 0.43125 0.559722
1 0.349219 0.597222 0.36875 0.608333 0.342969 0.754167 0.324219 0.743056
0 0.3125 0.704167 0.324219 0.722222 0.296094 0.780556 0.284375 0.763889
