0 0.564844 0.0513889 0.650781 0.179167 0.634375 0.213889 0.548438 0.0861111
0 0.547656 0.188889 0.564844 0.198611 0.538281 0.35 0.521094 0.341667
0 0.573438 0.454167 0.557031 0.455556 0.55 0.301389 0.566406 0.298611
2 0.602344 0.422222 0.589063 0.438889 0.565625 0.377778 0.578906 0.361111
3 0.601562 0.4625 0.586719 0.480556 0.566406 0.426389 0.58125 0.408333
3 0.601562 0.426389 0.634375 0.451389 0.626563 0.483333 0.59375 0.459722
3 0.615625 0.479167 0.591406 0.522222 0.577344 0.497222 0.600781 0.454167
0 0.614844 0.433333 0.603125 0.444444 0.560156 0.302778 0.571875 0.291667
0 0.658594 0.4875 0.644531 0.504167 0.592187 0.366667 0.60625 0.35
3 0.66875 0.245833 0.684375 0.269444 0.65625 0.329167 0.640625 0.304167
0 0.639844 0.159722 0.655469 0.163889 0.642188 0.327778 0.627344 0.323611
0 0.674219 0.130556 0.694531 0.131944 0.688281 0.330556 0.66875 0.329167
0 0.728906 0.184722 0.74375 0.202778 0.682031 0.363889 0.667188 0.344444
3 0.703906 0.291667 0.721094 0.3125 0.697656 0.372222 0.68125 0.351389
0 0.7625 0.180556 0.778125 0.2 0.714063 0.365278 0.698438 0.347222
3 0.686719 0.0152778 0.707031 0.0152778 0.707031 0.0888889 0.686719 0.0888889
3 0.722656 0.0166667 0.771094 0.0166667 0.771094 0.0611111 0.722656 0.0611111
3 0.835156 0.229167 0.815625 0.247222 0.79375 0.176389 0.813281 0.156944
2 0.664062 0.35 0.710156 0.366667 0.70625 0.398611 0.660937 0.383333
2 0.714063 0.358333 0.758594 0.381944 0.753125 0.4125 0.708594 0.388889
0 0.669531 0.284722 0.684375 0.311111 0.627344 0.413889 0.6125 0.3875
2 0.660156 0.336111 0.673438 0.358333 0.642969 0.415278 0.629687 0.391667
3 0.685937 0.440278 0.672656 0.466667 0.64375 0.416667 0.657813 0.391667
2 0.709375 0.454167 0.696094 0.473611 0.666406 0.411111 0.680469 0.391667
2 0.753125 0.470833 0.705469 0.480556 0.703125 0.447222 0.751563 0.4375
3 0.695312 0.3875 0.725 0.431944 0.713281 0.456944 0.682813 0.4125
2 0.702344 0.484722 0.665625 0.519444 0.657813 0.493056 0.69375 0.458333
3 0.717969 0.5625 0.704688 0.579167 0.688281 0.536111 0.702344 0.519444
3 0.632812 0.5375 0.66875 0.5375 0.66875 0.563889 0.632812 0.563889
3 0.642969 0.563889 0.68125 0.563889 0.68125 0.588889 0.642969 0.588889
2 0.713281 0.583333 0.700781 0.606944 0.675781 0.563889 0.688281 0.540278
3 0.844531 0.0736111 0.865625 0.0888889 0.847656 0.161111 0.827344 0.145833
3 0.925 0.251389 0.900781 0.269444 0.882812 0.191667 0.90625 0.173611
2 0.941406 0.240278 0.921875 0.255556 0.900781 0.170833 0.921094 0.155556
2 0.85625 0.352778 0.805469 0.370833 0.801562 0.331944 0.852344 0.313889
2 0.85 0.341667 0.859375 0.359722 0.821875 0.425 0.811719 0.406944
0 0.789844 0.229167 0.807813 0.230556 0.803906 0.404167 0.785937 0.402778
0 0.808594 0.573611 0.790625 0.584722 0.757031 0.415278 0.775 0.404167
0 0.803125 0.611111 0.709375 0.6625 0.703906 0.629167 0.797656 0.577778
3 0.830469 0.658333 0.814063 0.668056 0.803125 0.605556 0.820312 0.597222
1 0.810937 0.673611 0.7 0.690278 0.696875 0.641667 0.807813 0.625
1 0.427344 0.361111 0.535156 0.390278 0.530469 0.438889 0.423438 0.409722
0 0.625781 0.761111 0.5875 0.8 0.578125 0.770833 0.615625 0.730556
